Chamber	Time	Logtime_min	OxyPercent_airsat	Phase	Amp	TempC	per_air-sat	per_oxygen	pO2_hPa	pO2_Torr	cO2_mg_L	cO2_umol_L	Salinity	chlorinity	SalCorcO2_mg_L	SalCorcO2_umol_L
7	6:51:32	0.00	96.070	26.710	15434.000	29.000	96.497786	20.2162863	196.672151	147.516652	7.40892687	231.528965	36	19.8171745	5.97030910	186.572159
7	6:51:32	0.01	96.040	26.710	15407.000	29.000	96.497786	20.2162863	196.672151	147.516652	7.40892687	231.528965	36	19.8171745	5.97030910	186.572159
7	6:51:40	0.14	95.800	26.740	15443.000	29.000	96.220569	20.1582093	196.107155	147.092869	7.38764264	230.863833	36	19.8171745	5.95315771	186.036178
7	6:51:55	0.39	95.830	26.740	15451.000	29.000	96.220569	20.1582093	196.107155	147.092869	7.38764264	230.863833	36	19.8171745	5.95315771	186.036178
7	6:52:10	0.64	96.470	26.670	15420.000	29.000	96.868955	20.2940462	197.428631	148.084060	7.43742456	232.419517	36	19.8171745	5.99327329	187.289790
7	6:52:25	0.89	96.510	26.660	15416.000	29.000	96.962025	20.3135442	197.618316	148.226336	7.44457027	232.642821	36	19.8171745	5.99903149	187.469734
7	6:52:40	1.14	95.300	26.790	15440.000	29.000	95.760736	20.0618742	195.169969	146.389920	7.35233748	229.760546	36	19.8171745	5.92470787	185.147121
7	6:52:55	1.39	95.780	26.740	15398.000	29.000	96.220569	20.1582093	196.107155	147.092869	7.38764264	230.863833	36	19.8171745	5.95315771	186.036178
7	6:53:10	1.64	96.340	26.680	15401.000	29.000	96.775997	20.2745714	197.239172	147.941954	7.43028738	232.196481	36	19.8171745	5.98752196	187.110061
7	6:53:25	1.89	95.590	26.760	15416.000	29.000	96.036308	20.1196065	195.731611	146.811188	7.37349536	230.421730	36	19.8171745	5.94175745	185.679920
7	6:53:40	2.14	96.660	26.650	15396.000	29.000	97.055206	20.3330656	197.808227	148.368782	7.45172452	232.866391	36	19.8171745	6.00479658	187.649893
7	6:53:55	2.39	96.800	26.630	15408.000	29.000	97.241902	20.3721784	198.188732	148.654185	7.46605869	233.314334	36	19.8171745	6.01634743	188.010857
7	6:54:10	2.64	96.750	26.640	15404.000	29.000	97.148498	20.3526103	197.998366	148.511398	7.45888732	233.090229	36	19.8171745	6.01056855	187.830267
7	6:54:25	2.89	96.550	26.660	15367.000	29.000	96.962025	20.3135442	197.618316	148.226336	7.44457027	232.642821	36	19.8171745	5.99903149	187.469734
7	6:54:40	3.14	96.650	26.650	15401.000	29.000	97.055206	20.3330656	197.808227	148.368782	7.45172452	232.866391	36	19.8171745	6.00479658	187.649893
7	6:54:55	3.39	95.950	26.720	15389.000	29.000	96.405271	20.1969042	196.483595	147.375223	7.40182367	231.306990	36	19.8171745	5.96458516	186.393286
7	6:55:10	3.64	96.700	26.640	15393.000	29.000	97.148498	20.3526103	197.998366	148.511398	7.45888732	233.090229	36	19.8171745	6.01056855	187.830267
7	6:55:25	3.89	95.820	26.740	15421.000	29.000	96.220569	20.1582093	196.107155	147.092869	7.38764264	230.863833	36	19.8171745	5.95315771	186.036178
7	6:55:40	4.14	97.060	26.600	15401.000	29.000	97.522784	20.4310232	198.761199	149.083571	7.48762434	233.988261	36	19.8171745	6.03372561	188.553925
7	6:55:55	4.39	95.670	26.750	15403.000	29.000	96.128384	20.1388964	195.919272	146.951945	7.38056479	230.642650	36	19.8171745	5.94745419	185.857943
7	6:56:10	4.64	95.950	26.720	15383.000	29.000	96.405271	20.1969042	196.483595	147.375223	7.40182367	231.306990	36	19.8171745	5.96458516	186.393286
7	6:56:25	4.89	96.870	26.620	15384.000	29.000	97.335417	20.3917699	198.379326	148.797143	7.47323864	233.538708	36	19.8171745	6.02213323	188.191663
7	6:56:40	5.14	96.550	26.660	15395.000	29.000	96.962025	20.3135442	197.618316	148.226336	7.44457027	232.642821	36	19.8171745	5.99903149	187.469734
7	6:56:55	5.39	95.390	26.790	15406.000	29.000	95.760736	20.0618742	195.169969	146.389920	7.35233748	229.760546	36	19.8171745	5.92470787	185.147121
7	6:57:10	5.64	96.060	26.710	15398.000	29.000	96.497786	20.2162863	196.672151	147.516652	7.40892687	231.528965	36	19.8171745	5.97030910	186.572159
7	6:57:25	5.89	95.680	26.750	15387.000	29.000	96.128384	20.1388964	195.919272	146.951945	7.38056479	230.642650	36	19.8171745	5.94745419	185.857943
7	6:57:40	6.14	95.460	26.780	15389.000	29.000	95.852484	20.0810954	195.356961	146.530175	7.35938171	229.980679	36	19.8171745	5.93038431	185.324510
7	6:57:55	6.39	96.810	26.630	15405.000	29.000	97.241902	20.3721784	198.188732	148.654185	7.46605869	233.314334	36	19.8171745	6.01634743	188.010857
7	6:58:10	6.64	96.430	26.670	15362.000	29.000	96.868955	20.2940462	197.428631	148.084060	7.43742456	232.419517	36	19.8171745	5.99327329	187.289790
7	6:58:25	6.89	96.120	26.710	15350.000	29.000	96.497786	20.2162863	196.672151	147.516652	7.40892687	231.528965	36	19.8171745	5.97030910	186.572159
7	6:58:40	7.14	96.330	26.680	15363.000	29.000	96.775997	20.2745714	197.239172	147.941954	7.43028738	232.196481	36	19.8171745	5.98752196	187.110061
7	6:58:55	7.39	96.470	26.670	15356.000	29.000	96.868955	20.2940462	197.428631	148.084060	7.43742456	232.419517	36	19.8171745	5.99327329	187.289790
7	6:59:10	7.64	96.540	26.660	15368.000	29.000	96.962025	20.3135442	197.618316	148.226336	7.44457027	232.642821	36	19.8171745	5.99903149	187.469734
7	6:59:25	7.89	96.550	26.660	15369.000	29.000	96.962025	20.3135442	197.618316	148.226336	7.44457027	232.642821	36	19.8171745	5.99903149	187.469734
7	6:59:40	8.14	96.510	26.660	15365.000	29.000	96.962025	20.3135442	197.618316	148.226336	7.44457027	232.642821	36	19.8171745	5.99903149	187.469734
7	6:59:55	8.39	95.050	26.820	15356.000	29.000	95.486146	20.0043476	194.610327	145.970153	7.33125493	229.101717	36	19.8171745	5.90771900	184.616219
7	7:00:10	8.64	95.770	26.740	15361.000	29.000	96.220569	20.1582093	196.107155	147.092869	7.38764264	230.863833	36	19.8171745	5.95315771	186.036178
7	7:00:25	8.89	95.890	26.730	15369.000	29.000	96.312865	20.1775452	196.295263	147.233962	7.39472893	231.085279	36	19.8171745	5.95886803	186.214626
7	7:00:40	9.14	95.850	26.730	15355.000	29.000	96.312865	20.1775452	196.295263	147.233962	7.39472893	231.085279	36	19.8171745	5.95886803	186.214626
7	7:00:55	9.39	96.610	26.650	15361.000	29.000	97.055206	20.3330656	197.808227	148.368782	7.45172452	232.866391	36	19.8171745	6.00479658	187.649893
7	7:01:10	9.64	96.320	26.680	15372.000	29.000	96.775997	20.2745714	197.239172	147.941954	7.43028738	232.196481	36	19.8171745	5.98752196	187.110061
7	7:01:25	9.89	96.550	26.660	15367.000	29.000	96.962025	20.3135442	197.618316	148.226336	7.44457027	232.642821	36	19.8171745	5.99903149	187.469734
7	7:01:40	10.14	96.260	26.690	15325.000	29.000	96.683149	20.2551198	197.049940	147.800018	7.42315871	231.973710	36	19.8171745	5.98177750	186.930547
7	7:01:55	10.39	95.830	26.740	15342.000	29.000	96.220569	20.1582093	196.107155	147.092869	7.38764264	230.863833	36	19.8171745	5.95315771	186.036178
7	7:02:10	10.64	96.810	26.630	15322.000	29.000	97.241902	20.3721784	198.188732	148.654185	7.46605869	233.314334	36	19.8171745	6.01634743	188.010857
7	7:02:25	10.89	96.810	26.630	15353.000	29.000	97.241902	20.3721784	198.188732	148.654185	7.46605869	233.314334	36	19.8171745	6.01634743	188.010857
7	7:02:40	11.14	95.950	26.720	15322.000	29.000	96.405271	20.1969042	196.483595	147.375223	7.40182367	231.306990	36	19.8171745	5.96458516	186.393286
7	7:02:55	11.39	96.040	26.710	15335.000	29.000	96.497786	20.2162863	196.672151	147.516652	7.40892687	231.528965	36	19.8171745	5.97030910	186.572159
7	7:03:10	11.64	96.060	26.710	15325.000	29.000	96.497786	20.2162863	196.672151	147.516652	7.40892687	231.528965	36	19.8171745	5.97030910	186.572159
7	7:03:25	11.89	96.810	26.630	15321.000	29.000	97.241902	20.3721784	198.188732	148.654185	7.46605869	233.314334	36	19.8171745	6.01634743	188.010857
7	7:03:40	12.14	96.030	26.720	15341.000	29.000	96.405271	20.1969042	196.483595	147.375223	7.40182367	231.306990	36	19.8171745	5.96458516	186.393286
7	7:03:55	12.39	95.400	26.780	15301.000	29.000	95.852484	20.0810954	195.356961	146.530175	7.35938171	229.980679	36	19.8171745	5.93038431	185.324510
7	7:04:10	12.64	95.480	26.780	15319.000	29.000	95.852484	20.0810954	195.356961	146.530175	7.35938171	229.980679	36	19.8171745	5.93038431	185.324510
7	7:04:25	12.89	95.530	26.770	15327.000	29.000	95.944341	20.1003395	195.544175	146.670598	7.36643434	230.201073	36	19.8171745	5.93606750	185.502109
7	7:04:40	13.14	95.930	26.730	15330.000	29.000	96.312865	20.1775452	196.295263	147.233962	7.39472893	231.085279	36	19.8171745	5.95886803	186.214626
7	7:04:55	13.39	96.860	26.630	15338.000	29.000	97.241902	20.3721784	198.188732	148.654185	7.46605869	233.314334	36	19.8171745	6.01634743	188.010857
7	7:05:10	13.64	95.830	26.740	15329.000	29.000	96.220569	20.1582093	196.107155	147.092869	7.38764264	230.863833	36	19.8171745	5.95315771	186.036178
7	7:05:25	13.89	95.330	26.790	15340.000	29.000	95.760736	20.0618742	195.169969	146.389920	7.35233748	229.760546	36	19.8171745	5.92470787	185.147121
7	7:05:40	14.14	96.600	26.650	15332.000	29.000	97.055206	20.3330656	197.808227	148.368782	7.45172452	232.866391	36	19.8171745	6.00479658	187.649893
7	7:05:55	14.39	96.100	26.710	15312.000	29.000	96.497786	20.2162863	196.672151	147.516652	7.40892687	231.528965	36	19.8171745	5.97030910	186.572159
7	7:06:10	14.64	95.900	26.730	15320.000	29.000	96.312865	20.1775452	196.295263	147.233962	7.39472893	231.085279	36	19.8171745	5.95886803	186.214626
7	7:06:25	14.89	96.000	26.720	15318.000	29.000	96.405271	20.1969042	196.483595	147.375223	7.40182367	231.306990	36	19.8171745	5.96458516	186.393286
7	7:06:40	15.14	96.870	26.620	15305.000	29.000	97.335417	20.3917699	198.379326	148.797143	7.47323864	233.538708	36	19.8171745	6.02213323	188.191663
7	7:06:55	15.39	96.430	26.670	15328.000	29.000	96.868955	20.2940462	197.428631	148.084060	7.43742456	232.419517	36	19.8171745	5.99327329	187.289790
7	7:07:10	15.64	95.580	26.760	15306.000	29.000	96.036308	20.1196065	195.731611	146.811188	7.37349536	230.421730	36	19.8171745	5.94175745	185.679920
7	7:07:25	15.89	96.220	26.690	15311.000	29.000	96.683149	20.2551198	197.049940	147.800018	7.42315871	231.973710	36	19.8171745	5.98177750	186.930547
7	7:07:40	16.14	96.300	26.690	15312.000	29.000	96.683149	20.2551198	197.049940	147.800018	7.42315871	231.973710	36	19.8171745	5.98177750	186.930547
7	7:07:55	16.39	95.630	26.760	15300.000	29.000	96.036308	20.1196065	195.731611	146.811188	7.37349536	230.421730	36	19.8171745	5.94175745	185.679920
7	7:08:10	16.64	95.590	26.760	15301.000	29.000	96.036308	20.1196065	195.731611	146.811188	7.37349536	230.421730	36	19.8171745	5.94175745	185.679920
7	7:08:25	16.89	96.100	26.710	15297.000	29.000	96.497786	20.2162863	196.672151	147.516652	7.40892687	231.528965	36	19.8171745	5.97030910	186.572159
7	7:08:40	17.14	95.510	26.770	15284.000	29.000	95.944341	20.1003395	195.544175	146.670598	7.36643434	230.201073	36	19.8171745	5.93606750	185.502109
7	7:08:55	17.39	96.510	26.660	15310.000	29.000	96.962025	20.3135442	197.618316	148.226336	7.44457027	232.642821	36	19.8171745	5.99903149	187.469734
7	7:09:10	17.64	96.050	26.710	15277.000	29.000	96.497786	20.2162863	196.672151	147.516652	7.40892687	231.528965	36	19.8171745	5.97030910	186.572159
7	7:09:25	17.89	95.610	26.760	15312.000	29.000	96.036308	20.1196065	195.731611	146.811188	7.37349536	230.421730	36	19.8171745	5.94175745	185.679920
7	7:09:40	18.14	95.540	26.770	15288.000	29.000	95.944341	20.1003395	195.544175	146.670598	7.36643434	230.201073	36	19.8171745	5.93606750	185.502109
7	7:09:55	18.39	95.800	26.740	15306.000	29.000	96.220569	20.1582093	196.107155	147.092869	7.38764264	230.863833	36	19.8171745	5.95315771	186.036178
7	7:10:10	18.64	96.370	26.680	15297.000	29.000	96.775997	20.2745714	197.239172	147.941954	7.43028738	232.196481	36	19.8171745	5.98752196	187.110061
7	7:10:25	18.89	95.770	26.740	15313.000	29.000	96.220569	20.1582093	196.107155	147.092869	7.38764264	230.863833	36	19.8171745	5.95315771	186.036178
7	7:10:40	19.14	95.840	26.740	15295.000	29.000	96.220569	20.1582093	196.107155	147.092869	7.38764264	230.863833	36	19.8171745	5.95315771	186.036178
7	7:10:55	19.39	96.070	26.710	15298.000	29.000	96.497786	20.2162863	196.672151	147.516652	7.40892687	231.528965	36	19.8171745	5.97030910	186.572159
7	7:11:10	19.64	95.830	26.740	15306.000	29.000	96.220569	20.1582093	196.107155	147.092869	7.38764264	230.863833	36	19.8171745	5.95315771	186.036178
7	7:11:25	19.89	96.520	26.660	15299.000	29.000	96.962025	20.3135442	197.618316	148.226336	7.44457027	232.642821	36	19.8171745	5.99903149	187.469734
7	7:11:40	20.14	96.810	26.630	15287.000	29.000	97.241902	20.3721784	198.188732	148.654185	7.46605869	233.314334	36	19.8171745	6.01634743	188.010857
7	7:11:55	20.39	96.240	26.690	15284.000	29.000	96.683149	20.2551198	197.049940	147.800018	7.42315871	231.973710	36	19.8171745	5.98177750	186.930547
7	7:12:10	20.64	95.940	26.730	15295.000	29.000	96.312865	20.1775452	196.295263	147.233962	7.39472893	231.085279	36	19.8171745	5.95886803	186.214626
7	7:12:25	20.89	96.000	26.720	15298.000	29.000	96.405271	20.1969042	196.483595	147.375223	7.40182367	231.306990	36	19.8171745	5.96458516	186.393286
7	7:12:40	21.14	96.550	26.660	15320.000	29.000	96.962025	20.3135442	197.618316	148.226336	7.44457027	232.642821	36	19.8171745	5.99903149	187.469734
7	7:12:55	21.39	96.490	26.670	15288.000	29.000	96.868955	20.2940462	197.428631	148.084060	7.43742456	232.419517	36	19.8171745	5.99327329	187.289790
7	7:13:10	21.64	95.940	26.730	15284.000	29.000	96.312865	20.1775452	196.295263	147.233962	7.39472893	231.085279	36	19.8171745	5.95886803	186.214626
7	7:13:25	21.89	96.660	26.650	15285.000	29.000	97.055206	20.3330656	197.808227	148.368782	7.45172452	232.866391	36	19.8171745	6.00479658	187.649893
7	7:13:40	22.14	96.750	26.640	15256.000	29.000	97.148498	20.3526103	197.998366	148.511398	7.45888732	233.090229	36	19.8171745	6.01056855	187.830267
7	7:13:55	22.39	96.290	26.690	15264.000	29.000	96.683149	20.2551198	197.049940	147.800018	7.42315871	231.973710	36	19.8171745	5.98177750	186.930547
7	7:14:10	22.64	95.810	26.740	15275.000	29.000	96.220569	20.1582093	196.107155	147.092869	7.38764264	230.863833	36	19.8171745	5.95315771	186.036178
7	7:14:25	22.89	96.250	26.690	15242.000	29.000	96.683149	20.2551198	197.049940	147.800018	7.42315871	231.973710	36	19.8171745	5.98177750	186.930547
7	7:14:40	23.14	96.220	26.690	15276.000	29.000	96.683149	20.2551198	197.049940	147.800018	7.42315871	231.973710	36	19.8171745	5.98177750	186.930547
7	7:14:55	23.39	95.680	26.750	15152.000	29.000	96.128384	20.1388964	195.919272	146.951945	7.38056479	230.642650	36	19.8171745	5.94745419	185.857943
