Chamber	Time	Logtime_min	OxyPercent_airsat	Phase	Amp	TempC	per_air-sat	per_oxygen	pO2_hPa	pO2_Torr	cO2_mg_L	cO2_umol_L	Salinity	chlorinity	SalCorcO2_mg_L	SalCorcO2_umol_L
1	6:51:26	0.00	87.280	27.760	15146.000	29.000	87.354876	18.3008466	178.037985	133.539840	6.70695064	209.592207	36	19.8171745	5.40463810	168.894941
1	6:51:36	0.17	87.260	27.770	15131.000	29.000	87.273057	18.2837055	177.871230	133.414762	6.70066872	209.395897	36	19.8171745	5.39957596	168.736749
1	6:51:51	0.42	86.890	27.810	15146.000	29.000	86.946718	18.2153375	177.206118	132.915887	6.67561300	208.612906	36	19.8171745	5.37938541	168.105794
1	6:52:06	0.67	87.540	27.730	15216.000	29.000	87.600898	18.3523882	178.539402	133.915934	6.72583975	210.182492	36	19.8171745	5.41985945	169.370608
1	6:52:21	0.92	86.230	27.890	15207.000	29.000	86.298510	18.0795379	175.885005	131.924968	6.62584475	207.057648	36	19.8171745	5.33928083	166.852526
1	6:52:36	1.17	87.240	27.770	15211.000	29.000	87.273057	18.2837055	177.871230	133.414762	6.70066872	209.395897	36	19.8171745	5.39957596	168.736749
1	6:52:51	1.42	86.880	27.810	15241.000	29.000	86.946718	18.2153375	177.206118	132.915887	6.67561300	208.612906	36	19.8171745	5.37938541	168.105794
1	6:53:06	1.67	85.840	27.940	15246.000	29.000	85.896381	17.9952918	175.065425	131.310230	6.59496996	206.092811	36	19.8171745	5.31440111	166.075035
1	6:53:21	1.92	86.390	27.870	15297.000	29.000	86.460006	18.1133713	176.214150	132.171847	6.63824413	207.445129	36	19.8171745	5.34927258	167.164768
1	6:53:36	2.17	85.750	27.950	15298.000	29.000	85.816230	17.9785002	174.902069	131.187703	6.58881612	205.900504	36	19.8171745	5.30944219	165.920068
1	6:53:51	2.42	85.870	27.940	15338.000	29.000	85.896381	17.9952918	175.065425	131.310230	6.59496996	206.092811	36	19.8171745	5.31440111	166.075035
1	6:54:06	2.67	85.670	27.960	15332.000	29.000	85.736170	17.9617277	174.738900	131.065316	6.58266930	205.708416	36	19.8171745	5.30448891	165.765278
1	6:54:21	2.92	85.750	27.950	15344.000	29.000	85.816230	17.9785002	174.902069	131.187703	6.58881612	205.900504	36	19.8171745	5.30944219	165.920068
1	6:54:36	3.17	86.020	27.920	15375.000	29.000	86.056957	18.0289325	175.392696	131.555704	6.60729873	206.478085	36	19.8171745	5.32433596	166.385499
1	6:54:51	3.42	85.450	27.990	15406.000	29.000	85.496539	17.9115248	174.250507	130.698989	6.56427080	205.133462	36	19.8171745	5.28966291	165.301966
1	6:55:06	3.67	84.060	28.170	15425.000	29.000	84.075782	17.6138763	171.354862	128.527071	6.45518764	201.724614	36	19.8171745	5.20176083	162.555026
1	6:55:21	3.92	85.120	28.030	15447.000	29.000	85.178300	17.8448539	173.601905	130.212497	6.53983702	204.369907	36	19.8171745	5.26997353	164.686673
1	6:55:36	4.17	85.020	28.040	15443.000	29.000	85.098966	17.8282335	173.440215	130.091219	6.53374593	204.179560	36	19.8171745	5.26506517	164.533286
1	6:55:51	4.42	84.750	28.080	15472.000	29.000	84.782532	17.7619404	172.795290	129.607484	6.50945065	203.420333	36	19.8171745	5.24548739	163.921481
1	6:56:06	4.67	84.870	28.060	15504.000	29.000	84.940569	17.7950493	173.117386	129.849077	6.52158449	203.799515	36	19.8171745	5.25526516	164.227036
1	6:56:21	4.92	85.090	28.040	15499.000	29.000	85.098966	17.8282335	173.440215	130.091219	6.53374593	204.179560	36	19.8171745	5.26506517	164.533286
1	6:56:36	5.17	84.450	28.120	15538.000	29.000	84.467531	17.6959477	172.153286	129.125940	6.48526542	202.664544	36	19.8171745	5.22599829	163.312447
1	6:56:51	5.42	83.770	28.200	15561.000	29.000	83.841794	17.5648559	170.877972	128.169373	6.43722249	201.163203	36	19.8171745	5.18728403	162.102626
1	6:57:06	5.67	84.330	28.130	15609.000	29.000	84.389003	17.6794962	171.993239	129.005895	6.47923623	202.476132	36	19.8171745	5.22113982	163.160619
1	6:57:21	5.92	83.620	28.220	15627.000	29.000	83.686242	17.5322678	170.560942	127.931581	6.42527951	200.789985	36	19.8171745	5.17766006	161.801877
1	6:57:36	6.17	83.460	28.240	15651.000	29.000	83.531042	17.4997532	170.244627	127.694324	6.41336348	200.417609	36	19.8171745	5.16805781	161.501807
1	6:57:51	6.42	82.770	28.330	15667.000	29.000	82.836953	17.3543416	168.830004	126.633267	6.36007256	198.752268	36	19.8171745	5.12511458	160.159831
1	6:58:06	6.67	82.800	28.330	15696.000	29.000	82.836953	17.3543416	168.830004	126.633267	6.36007256	198.752268	36	19.8171745	5.12511458	160.159831
1	6:58:21	6.92	83.390	28.250	15692.000	29.000	83.453573	17.4835235	170.086737	127.575897	6.40741554	200.231736	36	19.8171745	5.16326480	161.352025
1	6:58:36	7.17	82.670	28.350	15684.000	29.000	82.683663	17.3222274	168.517585	126.398932	6.34830327	198.384477	36	19.8171745	5.11563057	159.863455
1	6:58:51	7.42	83.060	28.300	15739.000	29.000	83.067534	17.4026484	169.299953	126.985758	6.37777622	199.305507	36	19.8171745	5.13938065	160.605645
1	6:59:06	7.67	81.860	28.450	15736.000	29.000	81.922357	17.1627338	166.965967	125.235120	6.28985156	196.557861	36	19.8171745	5.06852864	158.391520
1	6:59:21	7.92	82.560	28.360	15761.000	29.000	82.607147	17.3061974	168.361638	126.281963	6.34242854	198.200892	36	19.8171745	5.11089656	159.715517
1	6:59:36	8.17	82.960	28.310	15781.000	29.000	82.990587	17.3865280	169.143127	126.868129	6.37186836	199.120886	36	19.8171745	5.13461994	160.456873
1	6:59:51	8.42	81.980	28.440	15805.000	29.000	81.998104	17.1786028	167.120347	125.350915	6.29566729	196.739603	36	19.8171745	5.07321511	158.537972
1	7:00:06	8.67	82.120	28.420	15797.000	29.000	82.149853	17.2103942	167.429627	125.582895	6.30731830	197.103697	36	19.8171745	5.08260380	158.831369
1	7:00:21	8.92	82.720	28.340	15853.000	29.000	82.760265	17.3382755	168.673707	126.516034	6.35418461	198.568269	36	19.8171745	5.12036991	160.011560
1	7:00:36	9.17	82.270	28.400	15836.000	29.000	82.301943	17.2422570	167.739600	125.815395	6.31899546	197.468608	36	19.8171745	5.09201356	159.125424
1	7:00:51	9.42	81.960	28.440	15880.000	29.000	81.998104	17.1786028	167.120347	125.350915	6.29566729	196.739603	36	19.8171745	5.07321511	158.537972
1	7:01:06	9.67	81.260	28.530	15913.000	29.000	81.319421	17.0364187	165.737123	124.313409	6.24355923	195.111226	36	19.8171745	5.03122505	157.225783
1	7:01:21	9.92	81.200	28.540	15900.000	29.000	81.244432	17.0207086	165.584289	124.198773	6.23780172	194.931304	36	19.8171745	5.02658551	157.080797
1	7:01:36	10.17	81.100	28.550	15929.000	29.000	81.169527	17.0050160	165.431624	124.084265	6.23205064	194.751583	36	19.8171745	5.02195113	156.935973
1	7:01:51	10.42	80.720	28.600	15954.000	29.000	80.796252	16.9268147	164.670851	123.513637	6.20339121	193.855975	36	19.8171745	4.99885661	156.214269
1	7:02:06	10.67	81.500	28.500	15958.000	29.000	81.544891	17.0836546	166.196652	124.658085	6.26087036	195.652199	36	19.8171745	5.04517482	157.661713
1	7:02:21	10.92	80.720	28.610	15974.000	29.000	80.721846	16.9112267	164.519205	123.399892	6.19767846	193.677452	36	19.8171745	4.99425312	156.070410
1	7:02:36	11.17	80.670	28.610	15994.000	29.000	80.721846	16.9112267	164.519205	123.399892	6.19767846	193.677452	36	19.8171745	4.99425312	156.070410
1	7:02:51	11.42	79.740	28.740	16010.000	29.000	79.762056	16.7101506	162.563056	121.932656	6.12398749	191.374609	36	19.8171745	4.93487099	154.214718
1	7:03:06	11.67	80.010	28.700	16023.000	29.000	80.055902	16.7717115	163.161944	122.381861	6.14654849	192.079640	36	19.8171745	4.95305123	154.782851
1	7:03:21	11.92	80.620	28.620	16062.000	29.000	80.647523	16.8956560	164.367726	123.286274	6.19197206	193.499127	36	19.8171745	4.98965475	155.926711
1	7:03:36	12.17	80.410	28.650	16084.000	29.000	80.425048	16.8490476	163.914302	122.946177	6.17489089	192.965340	36	19.8171745	4.97589029	155.496572
1	7:03:51	12.42	79.830	28.730	16084.000	29.000	79.835395	16.7255153	162.712529	122.044771	6.12961836	191.550574	36	19.8171745	4.93940849	154.356515
1	7:04:06	12.67	80.010	28.700	16133.000	29.000	80.055902	16.7717115	163.161944	122.381861	6.14654849	192.079640	36	19.8171745	4.95305123	154.782851
1	7:04:21	12.92	79.810	28.730	16126.000	29.000	79.835395	16.7255153	162.712529	122.044771	6.12961836	191.550574	36	19.8171745	4.93940849	154.356515
1	7:04:36	13.17	80.130	28.680	16151.000	29.000	80.203315	16.8025944	163.462386	122.607211	6.15786657	192.433330	36	19.8171745	4.96217164	155.067864
1	7:04:51	13.42	79.290	28.800	16177.000	29.000	79.323719	16.6183192	161.669683	121.262569	6.09033281	190.322900	36	19.8171745	4.90775115	153.367224
1	7:05:06	13.67	79.360	28.790	16187.000	29.000	79.396573	16.6335821	161.818167	121.373942	6.09592642	190.497701	36	19.8171745	4.91225864	153.508082
1	7:05:21	13.92	78.810	28.870	16215.000	29.000	78.815986	16.5119491	160.634872	120.486395	6.05134998	189.104687	36	19.8171745	4.87633776	152.385555
1	7:05:36	14.17	79.510	28.770	16232.000	29.000	79.542524	16.6641587	162.115628	121.597057	6.10713222	190.847882	36	19.8171745	4.92128857	153.790268
1	7:05:51	14.42	78.580	28.900	16269.000	29.000	78.599583	16.4666127	160.193821	120.155579	6.03473496	188.585468	36	19.8171745	4.86294894	151.967154
1	7:06:06	14.67	78.160	28.960	16298.000	29.000	78.168915	16.3763878	159.316077	119.497215	6.00166904	187.552158	36	19.8171745	4.83630355	151.134486
1	7:06:21	14.92	78.290	28.940	16271.000	29.000	78.312156	16.4063966	159.608015	119.716187	6.01266678	187.895837	36	19.8171745	4.84516582	151.411432
1	7:06:36	15.17	78.910	28.850	16289.000	29.000	78.960653	16.5422568	160.929717	120.707548	6.06245722	189.451788	36	19.8171745	4.88528827	152.665259
1	7:06:51	15.42	78.540	28.900	16348.000	29.000	78.599583	16.4666127	160.193821	120.155579	6.03473496	188.585468	36	19.8171745	4.86294894	151.967154
1	7:07:06	15.67	77.840	29.000	16345.000	29.000	77.883377	16.3165674	158.734120	119.060710	5.97974589	186.867059	36	19.8171745	4.81863730	150.582416
1	7:07:21	15.92	77.300	29.080	16369.000	29.000	77.316042	16.1977108	157.577836	118.193423	5.93618697	185.505843	36	19.8171745	4.78353636	149.485511
1	7:07:36	16.17	77.040	29.110	16388.000	29.000	77.104569	16.1534072	157.146832	117.870143	5.91995043	184.998451	36	19.8171745	4.77045253	149.076642
1	7:07:51	16.42	77.570	29.040	16380.000	29.000	77.599088	16.2570090	158.154712	118.626117	5.95791872	186.184960	36	19.8171745	4.80104839	150.032762
1	7:08:06	16.67	77.480	29.050	16400.000	29.000	77.528210	16.2421601	158.010256	118.517766	5.95247686	186.014902	36	19.8171745	4.79666319	149.895725
1	7:08:21	16.92	77.460	29.050	16423.000	29.000	77.528210	16.2421601	158.010256	118.517766	5.95247686	186.014902	36	19.8171745	4.79666319	149.895725
1	7:08:36	17.17	76.660	29.170	16442.000	29.000	76.683695	16.0652341	156.289049	117.226751	5.88763649	183.988640	36	19.8171745	4.74441311	148.262910
1	7:08:51	17.42	77.090	29.110	16463.000	29.000	77.104569	16.1534072	157.146832	117.870143	5.91995043	184.998451	36	19.8171745	4.77045253	149.076642
1	7:09:06	17.67	76.520	29.190	16493.000	29.000	76.544015	16.0359711	156.004366	117.013221	5.87691208	183.653502	36	19.8171745	4.73577109	147.992847
1	7:09:21	17.92	76.390	29.210	16518.000	29.000	76.404638	16.0067717	155.720303	116.800155	5.86621100	183.319094	36	19.8171745	4.72714787	147.723371
1	7:09:36	18.17	75.910	29.280	16509.000	29.000	75.919201	15.9050725	154.730933	116.058065	5.82893998	182.154374	36	19.8171745	4.69711391	146.784810
1	7:09:51	18.42	75.820	29.290	16533.000	29.000	75.850153	15.8906071	154.590207	115.952512	5.82363865	181.988708	36	19.8171745	4.69284195	146.651311
1	7:10:06	18.67	75.730	29.300	16580.000	29.000	75.781181	15.8761574	154.449635	115.847073	5.81834306	181.823221	36	19.8171745	4.68857463	146.517957
1	7:10:21	18.92	75.610	29.320	16595.000	29.000	75.643460	15.8473049	154.168946	115.636538	5.80776911	181.492785	36	19.8171745	4.68005386	146.251683
1	7:10:36	19.17	74.920	29.420	16591.000	29.000	74.959311	15.7039757	152.774582	114.590677	5.75524141	179.851294	36	19.8171745	4.63772565	144.928926
1	7:10:51	19.42	75.770	29.300	16604.000	29.000	75.781181	15.8761574	154.449635	115.847073	5.81834306	181.823221	36	19.8171745	4.68857463	146.517957
1	7:11:06	19.67	74.700	29.450	16630.000	29.000	74.755504	15.6612782	152.359203	114.279116	5.73959347	179.362296	36	19.8171745	4.62511612	144.534879
1	7:11:21	19.92	75.200	29.380	16627.000	29.000	75.232083	15.7611214	153.330519	115.007665	5.77618433	180.505760	36	19.8171745	4.65460201	145.456313
1	7:11:36	20.17	75.160	29.390	16661.000	29.000	75.163780	15.7468118	153.191309	114.903249	5.77094011	180.341879	36	19.8171745	4.65037608	145.324252
1	7:11:51	20.42	75.040	29.400	16673.000	29.000	75.095550	15.7325177	153.052250	114.798946	5.76570156	180.178174	36	19.8171745	4.64615471	145.192335
1	7:12:06	20.67	74.620	29.460	16694.000	29.000	74.687715	15.6470763	152.221042	114.175486	5.73438873	179.199648	36	19.8171745	4.62092201	144.403813
1	7:12:21	20.92	74.340	29.510	16669.000	29.000	74.349862	15.5762962	151.532464	113.659009	5.70844901	178.389031	36	19.8171745	4.60001909	143.750597
1	7:12:36	21.17	74.750	29.450	16705.000	29.000	74.755504	15.6612782	152.359203	114.279116	5.73959347	179.362296	36	19.8171745	4.62511612	144.534879
1	7:12:51	21.42	74.730	29.450	16729.000	29.000	74.755504	15.6612782	152.359203	114.279116	5.73959347	179.362296	36	19.8171745	4.62511612	144.534879
1	7:13:06	21.67	74.300	29.510	16743.000	29.000	74.349862	15.5762962	151.532464	113.659009	5.70844901	178.389031	36	19.8171745	4.60001909	143.750597
1	7:13:21	21.92	73.700	29.600	16766.000	29.000	73.746287	15.4498471	150.302317	112.736321	5.66210757	176.940862	36	19.8171745	4.56267594	142.583623
1	7:13:36	22.17	74.130	29.540	16771.000	29.000	74.148022	15.5340106	151.121093	113.350455	5.69295205	177.904751	36	19.8171745	4.58753123	143.360351
1	7:13:51	22.42	73.380	29.650	16823.000	29.000	73.413477	15.3801235	149.624018	112.227553	5.63655503	176.142345	36	19.8171745	4.54208503	141.940157
1	7:14:06	22.67	74.020	29.550	16802.000	29.000	74.080886	15.5199456	150.984264	113.247824	5.68779749	177.743672	36	19.8171745	4.58337755	143.230549
1	7:14:21	22.92	73.320	29.660	16817.000	29.000	73.347129	15.3662235	149.488793	112.126125	5.63146092	175.983154	36	19.8171745	4.53798006	141.811877
1	7:14:36	23.17	73.170	29.680	16895.000	29.000	73.214645	15.3384681	149.218777	111.923596	5.62128903	175.665282	36	19.8171745	4.52978328	141.555728
1	7:14:51	23.42	73.200	29.680	16912.000	29.000	73.214645	15.3384681	149.218777	111.923596	5.62128903	175.665282	36	19.8171745	4.52978328	141.555728
1	7:15:06	23.67	72.940	29.720	16897.000	29.000	72.950525	15.2831349	148.680474	111.519835	5.60101038	175.031574	36	19.8171745	4.51344221	141.045069
