Chamber	Time	Logtime_min	OxyPercent_airsat	Phase	Amp	TempC	per_air-sat	per_oxygen	pO2_hPa	pO2_Torr	cO2_mg_L	cO2_umol_L	Salinity	chlorinity	SalCorcO2_mg_L	SalCorcO2_umol_L
7	10:13:53	0.00	95.600	26.760	14970.000	29.000	96.036308	20.1196065	195.731611	146.811188	7.37349536	230.421730	36	19.8171745	5.94175745	185.679920
7	10:13:55	0.04	95.720	26.750	14927.000	29.000	96.128384	20.1388964	195.919272	146.951945	7.38056479	230.642650	36	19.8171745	5.94745419	185.857943
7	10:14:10	0.29	96.470	26.670	14898.000	29.000	96.868955	20.2940462	197.428631	148.084060	7.43742456	232.419517	36	19.8171745	5.99327329	187.289790
7	10:14:25	0.54	94.970	26.830	14949.000	29.000	95.394833	19.9852176	194.424222	145.830562	7.32424410	228.882628	36	19.8171745	5.90206949	184.439672
7	10:14:40	0.79	95.370	26.790	14977.000	29.000	95.760736	20.0618742	195.169969	146.389920	7.35233748	229.760546	36	19.8171745	5.92470787	185.147121
7	10:14:55	1.04	95.550	26.770	14957.000	29.000	95.944341	20.1003395	195.544175	146.670598	7.36643434	230.201073	36	19.8171745	5.93606750	185.502109
7	10:15:10	1.29	96.520	26.660	14939.000	29.000	96.962025	20.3135442	197.618316	148.226336	7.44457027	232.642821	36	19.8171745	5.99903149	187.469734
7	10:15:25	1.54	96.630	26.650	14929.000	29.000	97.055206	20.3330656	197.808227	148.368782	7.45172452	232.866391	36	19.8171745	6.00479658	187.649893
7	10:15:40	1.79	96.950	26.620	14951.000	29.000	97.335417	20.3917699	198.379326	148.797143	7.47323864	233.538708	36	19.8171745	6.02213323	188.191663
7	10:15:55	2.04	96.390	26.680	14988.000	29.000	96.775997	20.2745714	197.239172	147.941954	7.43028738	232.196481	36	19.8171745	5.98752196	187.110061
7	10:16:10	2.29	95.900	26.730	14950.000	29.000	96.312865	20.1775452	196.295263	147.233962	7.39472893	231.085279	36	19.8171745	5.95886803	186.214626
7	10:16:25	2.54	97.030	26.610	14918.000	29.000	97.429044	20.4113848	198.570148	148.940271	7.48042719	233.763350	36	19.8171745	6.02792595	188.372686
7	10:16:40	2.79	96.910	26.620	14971.000	29.000	97.335417	20.3917699	198.379326	148.797143	7.47323864	233.538708	36	19.8171745	6.02213323	188.191663
7	10:16:55	3.04	95.950	26.720	14933.000	29.000	96.405271	20.1969042	196.483595	147.375223	7.40182367	231.306990	36	19.8171745	5.96458516	186.393286
7	10:17:10	3.29	95.780	26.740	14978.000	29.000	96.220569	20.1582093	196.107155	147.092869	7.38764264	230.863833	36	19.8171745	5.95315771	186.036178
7	10:17:25	3.54	96.430	26.670	14943.000	29.000	96.868955	20.2940462	197.428631	148.084060	7.43742456	232.419517	36	19.8171745	5.99327329	187.289790
7	10:17:40	3.79	96.240	26.690	14952.000	29.000	96.683149	20.2551198	197.049940	147.800018	7.42315871	231.973710	36	19.8171745	5.98177750	186.930547
7	10:17:55	4.04	95.590	26.760	14970.000	29.000	96.036308	20.1196065	195.731611	146.811188	7.37349536	230.421730	36	19.8171745	5.94175745	185.679920
7	10:18:10	4.29	96.550	26.660	14957.000	29.000	96.962025	20.3135442	197.618316	148.226336	7.44457027	232.642821	36	19.8171745	5.99903149	187.469734
7	10:18:25	4.54	96.880	26.620	15003.000	29.000	97.335417	20.3917699	198.379326	148.797143	7.47323864	233.538708	36	19.8171745	6.02213323	188.191663
7	10:18:40	4.79	95.770	26.740	14953.000	29.000	96.220569	20.1582093	196.107155	147.092869	7.38764264	230.863833	36	19.8171745	5.95315771	186.036178
7	10:18:55	5.04	97.340	26.570	14900.000	29.000	97.804677	20.4900798	199.335725	149.514503	7.50926758	234.664612	36	19.8171745	6.05116630	189.098947
7	10:19:10	5.29	94.990	26.830	14960.000	29.000	95.394833	19.9852176	194.424222	145.830562	7.32424410	228.882628	36	19.8171745	5.90206949	184.439672
7	10:19:25	5.54	96.260	26.690	14945.000	29.000	96.683149	20.2551198	197.049940	147.800018	7.42315871	231.973710	36	19.8171745	5.98177750	186.930547
7	10:19:40	5.79	96.790	26.630	14957.000	29.000	97.241902	20.3721784	198.188732	148.654185	7.46605869	233.314334	36	19.8171745	6.01634743	188.010857
7	10:19:55	6.04	95.970	26.720	14962.000	29.000	96.405271	20.1969042	196.483595	147.375223	7.40182367	231.306990	36	19.8171745	5.96458516	186.393286
7	10:20:10	6.29	96.230	26.690	14942.000	29.000	96.683149	20.2551198	197.049940	147.800018	7.42315871	231.973710	36	19.8171745	5.98177750	186.930547
7	10:20:25	6.54	96.060	26.710	14949.000	29.000	96.497786	20.2162863	196.672151	147.516652	7.40892687	231.528965	36	19.8171745	5.97030910	186.572159
7	10:20:40	6.79	96.810	26.630	14995.000	29.000	97.241902	20.3721784	198.188732	148.654185	7.46605869	233.314334	36	19.8171745	6.01634743	188.010857
7	10:20:55	7.04	96.700	26.640	14955.000	29.000	97.148498	20.3526103	197.998366	148.511398	7.45888732	233.090229	36	19.8171745	6.01056855	187.830267
7	10:21:10	7.29	96.880	26.620	14953.000	29.000	97.335417	20.3917699	198.379326	148.797143	7.47323864	233.538708	36	19.8171745	6.02213323	188.191663
7	10:21:25	7.54	94.970	26.830	14937.000	29.000	95.394833	19.9852176	194.424222	145.830562	7.32424410	228.882628	36	19.8171745	5.90206949	184.439672
7	10:21:40	7.79	95.340	26.790	14953.000	29.000	95.760736	20.0618742	195.169969	146.389920	7.35233748	229.760546	36	19.8171745	5.92470787	185.147121
7	10:21:55	8.04	95.380	26.790	14981.000	29.000	95.760736	20.0618742	195.169969	146.389920	7.35233748	229.760546	36	19.8171745	5.92470787	185.147121
7	10:22:10	8.29	95.670	26.750	14944.000	29.000	96.128384	20.1388964	195.919272	146.951945	7.38056479	230.642650	36	19.8171745	5.94745419	185.857943
7	10:22:25	8.54	94.910	26.840	14979.000	29.000	95.303629	19.9661102	194.238339	145.691138	7.31724159	228.663800	36	19.8171745	5.89642668	184.263334
7	10:22:40	8.79	93.630	26.980	14989.000	29.000	94.038052	19.7009719	191.658966	143.756444	7.22007288	225.627277	36	19.8171745	5.81812556	181.816424
7	10:22:55	9.04	95.000	26.830	14982.000	29.000	95.394833	19.9852176	194.424222	145.830562	7.32424410	228.882628	36	19.8171745	5.90206949	184.439672
7	10:23:10	9.29	95.400	26.780	14939.000	29.000	95.852484	20.0810954	195.356961	146.530175	7.35938171	229.980679	36	19.8171745	5.93038431	185.324510
7	10:23:25	9.55	96.840	26.630	14936.000	29.000	97.241902	20.3721784	198.188732	148.654185	7.46605869	233.314334	36	19.8171745	6.01634743	188.010857
7	10:23:40	9.79	94.450	26.890	14946.000	29.000	94.849226	19.8709129	193.312221	144.996490	7.28235338	227.573543	36	19.8171745	5.86831284	183.384776
7	10:23:55	10.04	95.820	26.740	14936.000	29.000	96.220569	20.1582093	196.107155	147.092869	7.38764264	230.863833	36	19.8171745	5.95315771	186.036178
7	10:24:10	10.29	97.160	26.590	14969.000	29.000	97.616636	20.4506852	198.952478	149.227043	7.49483012	234.213441	36	19.8171745	6.03953221	188.735382
7	10:24:25	10.54	95.770	26.740	14998.000	29.000	96.220569	20.1582093	196.107155	147.092869	7.38764264	230.863833	36	19.8171745	5.95315771	186.036178
7	10:24:40	10.79	96.440	26.670	14970.000	29.000	96.868955	20.2940462	197.428631	148.084060	7.43742456	232.419517	36	19.8171745	5.99327329	187.289790
7	10:24:55	11.04	94.550	26.880	14986.000	29.000	94.939891	19.8899073	193.497005	145.135091	7.28931449	227.791078	36	19.8171745	5.87392228	183.560071
7	10:25:10	11.29	95.840	26.740	14972.000	29.000	96.220569	20.1582093	196.107155	147.092869	7.38764264	230.863833	36	19.8171745	5.95315771	186.036178
7	10:25:25	11.54	95.220	26.800	14960.000	29.000	95.669097	20.0426759	194.983200	146.249831	7.34530161	229.540675	36	19.8171745	5.91903818	184.969943
7	10:25:40	11.79	94.230	26.910	15001.000	29.000	94.668218	19.8329917	192.943308	144.719782	7.26845589	227.139247	36	19.8171745	5.85711388	183.034809
7	10:25:55	12.04	96.340	26.680	14995.000	29.000	96.775997	20.2745714	197.239172	147.941954	7.43028738	232.196481	36	19.8171745	5.98752196	187.110061
7	10:26:10	12.29	95.870	26.730	14959.000	29.000	96.312865	20.1775452	196.295263	147.233962	7.39472893	231.085279	36	19.8171745	5.95886803	186.214626
7	10:26:25	12.54	94.540	26.880	14930.000	29.000	94.939891	19.8899073	193.497005	145.135091	7.28931449	227.791078	36	19.8171745	5.87392228	183.560071
7	10:26:40	12.79	95.950	26.720	14986.000	29.000	96.405271	20.1969042	196.483595	147.375223	7.40182367	231.306990	36	19.8171745	5.96458516	186.393286
7	10:26:55	13.04	94.600	26.870	14987.000	29.000	95.030664	19.9089241	193.682009	145.273855	7.29628385	228.008870	36	19.8171745	5.87953838	183.735574
7	10:27:10	13.29	95.120	26.810	14996.000	29.000	95.577567	20.0235004	194.796653	146.109909	7.33827410	229.321066	36	19.8171745	5.91337523	184.792976
7	10:27:25	13.54	96.260	26.690	14967.000	29.000	96.683149	20.2551198	197.049940	147.800018	7.42315871	231.973710	36	19.8171745	5.98177750	186.930547
7	10:27:40	13.79	95.020	26.830	15017.000	29.000	95.394833	19.9852176	194.424222	145.830562	7.32424410	228.882628	36	19.8171745	5.90206949	184.439672
7	10:27:55	14.04	94.770	26.850	15004.000	29.000	95.212533	19.9470256	194.052675	145.551878	7.31024739	228.445231	36	19.8171745	5.89079057	184.087205
7	10:28:10	14.29	96.000	26.720	14981.000	29.000	96.405271	20.1969042	196.483595	147.375223	7.40182367	231.306990	36	19.8171745	5.96458516	186.393286
7	10:28:25	14.54	96.170	26.700	14928.000	29.000	96.590413	20.2356915	196.860933	147.658251	7.41603855	231.751205	36	19.8171745	5.97603988	186.751246
7	10:28:40	14.79	95.090	26.820	15009.000	29.000	95.486146	20.0043476	194.610327	145.970153	7.33125493	229.101717	36	19.8171745	5.90771900	184.616219
7	10:28:55	15.04	95.970	26.720	14916.000	29.000	96.405271	20.1969042	196.483595	147.375223	7.40182367	231.306990	36	19.8171745	5.96458516	186.393286
7	10:29:10	15.29	95.660	26.760	15004.000	29.000	96.036308	20.1196065	195.731611	146.811188	7.37349536	230.421730	36	19.8171745	5.94175745	185.679920
7	10:29:25	15.54	96.620	26.650	14920.000	29.000	97.055206	20.3330656	197.808227	148.368782	7.45172452	232.866391	36	19.8171745	6.00479658	187.649893
7	10:29:40	15.79	95.330	26.790	14907.000	29.000	95.760736	20.0618742	195.169969	146.389920	7.35233748	229.760546	36	19.8171745	5.92470787	185.147121
7	10:29:55	16.04	93.710	26.970	14940.000	29.000	94.127757	19.7197650	191.841794	143.893576	7.22696025	225.842508	36	19.8171745	5.82367559	181.989862
7	10:30:10	16.29	96.180	26.700	14964.000	29.000	96.590413	20.2356915	196.860933	147.658251	7.41603855	231.751205	36	19.8171745	5.97603988	186.751246
7	10:30:25	16.54	95.600	26.760	15059.000	29.000	96.036308	20.1196065	195.731611	146.811188	7.37349536	230.421730	36	19.8171745	5.94175745	185.679920
7	10:30:40	16.79	94.600	26.870	15090.000	29.000	95.030664	19.9089241	193.682009	145.273855	7.29628385	228.008870	36	19.8171745	5.87953838	183.735574
7	10:30:55	17.04	96.180	26.700	15091.000	29.000	96.590413	20.2356915	196.860933	147.658251	7.41603855	231.751205	36	19.8171745	5.97603988	186.751246
7	10:31:10	17.29	94.260	26.910	15079.000	29.000	94.668218	19.8329917	192.943308	144.719782	7.26845589	227.139247	36	19.8171745	5.85711388	183.034809
7	10:31:25	17.54	96.440	26.670	15075.000	29.000	96.868955	20.2940462	197.428631	148.084060	7.43742456	232.419517	36	19.8171745	5.99327329	187.289790
7	10:31:40	17.79	96.360	26.680	15119.000	29.000	96.775997	20.2745714	197.239172	147.941954	7.43028738	232.196481	36	19.8171745	5.98752196	187.110061
7	10:31:55	18.04	95.510	26.770	15086.000	29.000	95.944341	20.1003395	195.544175	146.670598	7.36643434	230.201073	36	19.8171745	5.93606750	185.502109
7	10:32:10	18.29	95.600	26.760	15104.000	29.000	96.036308	20.1196065	195.731611	146.811188	7.37349536	230.421730	36	19.8171745	5.94175745	185.679920
7	10:32:25	18.54	95.030	26.820	15085.000	29.000	95.486146	20.0043476	194.610327	145.970153	7.33125493	229.101717	36	19.8171745	5.90771900	184.616219
7	10:32:40	18.79	95.420	26.780	15107.000	29.000	95.852484	20.0810954	195.356961	146.530175	7.35938171	229.980679	36	19.8171745	5.93038431	185.324510
7	10:32:55	19.04	95.950	26.720	15097.000	29.000	96.405271	20.1969042	196.483595	147.375223	7.40182367	231.306990	36	19.8171745	5.96458516	186.393286
7	10:33:10	19.29	95.750	26.750	15094.000	29.000	96.128384	20.1388964	195.919272	146.951945	7.38056479	230.642650	36	19.8171745	5.94745419	185.857943
7	10:33:25	19.54	95.770	26.740	15093.000	29.000	96.220569	20.1582093	196.107155	147.092869	7.38764264	230.863833	36	19.8171745	5.95315771	186.036178
7	10:33:40	19.79	95.150	26.810	15073.000	29.000	95.577567	20.0235004	194.796653	146.109909	7.33827410	229.321066	36	19.8171745	5.91337523	184.792976
7	10:33:55	20.04	94.680	26.860	15100.000	29.000	95.121544	19.9279636	193.867232	145.412784	7.30326148	228.226921	36	19.8171745	5.88516114	183.911286
7	10:34:10	20.29	95.660	26.760	15100.000	29.000	96.036308	20.1196065	195.731611	146.811188	7.37349536	230.421730	36	19.8171745	5.94175745	185.679920
7	10:34:25	20.54	94.700	26.860	15099.000	29.000	95.121544	19.9279636	193.867232	145.412784	7.30326148	228.226921	36	19.8171745	5.88516114	183.911286
7	10:34:40	20.79	95.830	26.740	15128.000	29.000	96.220569	20.1582093	196.107155	147.092869	7.38764264	230.863833	36	19.8171745	5.95315771	186.036178
7	10:34:55	21.04	96.210	26.700	15104.000	29.000	96.590413	20.2356915	196.860933	147.658251	7.41603855	231.751205	36	19.8171745	5.97603988	186.751246
7	10:35:10	21.29	93.870	26.950	15110.000	29.000	94.307485	19.7574180	192.208097	144.168327	7.24075942	226.273732	36	19.8171745	5.83479533	182.337354
7	10:35:25	21.54	94.340	26.900	15110.000	29.000	94.758669	19.8519411	193.127655	144.858054	7.27540052	227.356266	36	19.8171745	5.86271004	183.209689
7	10:35:40	21.79	95.840	26.740	15058.000	29.000	96.220569	20.1582093	196.107155	147.092869	7.38764264	230.863833	36	19.8171745	5.95315771	186.036178
7	10:35:55	22.04	95.770	26.740	15090.000	29.000	96.220569	20.1582093	196.107155	147.092869	7.38764264	230.863833	36	19.8171745	5.95315771	186.036178
7	10:36:10	22.29	95.970	26.720	15135.000	29.000	96.405271	20.1969042	196.483595	147.375223	7.40182367	231.306990	36	19.8171745	5.96458516	186.393286
7	10:36:25	22.54	95.190	26.810	15107.000	29.000	95.577567	20.0235004	194.796653	146.109909	7.33827410	229.321066	36	19.8171745	5.91337523	184.792976
7	10:36:40	22.79	95.120	26.810	15130.000	29.000	95.577567	20.0235004	194.796653	146.109909	7.33827410	229.321066	36	19.8171745	5.91337523	184.792976
7	10:36:55	23.04	94.580	26.870	15124.000	29.000	95.030664	19.9089241	193.682009	145.273855	7.29628385	228.008870	36	19.8171745	5.87953838	183.735574
7	10:37:10	23.29	94.680	26.860	15129.000	29.000	95.121544	19.9279636	193.867232	145.412784	7.30326148	228.226921	36	19.8171745	5.88516114	183.911286
7	10:37:25	23.54	95.990	26.720	15110.000	29.000	96.405271	20.1969042	196.483595	147.375223	7.40182367	231.306990	36	19.8171745	5.96458516	186.393286
7	10:37:40	23.79	95.170	26.810	15100.000	29.000	95.577567	20.0235004	194.796653	146.109909	7.33827410	229.321066	36	19.8171745	5.91337523	184.792976
7	10:37:55	24.04	96.060	26.710	15090.000	29.000	96.497786	20.2162863	196.672151	147.516652	7.40892687	231.528965	36	19.8171745	5.97030910	186.572159
7	10:38:10	24.29	94.210	26.920	15150.000	29.000	94.577875	19.8140647	192.759179	144.581673	7.26151948	226.922484	36	19.8171745	5.85152433	182.860135
7	10:38:25	24.54	94.490	26.880	15117.000	29.000	94.939891	19.8899073	193.497005	145.135091	7.28931449	227.791078	36	19.8171745	5.87392228	183.560071
7	10:38:40	24.79	95.990	26.720	15118.000	29.000	96.405271	20.1969042	196.483595	147.375223	7.40182367	231.306990	36	19.8171745	5.96458516	186.393286
7	10:38:55	25.04	95.530	26.770	15098.000	29.000	95.944341	20.1003395	195.544175	146.670598	7.36643434	230.201073	36	19.8171745	5.93606750	185.502109
7	10:39:10	25.29	94.720	26.860	15121.000	29.000	95.121544	19.9279636	193.867232	145.412784	7.30326148	228.226921	36	19.8171745	5.88516114	183.911286
7	10:39:25	25.54	95.660	26.760	15107.000	29.000	96.036308	20.1196065	195.731611	146.811188	7.37349536	230.421730	36	19.8171745	5.94175745	185.679920
7	10:39:40	25.79	95.610	26.760	15145.000	29.000	96.036308	20.1196065	195.731611	146.811188	7.37349536	230.421730	36	19.8171745	5.94175745	185.679920
7	10:39:55	26.04	94.790	26.850	15125.000	29.000	95.212533	19.9470256	194.052675	145.551878	7.31024739	228.445231	36	19.8171745	5.89079057	184.087205
7	10:40:10	26.29	93.980	26.940	15128.000	29.000	94.397508	19.7762779	192.391574	144.305946	7.24767126	226.489727	36	19.8171745	5.84036507	182.511408
7	10:40:25	26.54	94.800	26.850	15130.000	29.000	95.212533	19.9470256	194.052675	145.551878	7.31024739	228.445231	36	19.8171745	5.89079057	184.087205
7	10:40:40	26.79	95.790	26.740	15128.000	29.000	96.220569	20.1582093	196.107155	147.092869	7.38764264	230.863833	36	19.8171745	5.95315771	186.036178
7	10:40:55	27.04	94.860	26.840	15152.000	29.000	95.303629	19.9661102	194.238339	145.691138	7.31724159	228.663800	36	19.8171745	5.89642668	184.263334
7	10:41:10	27.29	95.400	26.780	15109.000	29.000	95.852484	20.0810954	195.356961	146.530175	7.35938171	229.980679	36	19.8171745	5.93038431	185.324510
7	10:41:25	27.54	96.040	26.710	15137.000	29.000	96.497786	20.2162863	196.672151	147.516652	7.40892687	231.528965	36	19.8171745	5.97030910	186.572159
7	10:41:40	27.79	95.600	26.760	15138.000	29.000	96.036308	20.1196065	195.731611	146.811188	7.37349536	230.421730	36	19.8171745	5.94175745	185.679920
7	10:41:55	28.04	95.200	26.810	15139.000	29.000	95.577567	20.0235004	194.796653	146.109909	7.33827410	229.321066	36	19.8171745	5.91337523	184.792976
7	10:42:10	28.30	95.200	26.810	15110.000	29.000	95.577567	20.0235004	194.796653	146.109909	7.33827410	229.321066	36	19.8171745	5.91337523	184.792976
7	10:42:25	28.54	95.450	26.780	15135.000	29.000	95.852484	20.0810954	195.356961	146.530175	7.35938171	229.980679	36	19.8171745	5.93038431	185.324510
7	10:42:40	28.79	94.570	26.880	15142.000	29.000	94.939891	19.8899073	193.497005	145.135091	7.28931449	227.791078	36	19.8171745	5.87392228	183.560071
7	10:42:55	29.04	94.440	26.890	15151.000	29.000	94.849226	19.8709129	193.312221	144.996490	7.28235338	227.573543	36	19.8171745	5.86831284	183.384776
7	10:43:10	29.29	95.010	26.830	15151.000	29.000	95.394833	19.9852176	194.424222	145.830562	7.32424410	228.882628	36	19.8171745	5.90206949	184.439672
7	10:43:25	29.54	96.730	26.640	15141.000	29.000	97.148498	20.3526103	197.998366	148.511398	7.45888732	233.090229	36	19.8171745	6.01056855	187.830267
7	10:43:40	29.79	95.550	26.770	15151.000	29.000	95.944341	20.1003395	195.544175	146.670598	7.36643434	230.201073	36	19.8171745	5.93606750	185.502109
7	10:43:55	30.04	93.910	26.950	15139.000	29.000	94.307485	19.7574180	192.208097	144.168327	7.24075942	226.273732	36	19.8171745	5.83479533	182.337354
7	10:44:10	30.29	94.600	26.870	15157.000	29.000	95.030664	19.9089241	193.682009	145.273855	7.29628385	228.008870	36	19.8171745	5.87953838	183.735574
7	10:44:25	30.54	95.180	26.810	15148.000	29.000	95.577567	20.0235004	194.796653	146.109909	7.33827410	229.321066	36	19.8171745	5.91337523	184.792976
7	10:44:40	30.79	94.850	26.840	15167.000	29.000	95.303629	19.9661102	194.238339	145.691138	7.31724159	228.663800	36	19.8171745	5.89642668	184.263334
7	10:44:55	31.04	95.160	26.810	15118.000	29.000	95.577567	20.0235004	194.796653	146.109909	7.33827410	229.321066	36	19.8171745	5.91337523	184.792976
7	10:45:10	31.29	94.310	26.900	15148.000	29.000	94.758669	19.8519411	193.127655	144.858054	7.27540052	227.356266	36	19.8171745	5.86271004	183.209689
7	10:45:25	31.54	95.470	26.780	15121.000	29.000	95.852484	20.0810954	195.356961	146.530175	7.35938171	229.980679	36	19.8171745	5.93038431	185.324510
7	10:45:40	31.79	95.840	26.740	15173.000	29.000	96.220569	20.1582093	196.107155	147.092869	7.38764264	230.863833	36	19.8171745	5.95315771	186.036178
7	10:45:55	32.04	95.290	26.800	15161.000	29.000	95.669097	20.0426759	194.983200	146.249831	7.34530161	229.540675	36	19.8171745	5.91903818	184.969943
7	10:46:10	32.29	95.580	26.760	15175.000	29.000	96.036308	20.1196065	195.731611	146.811188	7.37349536	230.421730	36	19.8171745	5.94175745	185.679920
7	10:46:25	32.54	95.840	26.740	15154.000	29.000	96.220569	20.1582093	196.107155	147.092869	7.38764264	230.863833	36	19.8171745	5.95315771	186.036178
7	10:46:40	32.79	93.780	26.960	15194.000	29.000	94.217568	19.7385804	192.024837	144.030870	7.23385576	226.057992	36	19.8171745	5.82923217	182.163505
