Chamber	Time	Logtime_min	OxyPercent_airsat	Phase	Amp	TempC	per_air-sat	per_oxygen	pO2_hPa	pO2_Torr	cO2_mg_L	cO2_umol_L	Salinity	chlorinity	SalCorcO2_mg_L	SalCorcO2_umol_L
3	10:13:50	0.00	64.160	30.960	17662.000	29.000	65.290325	13.6783230	133.068219	99.809648	5.01287396	156.652311	36	19.8171745	4.03950633	126.234573
3	10:13:57	0.12	63.690	31.040	17684.000	29.000	64.829022	13.5816801	132.128038	99.104453	4.97745597	155.545499	36	19.8171745	4.01096558	125.342674
3	10:14:12	0.37	63.640	31.050	17669.000	29.000	64.771622	13.5696549	132.011052	99.016705	4.97304893	155.407779	36	19.8171745	4.00741427	125.231696
3	10:14:27	0.62	64.620	30.880	17626.000	29.000	65.755400	13.7757563	134.016090	100.520611	5.04858161	157.768175	36	19.8171745	4.06828051	127.133766
3	10:14:42	0.87	64.770	30.850	17633.000	29.000	65.930785	13.8124994	134.373541	100.788723	5.06204733	158.188979	36	19.8171745	4.07913154	127.472861
3	10:14:57	1.12	64.090	30.970	17602.000	29.000	65.232456	13.6661996	132.950278	99.721185	5.00843093	156.513467	36	19.8171745	4.03592603	126.122688
3	10:15:12	1.37	63.640	31.050	17608.000	29.000	64.771622	13.5696549	132.011052	99.016705	4.97304893	155.407779	36	19.8171745	4.00741427	125.231696
3	10:15:27	1.62	65.190	30.780	17618.000	29.000	66.342115	13.8986730	135.211873	101.417525	5.09362852	159.175891	36	19.8171745	4.10458049	128.268140
3	10:15:42	1.87	64.170	30.950	17600.000	29.000	65.348252	13.6904588	133.186281	99.898202	5.01732151	156.791297	36	19.8171745	4.04309029	126.346571
3	10:15:57	2.12	64.420	30.910	17563.000	29.000	65.580552	13.7391256	133.659732	100.253320	5.03515709	157.348659	36	19.8171745	4.05746267	126.795708
3	10:16:12	2.37	64.420	30.910	17627.000	29.000	65.580552	13.7391256	133.659732	100.253320	5.03515709	157.348659	36	19.8171745	4.05746267	126.795708
3	10:16:27	2.62	64.400	30.910	17558.000	29.000	65.580552	13.7391256	133.659732	100.253320	5.03515709	157.348659	36	19.8171745	4.05746267	126.795708
3	10:16:42	2.87	64.930	30.820	17553.000	29.000	66.106708	13.8493554	134.732091	101.057658	5.07555442	158.611076	36	19.8171745	4.09001590	127.812997
3	10:16:57	3.12	63.840	31.010	17483.000	29.000	65.001571	13.6178291	132.479711	99.368229	4.99070397	155.959499	36	19.8171745	4.02164118	125.676287
3	10:17:12	3.37	64.850	30.840	17511.000	29.000	65.989366	13.8247721	134.492935	100.878276	5.06654509	158.329534	36	19.8171745	4.08275595	127.586123
3	10:17:27	3.62	65.050	30.800	17508.000	29.000	66.224291	13.8739889	134.971736	101.237407	5.08458221	158.893194	36	19.8171745	4.09729074	128.040336
3	10:17:42	3.87	64.980	30.810	17457.000	29.000	66.165469	13.8616658	134.851852	101.147487	5.08006600	158.752063	36	19.8171745	4.09365146	127.926608
3	10:17:57	4.12	65.940	30.650	17451.000	29.000	67.113896	14.0603611	136.784839	102.597350	5.15288446	161.027639	36	19.8171745	4.15233050	129.760328
3	10:18:12	4.37	65.080	30.800	17482.000	29.000	66.224291	13.8739889	134.971736	101.237407	5.08458221	158.893194	36	19.8171745	4.09729074	128.040336
3	10:18:27	4.62	65.320	30.750	17438.000	29.000	66.519304	13.9357943	135.573003	101.688396	5.10723281	159.601025	36	19.8171745	4.11554319	128.610725
3	10:18:42	4.87	66.220	30.600	17481.000	29.000	67.413495	14.1231272	137.395453	103.055349	5.17588716	161.746474	36	19.8171745	4.17086668	130.339584
3	10:18:57	5.12	65.610	30.700	17388.000	29.000	66.815836	13.9979176	136.177363	102.141705	5.12999995	160.312498	36	19.8171745	4.13388956	129.184049
3	10:19:12	5.37	66.500	30.550	17404.000	29.000	67.714645	14.1862181	138.009226	103.515719	5.19900890	162.469028	36	19.8171745	4.18949879	130.921837
3	10:19:27	5.62	66.070	30.630	17402.000	29.000	67.233550	14.0854287	137.028707	102.780267	5.16207131	161.314728	36	19.8171745	4.15973350	129.991672
3	10:19:42	5.87	65.140	30.790	17407.000	29.000	66.283173	13.8863247	135.091743	101.327420	5.08910305	159.034470	36	19.8171745	4.10093375	128.154180
3	10:19:57	6.12	65.900	30.660	17403.000	29.000	67.054161	14.0478467	136.663094	102.506033	5.14829813	160.884317	36	19.8171745	4.14863471	129.644835
3	10:20:12	6.37	66.170	30.610	17345.000	29.000	67.353451	14.1105481	137.273078	102.963561	5.17127713	161.602410	36	19.8171745	4.16715179	130.223494
3	10:20:27	6.62	66.320	30.580	17383.000	29.000	67.533768	14.1483244	137.640582	103.239212	5.18512153	162.035048	36	19.8171745	4.17830798	130.572124
3	10:20:42	6.87	66.110	30.620	17325.000	29.000	67.293470	14.0979819	137.150830	102.871866	5.16667184	161.458495	36	19.8171745	4.16344074	130.107523
3	10:20:57	7.12	66.320	30.580	17288.000	29.000	67.533768	14.1483244	137.640582	103.239212	5.18512153	162.035048	36	19.8171745	4.17830798	130.572124
3	10:21:12	7.37	66.750	30.510	17254.000	29.000	67.956688	14.2369262	138.502535	103.885732	5.21759257	163.049768	36	19.8171745	4.20447400	131.389813
3	10:21:27	7.62	67.730	30.350	17298.000	29.000	68.934970	14.4418761	140.496371	105.381235	5.29270325	165.396977	36	19.8171745	4.26500018	133.281256
3	10:21:42	7.87	66.550	30.540	17264.000	29.000	67.775062	14.1988754	138.132362	103.608078	5.20364761	162.613988	36	19.8171745	4.19323679	131.038650
3	10:21:57	8.12	67.290	30.420	17237.000	29.000	68.504969	14.3517911	139.619987	104.723892	5.25968861	164.365269	36	19.8171745	4.23839611	132.449878
3	10:22:12	8.37	66.880	30.490	17257.000	29.000	68.078087	14.2623591	138.749957	104.071314	5.22691331	163.341041	36	19.8171745	4.21198490	131.624528
3	10:22:27	8.62	66.920	30.480	17178.000	29.000	68.138880	14.2750954	138.873861	104.164249	5.23158093	163.486904	36	19.8171745	4.21574620	131.742069
3	10:22:42	8.87	68.090	30.290	17201.000	29.000	69.306046	14.5196166	141.252661	105.948502	5.32119383	166.287307	36	19.8171745	4.28795864	133.998707
3	10:22:57	9.12	67.230	30.430	17193.000	29.000	68.443796	14.3389753	139.495310	104.630376	5.25499183	164.218495	36	19.8171745	4.23461131	132.331604
3	10:23:12	9.37	68.220	30.270	17116.000	29.000	69.430256	14.5456385	141.505813	106.138382	5.33073042	166.585326	36	19.8171745	4.29564348	134.238859
3	10:23:27	9.62	67.800	30.340	17143.000	29.000	68.996654	14.4547991	140.622091	105.475533	5.29743931	165.544978	36	19.8171745	4.26881662	133.400519
3	10:23:42	9.87	67.440	30.400	17124.000	29.000	68.627507	14.3774627	139.869731	104.911216	5.26909684	164.659276	36	19.8171745	4.24597750	132.686797
3	10:23:57	10.12	67.990	30.310	17155.000	29.000	69.182096	14.4936490	141.000038	105.759018	5.31167715	165.989911	36	19.8171745	4.28028984	133.759058
3	10:24:12	10.37	67.690	30.350	17094.000	29.000	68.934970	14.4418761	140.496371	105.381235	5.29270325	165.396977	36	19.8171745	4.26500018	133.281256
3	10:24:27	10.62	68.410	30.240	17108.000	29.000	69.617058	14.5847736	141.886534	106.423947	5.34507275	167.033524	36	19.8171745	4.30720090	134.600028
3	10:24:42	10.87	67.970	30.310	17065.000	29.000	69.182096	14.4936490	141.000038	105.759018	5.31167715	165.989911	36	19.8171745	4.28028984	133.759058
3	10:24:57	11.12	68.760	30.180	17052.000	29.000	69.992427	14.6634134	142.651574	106.997775	5.37389292	167.934154	36	19.8171745	4.33042495	135.325780
3	10:25:12	11.37	69.340	30.090	17041.000	29.000	70.559930	14.7823054	143.808204	107.865321	5.41746484	169.295776	36	19.8171745	4.36553636	136.423011
3	10:25:27	11.62	68.910	30.160	17026.000	29.000	70.118075	14.6897368	142.907659	107.189855	5.38354000	168.235625	36	19.8171745	4.33819883	135.568713
3	10:25:42	11.87	69.670	30.030	17031.000	29.000	70.941263	14.8621946	144.585398	108.448266	5.44674286	170.210714	36	19.8171745	4.38912937	137.160293
3	10:25:57	12.12	69.880	30.000	17013.000	29.000	71.132836	14.9023291	144.975843	108.741125	5.46145150	170.670359	36	19.8171745	4.40098197	137.530687
3	10:26:12	12.37	68.670	30.190	16962.000	29.000	69.929701	14.6502724	142.523733	106.901887	5.36907696	167.783655	36	19.8171745	4.32654413	135.204504
3	10:26:27	12.62	69.240	30.100	16974.000	29.000	70.496609	14.7690396	143.679148	107.768521	5.41260313	169.143848	36	19.8171745	4.36161867	136.300583
3	10:26:42	12.87	69.790	30.010	16956.000	29.000	71.068911	14.8889368	144.845557	108.643402	5.45654344	170.516983	36	19.8171745	4.39702693	137.407092
3	10:26:57	13.12	68.770	30.180	16971.000	29.000	69.992427	14.6634134	142.651574	106.997775	5.37389292	167.934154	36	19.8171745	4.33042495	135.325780
3	10:27:12	13.37	68.840	30.170	16928.000	29.000	70.055218	14.6765682	142.779549	107.093765	5.37871392	168.084810	36	19.8171745	4.33430985	135.447183
3	10:27:27	13.62	70.360	29.920	16917.000	29.000	71.646677	15.0099788	146.023102	109.526636	5.50090328	171.903228	36	19.8171745	4.43277326	138.524164
3	10:27:42	13.87	70.580	29.890	16892.000	29.000	71.840492	15.0505831	146.418117	109.822922	5.51578407	172.368252	36	19.8171745	4.44476459	138.898893
3	10:27:57	14.12	69.190	30.110	16887.000	29.000	70.433354	14.7557877	143.550228	107.671823	5.40774653	168.992079	36	19.8171745	4.35770509	136.178284
3	10:28:12	14.37	69.870	30.000	16811.000	29.000	71.132836	14.9023291	144.975843	108.741125	5.46145150	170.670359	36	19.8171745	4.40098197	137.530687
3	10:28:27	14.62	70.450	29.910	16840.000	29.000	71.711214	15.0234992	146.154634	109.625294	5.50585829	172.058071	36	19.8171745	4.43676614	138.648942
3	10:28:42	14.87	69.750	30.020	16769.000	29.000	71.005053	14.8755587	144.715408	108.545783	5.45164057	170.363768	36	19.8171745	4.39307606	137.283627
3	10:28:57	15.12	71.650	29.720	16780.000	29.000	72.950525	15.2831349	148.680474	111.519835	5.60101038	175.031574	36	19.8171745	4.51344221	141.045069
3	10:29:12	15.37	71.350	29.770	16771.000	29.000	72.621957	15.2142999	148.010820	111.017551	5.57578351	174.243235	36	19.8171745	4.49311373	140.409804
3	10:29:27	15.62	70.610	29.880	16686.000	29.000	71.905234	15.0641466	146.550068	109.921894	5.52075486	172.523589	36	19.8171745	4.44877019	139.024068
3	10:29:42	15.87	71.370	29.760	16665.000	29.000	72.687530	15.2280376	148.144465	111.117794	5.58081813	174.400567	36	19.8171745	4.49717076	140.536586
3	10:29:57	16.12	71.300	29.780	16711.000	29.000	72.556453	15.2005769	147.877316	110.917415	5.57075425	174.086070	36	19.8171745	4.48906102	140.283157
3	10:30:12	16.37	70.940	29.830	16691.000	29.000	72.229978	15.1321805	147.211928	110.418332	5.54568811	173.302754	36	19.8171745	4.46886206	139.651939
3	10:30:27	16.62	71.610	29.730	16682.000	29.000	72.884671	15.2693386	148.546257	111.419164	5.59595424	174.873570	36	19.8171745	4.50936783	140.917745
3	10:30:42	16.87	71.920	29.680	16732.000	29.000	73.214645	15.3384681	149.218777	111.923596	5.62128903	175.665282	36	19.8171745	4.52978328	141.555728
3	10:30:57	17.12	71.190	29.790	16702.000	29.000	72.491019	15.1868685	147.743955	110.817386	5.56573035	173.929073	36	19.8171745	4.48501263	140.156645
3	10:31:12	17.37	71.480	29.750	16677.000	29.000	72.753174	15.2417899	148.278253	111.218143	5.58585812	174.558066	36	19.8171745	4.50123212	140.663504
3	10:31:27	17.62	70.880	29.840	16694.000	29.000	72.164891	15.1185448	147.079275	110.318833	5.54069086	173.146589	36	19.8171745	4.46483515	139.526098
3	10:31:42	17.87	71.330	29.770	16698.000	29.000	72.621957	15.2142999	148.010820	111.017551	5.57578351	174.243235	36	19.8171745	4.49311373	140.409804
3	10:31:57	18.12	71.370	29.770	16736.000	29.000	72.621957	15.2142999	148.010820	111.017551	5.57578351	174.243235	36	19.8171745	4.49311373	140.409804
3	10:32:12	18.37	71.330	29.770	16701.000	29.000	72.621957	15.2142999	148.010820	111.017551	5.57578351	174.243235	36	19.8171745	4.49311373	140.409804
3	10:32:27	18.62	71.500	29.740	16706.000	29.000	72.818887	15.2555569	148.412184	111.318600	5.59090349	174.715734	36	19.8171745	4.50529781	140.790556
3	10:32:42	18.87	71.140	29.800	16742.000	29.000	72.425655	15.1731746	147.610736	110.717463	5.56071179	173.772243	36	19.8171745	4.48096854	140.030267
3	10:32:57	19.12	71.130	29.800	16799.000	29.000	72.425655	15.1731746	147.610736	110.717463	5.56071179	173.772243	36	19.8171745	4.48096854	140.030267
3	10:33:12	19.37	71.090	29.810	16780.000	29.000	72.360360	15.1594954	147.477659	110.617647	5.55569857	173.615580	36	19.8171745	4.47692875	139.904024
3	10:33:27	19.62	70.160	29.950	16789.000	29.000	71.453477	14.9695034	145.629341	109.231290	5.48606972	171.439679	36	19.8171745	4.42081999	138.150625
3	10:33:42	19.87	70.560	29.890	16784.000	29.000	71.840492	15.0505831	146.418117	109.822922	5.51578407	172.368252	36	19.8171745	4.44476459	138.898893
3	10:33:57	20.12	70.620	29.880	16850.000	29.000	71.905234	15.0641466	146.550068	109.921894	5.52075486	172.523589	36	19.8171745	4.44877019	139.024068
3	10:34:12	20.37	69.930	29.990	16835.000	29.000	71.196829	14.9157356	145.106266	108.838951	5.46636474	170.823898	36	19.8171745	4.40494119	137.654412
3	10:34:27	20.62	70.220	29.950	16846.000	29.000	71.453477	14.9695034	145.629341	109.231290	5.48606972	171.439679	36	19.8171745	4.42081999	138.150625
3	10:34:42	20.87	69.700	30.030	16863.000	29.000	70.941263	14.8621946	144.585398	108.448266	5.44674286	170.210714	36	19.8171745	4.38912937	137.160293
3	10:34:57	21.12	70.490	29.900	16843.000	29.000	71.775819	15.0370340	146.286305	109.724056	5.51081854	172.213080	36	19.8171745	4.44076324	138.773851
3	10:35:12	21.37	69.880	30.000	16892.000	29.000	71.132836	14.9023291	144.975843	108.741125	5.46145150	170.670359	36	19.8171745	4.40098197	137.530687
3	10:35:27	21.62	69.720	30.030	16938.000	29.000	70.941263	14.8621946	144.585398	108.448266	5.44674286	170.210714	36	19.8171745	4.38912937	137.160293
3	10:35:42	21.87	69.570	30.050	16940.000	29.000	70.813884	14.8355087	144.325787	108.253542	5.43696294	169.905092	36	19.8171745	4.38124845	136.914014
3	10:35:57	22.12	69.210	30.110	16966.000	29.000	70.433354	14.7557877	143.550228	107.671823	5.40774653	168.992079	36	19.8171745	4.35770509	136.178284
3	10:36:12	22.37	68.650	30.200	16986.000	29.000	69.867041	14.6371452	142.396026	106.806098	5.36426605	167.633314	36	19.8171745	4.32266737	135.083355
3	10:36:27	22.62	69.020	30.140	16996.000	29.000	70.243988	14.7161155	143.164282	107.382339	5.39320735	168.537730	36	19.8171745	4.34598904	135.812157
3	10:36:42	22.87	68.450	30.230	16997.000	29.000	69.679455	14.5978459	142.013707	106.519335	5.34986354	167.183236	36	19.8171745	4.31106145	134.720670
3	10:36:57	23.12	68.400	30.240	17047.000	29.000	69.617058	14.5847736	141.886534	106.423947	5.34507275	167.033524	36	19.8171745	4.30720090	134.600028
3	10:37:12	23.37	68.660	30.200	17053.000	29.000	69.867041	14.6371452	142.396026	106.806098	5.36426605	167.633314	36	19.8171745	4.32266737	135.083355
3	10:37:27	23.62	68.690	30.190	17064.000	29.000	69.929701	14.6502724	142.523733	106.901887	5.36907696	167.783655	36	19.8171745	4.32654413	135.204504
3	10:37:42	23.87	68.670	30.190	17111.000	29.000	69.929701	14.6502724	142.523733	106.901887	5.36907696	167.783655	36	19.8171745	4.32654413	135.204504
3	10:37:57	24.12	68.550	30.210	17112.000	29.000	69.804447	14.6240317	142.268453	106.710410	5.35946019	167.483131	36	19.8171745	4.31879468	134.962334
3	10:38:12	24.37	68.000	30.300	17130.000	29.000	69.244038	14.5066260	141.126284	105.853710	5.31643301	166.138531	36	19.8171745	4.28412224	133.878820
3	10:38:27	24.62	68.220	30.270	17168.000	29.000	69.430256	14.5456385	141.505813	106.138382	5.33073042	166.585326	36	19.8171745	4.29564348	134.238859
3	10:38:42	24.87	67.500	30.390	17178.000	29.000	68.688872	14.3903186	139.994798	105.005024	5.27380830	164.806509	36	19.8171745	4.24977412	132.805441
3	10:38:57	25.12	67.390	30.400	17212.000	29.000	68.627507	14.3774627	139.869731	104.911216	5.26909684	164.659276	36	19.8171745	4.24597750	132.686797
3	10:39:12	25.37	67.610	30.370	17199.000	29.000	68.811792	14.4160705	140.245323	105.192934	5.28324594	165.101436	36	19.8171745	4.25737922	133.043101
3	10:39:27	25.62	66.790	30.500	17202.000	29.000	68.017356	14.2496361	138.626182	103.978475	5.22225053	163.195329	36	19.8171745	4.20822751	131.507110
3	10:39:42	25.87	67.030	30.460	17268.000	29.000	68.260657	14.3006076	139.122053	104.350410	5.24093071	163.779085	36	19.8171745	4.22328050	131.977516
3	10:39:57	26.12	66.290	30.590	17255.000	29.000	67.473601	14.1357193	137.517954	103.147233	5.18050196	161.890686	36	19.8171745	4.17458541	130.455794
3	10:40:12	26.37	67.130	30.450	17286.000	29.000	68.321640	14.3133835	139.246343	104.443635	5.24561289	163.925403	36	19.8171745	4.22705351	132.095422
3	10:40:27	26.62	65.570	30.710	17314.000	29.000	66.756407	13.9854673	136.056243	102.050856	5.12543716	160.169911	36	19.8171745	4.13021274	129.069148
3	10:40:42	26.87	66.870	30.490	17319.000	29.000	68.078087	14.2623591	138.749957	104.071314	5.22691331	163.341041	36	19.8171745	4.21198490	131.624528
3	10:40:57	27.12	66.090	30.620	17341.000	29.000	67.293470	14.0979819	137.150830	102.871866	5.16667184	161.458495	36	19.8171745	4.16344074	130.107523
3	10:41:12	27.37	65.320	30.750	17366.000	29.000	66.519304	13.9357943	135.573003	101.688396	5.10723281	159.601025	36	19.8171745	4.11554319	128.610725
3	10:41:27	27.62	65.790	30.670	17365.000	29.000	66.994487	14.0353451	136.541474	102.414811	5.14371652	160.741141	36	19.8171745	4.14494273	129.529460
3	10:41:42	27.87	66.020	30.630	17411.000	29.000	67.233550	14.0854287	137.028707	102.780267	5.16207131	161.314728	36	19.8171745	4.15973350	129.991672
3	10:41:57	28.12	65.510	30.720	17434.000	29.000	66.697040	13.9730299	135.935247	101.960102	5.12087906	160.027471	36	19.8171745	4.12653970	128.954366
3	10:42:12	28.37	65.330	30.750	17458.000	29.000	66.519304	13.9357943	135.573003	101.688396	5.10723281	159.601025	36	19.8171745	4.11554319	128.610725
3	10:42:27	28.62	65.050	30.800	17438.000	29.000	66.224291	13.8739889	134.971736	101.237407	5.08458221	158.893194	36	19.8171745	4.09729074	128.040336
3	10:42:42	28.87	65.020	30.810	17484.000	29.000	66.165469	13.8616658	134.851852	101.147487	5.08006600	158.752063	36	19.8171745	4.09365146	127.926608
3	10:42:57	29.12	65.090	30.790	17540.000	29.000	66.283173	13.8863247	135.091743	101.327420	5.08910305	159.034470	36	19.8171745	4.10093375	128.154180
3	10:43:12	29.37	65.230	30.770	17556.000	29.000	66.401117	13.9110341	135.332126	101.507723	5.09815863	159.317457	36	19.8171745	4.10823098	128.382218
3	10:43:27	29.62	63.830	31.010	17572.000	29.000	65.001571	13.6178291	132.479711	99.368229	4.99070397	155.959499	36	19.8171745	4.02164118	125.676287
3	10:43:42	29.87	64.550	30.890	17595.000	29.000	65.697058	13.7635336	133.897182	100.431423	5.04410220	157.628194	36	19.8171745	4.06467088	127.020965
3	10:43:57	30.12	63.670	31.040	17586.000	29.000	64.829022	13.5816801	132.128038	99.104453	4.97745597	155.545499	36	19.8171745	4.01096558	125.342674
3	10:44:12	30.37	63.710	31.040	17621.000	29.000	64.829022	13.5816801	132.128038	99.104453	4.97745597	155.545499	36	19.8171745	4.01096558	125.342674
3	10:44:27	30.62	63.590	31.060	17590.000	29.000	64.714281	13.5576418	131.894184	98.929047	4.96864635	155.270199	36	19.8171745	4.00386656	125.120830
3	10:44:42	30.87	63.630	31.050	17652.000	29.000	64.771622	13.5696549	132.011052	99.016705	4.97304893	155.407779	36	19.8171745	4.00741427	125.231696
3	10:44:57	31.12	63.510	31.070	17653.000	29.000	64.656998	13.5456410	131.777435	98.841478	4.96424824	155.132758	36	19.8171745	4.00032245	125.010076
3	10:45:12	31.37	63.570	31.060	17672.000	29.000	64.714281	13.5576418	131.894184	98.929047	4.96864635	155.270199	36	19.8171745	4.00386656	125.120830
3	10:45:27	31.62	63.110	31.140	17705.000	29.000	64.257635	13.4619746	130.963495	98.230971	4.93358591	154.174560	36	19.8171745	3.97561393	124.237935
3	10:45:42	31.87	63.360	31.100	17716.000	29.000	64.485496	13.5097113	131.427897	98.579302	4.95108063	154.721270	36	19.8171745	3.98971164	124.678489
3	10:45:57	32.12	62.870	31.190	17742.000	29.000	63.974102	13.4025745	130.385627	97.797533	4.91181678	153.494274	36	19.8171745	3.95807179	123.689743
3	10:46:12	32.37	62.830	31.190	17766.000	29.000	63.974102	13.4025745	130.385627	97.797533	4.91181678	153.494274	36	19.8171745	3.95807179	123.689743
3	10:46:27	32.62	62.320	31.280	17796.000	29.000	63.467333	13.2964063	129.352780	97.022832	4.87290795	152.278373	36	19.8171745	3.92671802	122.709938
3	10:46:42	32.87	61.880	31.370	17783.000	29.000	62.965130	13.1911948	128.329240	96.255112	4.83434970	151.073428	36	19.8171745	3.89564677	121.738962
