Chamber	Time	Logtime_min	OxyPercent_airsat	Phase	Amp	TempC	per_air-sat	per_oxygen	pO2_hPa	pO2_Torr	cO2_mg_L	cO2_umol_L	Salinity	chlorinity	SalCorcO2_mg_L	SalCorcO2_umol_L
5	12:56:37	0.00	78.390	28.710	8555.000	29.000	79.982318	16.7562957	163.011973	122.269373	6.14089885	191.903089	36	19.8171745	4.94849861	154.640582
5	12:56:51	0.23	80.890	28.370	8598.000	29.000	82.530718	17.2901854	168.205867	126.165124	6.33656040	198.017512	36	19.8171745	5.10616786	159.567745
5	12:57:06	0.47	78.820	28.650	8607.000	29.000	80.425048	16.8490476	163.914302	122.946177	6.17489089	192.965340	36	19.8171745	4.97589029	155.496572
5	12:57:21	0.72	78.810	28.650	8569.000	29.000	80.425048	16.8490476	163.914302	122.946177	6.17489089	192.965340	36	19.8171745	4.97589029	155.496572
5	12:57:36	0.97	80.650	28.400	8580.000	29.000	82.301943	17.2422570	167.739600	125.815395	6.31899546	197.468608	36	19.8171745	5.09201356	159.125424
5	12:57:51	1.22	79.670	28.540	8550.000	29.000	81.244432	17.0207086	165.584289	124.198773	6.23780172	194.931304	36	19.8171745	5.02658551	157.080797
5	12:58:06	1.48	80.200	28.460	8569.000	29.000	81.846695	17.1468826	166.811760	125.119455	6.28404235	196.376323	36	19.8171745	5.06384742	158.245232
5	12:58:21	1.72	79.850	28.510	8564.000	29.000	81.469650	17.0678917	166.043305	124.543065	6.25509354	195.471673	36	19.8171745	5.04051970	157.516241
5	12:58:36	1.97	81.620	28.280	8577.000	29.000	83.221689	17.4349438	169.614135	127.221415	6.38961191	199.675372	36	19.8171745	5.14891817	160.903693
5	12:58:51	2.23	82.620	28.140	8622.000	29.000	84.310565	17.6630634	171.833374	128.885985	6.47321387	202.287934	36	19.8171745	5.21628684	163.008964
5	12:59:06	2.47	81.150	28.340	8589.000	29.000	82.760265	17.3382755	168.673707	126.516034	6.35418461	198.568269	36	19.8171745	5.12036991	160.011560
5	12:59:21	2.73	79.130	28.610	8556.000	29.000	80.721846	16.9112267	164.519205	123.399892	6.19767846	193.677452	36	19.8171745	4.99425312	156.070410
5	12:59:36	2.98	81.050	28.350	8564.000	29.000	82.683663	17.3222274	168.517585	126.398932	6.34830327	198.384477	36	19.8171745	5.11563057	159.863455
5	12:59:51	3.23	80.280	28.450	8549.000	29.000	81.922357	17.1627338	166.965967	125.235120	6.28985156	196.557861	36	19.8171745	5.06852864	158.391520
5	13:00:06	3.47	79.850	28.510	8582.000	29.000	81.469650	17.0678917	166.043305	124.543065	6.25509354	195.471673	36	19.8171745	5.04051970	157.516241
5	13:00:21	3.73	81.460	28.300	8561.000	29.000	83.067534	17.4026484	169.299953	126.985758	6.37777622	199.305507	36	19.8171745	5.13938065	160.605645
5	13:00:36	3.98	80.330	28.450	8565.000	29.000	81.922357	17.1627338	166.965967	125.235120	6.28985156	196.557861	36	19.8171745	5.06852864	158.391520
5	13:00:51	4.23	79.900	28.510	8592.000	29.000	81.469650	17.0678917	166.043305	124.543065	6.25509354	195.471673	36	19.8171745	5.04051970	157.516241
5	13:01:06	4.48	80.970	28.360	8591.000	29.000	82.607147	17.3061974	168.361638	126.281963	6.34242854	198.200892	36	19.8171745	5.11089656	159.715517
5	13:01:21	4.73	81.200	28.330	8588.000	29.000	82.836953	17.3543416	168.830004	126.633267	6.36007256	198.752268	36	19.8171745	5.12511458	160.159831
5	13:01:36	4.97	80.500	28.420	8610.000	29.000	82.149853	17.2103942	167.429627	125.582895	6.30731830	197.103697	36	19.8171745	5.08260380	158.831369
5	13:01:51	5.23	80.690	28.400	8571.000	29.000	82.301943	17.2422570	167.739600	125.815395	6.31899546	197.468608	36	19.8171745	5.09201356	159.125424
5	13:02:06	5.48	80.510	28.420	8578.000	29.000	82.149853	17.2103942	167.429627	125.582895	6.30731830	197.103697	36	19.8171745	5.08260380	158.831369
5	13:02:21	5.73	80.550	28.420	8565.000	29.000	82.149853	17.2103942	167.429627	125.582895	6.30731830	197.103697	36	19.8171745	5.08260380	158.831369
5	13:02:36	5.98	80.600	28.410	8575.000	29.000	82.225855	17.2263167	167.584527	125.699079	6.31315361	197.286050	36	19.8171745	5.08730605	158.978314
5	13:02:51	6.23	79.290	28.590	8568.000	29.000	80.870741	16.9424202	164.822667	123.627509	6.20911033	194.034698	36	19.8171745	5.00346522	156.358288
5	13:03:06	6.48	79.970	28.500	8552.000	29.000	81.544891	17.0836546	166.196652	124.658085	6.26087036	195.652199	36	19.8171745	5.04517482	157.661713
5	13:03:21	6.73	82.230	28.190	8601.000	29.000	83.919702	17.5811775	171.036755	128.288471	6.44320411	201.350128	36	19.8171745	5.19210417	162.253255
5	13:03:36	6.98	81.650	28.270	8574.000	29.000	83.298896	17.4511188	169.771491	127.339442	6.39553977	199.860618	36	19.8171745	5.15369499	161.052968
5	13:03:51	7.23	82.020	28.220	8565.000	29.000	83.686242	17.5322678	170.560942	127.931581	6.42527951	200.789985	36	19.8171745	5.17766006	161.801877
5	13:04:06	7.48	82.660	28.140	8566.000	29.000	84.310565	17.6630634	171.833374	128.885985	6.47321387	202.287934	36	19.8171745	5.21628684	163.008964
5	13:04:21	7.73	80.450	28.430	8583.000	29.000	82.073936	17.1944896	167.274900	125.466840	6.30148953	196.921548	36	19.8171745	5.07790682	158.684588
5	13:04:36	7.98	81.040	28.350	8585.000	29.000	82.683663	17.3222274	168.517585	126.398932	6.34830327	198.384477	36	19.8171745	5.11563057	159.863455
5	13:04:51	8.23	81.480	28.290	8588.000	29.000	83.144568	17.4187870	169.456955	127.103520	6.38369073	199.490335	36	19.8171745	5.14414672	160.754585
5	13:05:06	8.48	81.710	28.260	8534.000	29.000	83.376191	17.4673120	169.929026	127.457603	6.40147431	200.046072	36	19.8171745	5.15847720	161.202412
5	13:05:21	8.73	80.600	28.410	8569.000	29.000	82.225855	17.2263167	167.584527	125.699079	6.31315361	197.286050	36	19.8171745	5.08730605	158.978314
5	13:05:36	8.98	81.320	28.320	8561.000	29.000	82.913727	17.3704257	168.986477	126.750632	6.36596714	198.936473	36	19.8171745	5.12986459	160.308268
5	13:05:51	9.23	83.150	28.080	8541.000	29.000	84.782532	17.7619404	172.795290	129.607484	6.50945065	203.420333	36	19.8171745	5.24548739	163.921481
5	13:06:06	9.48	81.910	28.240	8605.000	29.000	83.531042	17.4997532	170.244627	127.694324	6.41336348	200.417609	36	19.8171745	5.16805781	161.501807
5	13:06:21	9.73	79.910	28.500	8571.000	29.000	81.544891	17.0836546	166.196652	124.658085	6.26087036	195.652199	36	19.8171745	5.04517482	157.661713
5	13:06:36	9.98	81.290	28.320	8552.000	29.000	82.913727	17.3704257	168.986477	126.750632	6.36596714	198.936473	36	19.8171745	5.12986459	160.308268
5	13:06:51	10.23	82.000	28.220	8542.000	29.000	83.686242	17.5322678	170.560942	127.931581	6.42527951	200.789985	36	19.8171745	5.17766006	161.801877
5	13:07:06	10.48	82.270	28.190	8592.000	29.000	83.919702	17.5811775	171.036755	128.288471	6.44320411	201.350128	36	19.8171745	5.19210417	162.253255
5	13:07:21	10.73	82.250	28.190	8576.000	29.000	83.919702	17.5811775	171.036755	128.288471	6.44320411	201.350128	36	19.8171745	5.19210417	162.253255
5	13:07:36	10.98	80.110	28.480	8560.000	29.000	81.695624	17.1152332	166.503862	124.888512	6.27244340	196.013856	36	19.8171745	5.05450068	157.953146
5	13:07:51	11.23	82.360	28.180	8600.000	29.000	83.997698	17.5975177	171.195719	128.407704	6.44919249	201.537265	36	19.8171745	5.19692977	162.404055
5	13:08:06	11.48	81.890	28.240	8537.000	29.000	83.531042	17.4997532	170.244627	127.694324	6.41336348	200.417609	36	19.8171745	5.16805781	161.501807
5	13:08:21	11.73	83.370	28.050	8565.000	29.000	85.019723	17.8116320	173.278709	129.970079	6.52766176	203.989430	36	19.8171745	5.26016238	164.380074
5	13:08:36	11.98	82.480	28.160	8531.000	29.000	84.153954	17.6302534	171.514185	128.646574	6.46118959	201.912175	36	19.8171745	5.20659735	162.706167
5	13:08:51	12.23	82.520	28.160	8521.000	29.000	84.153954	17.6302534	171.514185	128.646574	6.46118959	201.912175	36	19.8171745	5.20659735	162.706167
5	13:09:06	12.48	83.180	28.070	8528.000	29.000	84.861506	17.7784855	172.956246	129.728212	6.51551413	203.609816	36	19.8171745	5.25037350	164.074172
5	13:09:21	12.73	81.660	28.270	8523.000	29.000	83.298896	17.4511188	169.771491	127.339442	6.39553977	199.860618	36	19.8171745	5.15369499	161.052968
5	13:09:36	12.98	83.540	28.030	8560.000	29.000	85.178300	17.8448539	173.601905	130.212497	6.53983702	204.369907	36	19.8171745	5.26997353	164.686673
5	13:09:51	13.23	82.750	28.130	8547.000	29.000	84.389003	17.6794962	171.993239	129.005895	6.47923623	202.476132	36	19.8171745	5.22113982	163.160619
5	13:10:06	13.48	83.480	28.030	8578.000	29.000	85.178300	17.8448539	173.601905	130.212497	6.53983702	204.369907	36	19.8171745	5.26997353	164.686673
5	13:10:21	13.73	82.690	28.140	8523.000	29.000	84.310565	17.6630634	171.833374	128.885985	6.47321387	202.287934	36	19.8171745	5.21628684	163.008964
5	13:10:36	13.98	81.620	28.270	8549.000	29.000	83.298896	17.4511188	169.771491	127.339442	6.39553977	199.860618	36	19.8171745	5.15369499	161.052968
5	13:10:51	14.23	81.900	28.240	8544.000	29.000	83.531042	17.4997532	170.244627	127.694324	6.41336348	200.417609	36	19.8171745	5.16805781	161.501807
5	13:11:06	14.48	82.120	28.210	8567.000	29.000	83.763974	17.5485526	170.719367	128.050410	6.43124763	200.976488	36	19.8171745	5.18246933	161.952167
5	13:11:21	14.73	84.810	27.860	8538.000	29.000	86.540893	18.1303171	176.379006	132.295499	6.64445447	207.639202	36	19.8171745	5.35427703	167.321157
5	13:11:36	14.98	84.210	27.940	8574.000	29.000	85.896381	17.9952918	175.065425	131.310230	6.59496996	206.092811	36	19.8171745	5.31440111	166.075035
5	13:11:51	15.23	84.120	27.950	8556.000	29.000	85.816230	17.9785002	174.902069	131.187703	6.58881612	205.900504	36	19.8171745	5.30944219	165.920068
5	13:12:06	15.47	83.710	28.000	8496.000	29.000	85.416843	17.8948286	174.088079	130.577158	6.55815192	204.942248	36	19.8171745	5.28473216	165.147880
5	13:12:21	15.73	83.650	28.010	8553.000	29.000	85.337238	17.8781514	173.925837	130.455466	6.55204001	204.751250	36	19.8171745	5.27980702	164.993969
5	13:12:36	15.98	83.330	28.050	8547.000	29.000	85.019723	17.8116320	173.278709	129.970079	6.52766176	203.989430	36	19.8171745	5.26016238	164.380074
5	13:12:51	16.23	83.190	28.070	8531.000	29.000	84.861506	17.7784855	172.956246	129.728212	6.51551413	203.609816	36	19.8171745	5.25037350	164.074172
5	13:13:06	16.48	85.010	27.840	8549.000	29.000	86.702944	18.1642669	176.709283	132.543228	6.65689648	208.028015	36	19.8171745	5.36430313	167.634473
5	13:13:21	16.73	83.440	28.040	8536.000	29.000	85.098966	17.8282335	173.440215	130.091219	6.53374593	204.179560	36	19.8171745	5.26506517	164.533286
5	13:13:36	16.98	84.220	27.940	8535.000	29.000	85.896381	17.9952918	175.065425	131.310230	6.59496996	206.092811	36	19.8171745	5.31440111	166.075035
5	13:13:51	17.23	84.270	27.930	8536.000	29.000	85.976623	18.0121025	175.228967	131.432897	6.60113083	206.285338	36	19.8171745	5.31936570	166.230178
5	13:14:06	17.48	83.780	27.990	8526.000	29.000	85.496539	17.9115248	174.250507	130.698989	6.56427080	205.133462	36	19.8171745	5.28966291	165.301966
5	13:14:21	17.73	83.880	27.980	8511.000	29.000	85.576325	17.9282400	174.413119	130.820959	6.57039664	205.324895	36	19.8171745	5.29459928	165.456228
5	13:14:36	17.98	83.290	28.060	8512.000	29.000	84.940569	17.7950493	173.117386	129.849077	6.52158449	203.799515	36	19.8171745	5.25526516	164.227036
5	13:14:51	18.23	84.620	27.890	8503.000	29.000	86.298510	18.0795379	175.885005	131.924968	6.62584475	207.057648	36	19.8171745	5.33928083	166.852526
5	13:15:06	18.48	84.860	27.860	8522.000	29.000	86.540893	18.1303171	176.379006	132.295499	6.64445447	207.639202	36	19.8171745	5.35427703	167.321157
5	13:15:21	18.73	83.430	28.040	8511.000	29.000	85.098966	17.8282335	173.440215	130.091219	6.53374593	204.179560	36	19.8171745	5.26506517	164.533286
5	13:15:36	18.98	83.190	28.070	8524.000	29.000	84.861506	17.7784855	172.956246	129.728212	6.51551413	203.609816	36	19.8171745	5.25037350	164.074172
5	13:15:51	19.22	84.570	27.890	8524.000	29.000	86.298510	18.0795379	175.885005	131.924968	6.62584475	207.057648	36	19.8171745	5.33928083	166.852526
5	13:16:06	19.48	84.370	27.920	8517.000	29.000	86.056957	18.0289325	175.392696	131.555704	6.60729873	206.478085	36	19.8171745	5.32433596	166.385499
5	13:16:21	19.73	84.720	27.870	8514.000	29.000	86.460006	18.1133713	176.214150	132.171847	6.63824413	207.445129	36	19.8171745	5.34927258	167.164768
5	13:16:36	19.98	83.620	28.010	8526.000	29.000	85.337238	17.8781514	173.925837	130.455466	6.55204001	204.751250	36	19.8171745	5.27980702	164.993969
5	13:16:51	20.23	85.290	27.800	8515.000	29.000	87.028163	18.2324001	177.372110	133.040391	6.68186616	208.808318	36	19.8171745	5.38442437	168.263261
5	13:17:06	20.48	84.250	27.930	8528.000	29.000	85.976623	18.0121025	175.228967	131.432897	6.60113083	206.285338	36	19.8171745	5.31936570	166.230178
5	13:17:21	20.73	83.570	28.020	8526.000	29.000	85.257724	17.8614932	173.763779	130.333912	6.54593504	204.560470	36	19.8171745	5.27488748	164.840234
5	13:17:36	20.98	83.480	28.030	8539.000	29.000	85.178300	17.8448539	173.601905	130.212497	6.53983702	204.369907	36	19.8171745	5.26997353	164.686673
5	13:17:51	21.23	83.280	28.060	8531.000	29.000	84.940569	17.7950493	173.117386	129.849077	6.52158449	203.799515	36	19.8171745	5.25526516	164.227036
5	13:18:06	21.48	84.300	27.930	8538.000	29.000	85.976623	18.0121025	175.228967	131.432897	6.60113083	206.285338	36	19.8171745	5.31936570	166.230178
5	13:18:21	21.73	84.040	27.960	8550.000	29.000	85.736170	17.9617277	174.738900	131.065316	6.58266930	205.708416	36	19.8171745	5.30448891	165.765278
5	13:18:36	21.98	82.970	28.100	8546.000	29.000	84.624853	17.7289066	172.473923	129.366439	6.49734432	203.042010	36	19.8171745	5.23573179	163.616618
5	13:18:51	22.23	83.510	28.030	8547.000	29.000	85.178300	17.8448539	173.601905	130.212497	6.53983702	204.369907	36	19.8171745	5.26997353	164.686673
5	13:19:06	22.47	81.880	28.240	8548.000	29.000	83.531042	17.4997532	170.244627	127.694324	6.41336348	200.417609	36	19.8171745	5.16805781	161.501807
5	13:19:21	22.73	82.720	28.130	8552.000	29.000	84.389003	17.6794962	171.993239	129.005895	6.47923623	202.476132	36	19.8171745	5.22113982	163.160619
5	13:19:36	22.98	83.220	28.070	8559.000	29.000	84.861506	17.7784855	172.956246	129.728212	6.51551413	203.609816	36	19.8171745	5.25037350	164.074172
5	13:19:51	23.23	84.050	27.960	8582.000	29.000	85.736170	17.9617277	174.738900	131.065316	6.58266930	205.708416	36	19.8171745	5.30448891	165.765278
5	13:20:06	23.48	82.660	28.140	8581.000	29.000	84.310565	17.6630634	171.833374	128.885985	6.47321387	202.287934	36	19.8171745	5.21628684	163.008964
5	13:20:21	23.73	82.060	28.220	8603.000	29.000	83.686242	17.5322678	170.560942	127.931581	6.42527951	200.789985	36	19.8171745	5.17766006	161.801877
5	13:20:36	23.98	81.100	28.340	8582.000	29.000	82.760265	17.3382755	168.673707	126.516034	6.35418461	198.568269	36	19.8171745	5.12036991	160.011560
5	13:20:51	24.23	83.170	28.070	8599.000	29.000	84.861506	17.7784855	172.956246	129.728212	6.51551413	203.609816	36	19.8171745	5.25037350	164.074172
5	13:21:06	24.48	82.390	28.170	8610.000	29.000	84.075782	17.6138763	171.354862	128.527071	6.45518764	201.724614	36	19.8171745	5.20176083	162.555026
5	13:21:21	24.73	82.720	28.130	8595.000	29.000	84.389003	17.6794962	171.993239	129.005895	6.47923623	202.476132	36	19.8171745	5.22113982	163.160619
5	13:21:36	24.98	82.680	28.140	8627.000	29.000	84.310565	17.6630634	171.833374	128.885985	6.47321387	202.287934	36	19.8171745	5.21628684	163.008964
5	13:21:51	25.23	82.480	28.160	8616.000	29.000	84.153954	17.6302534	171.514185	128.646574	6.46118959	201.912175	36	19.8171745	5.20659735	162.706167
5	13:22:06	25.48	82.410	28.170	8608.000	29.000	84.075782	17.6138763	171.354862	128.527071	6.45518764	201.724614	36	19.8171745	5.20176083	162.555026
5	13:22:21	25.73	82.310	28.180	8619.000	29.000	83.997698	17.5975177	171.195719	128.407704	6.44919249	201.537265	36	19.8171745	5.19692977	162.404055
5	13:22:36	25.98	82.160	28.200	8637.000	29.000	83.841794	17.5648559	170.877972	128.169373	6.43722249	201.163203	36	19.8171745	5.18728403	162.102626
5	13:22:51	26.23	81.730	28.260	8645.000	29.000	83.376191	17.4673120	169.929026	127.457603	6.40147431	200.046072	36	19.8171745	5.15847720	161.202412
5	13:23:06	26.48	82.210	28.200	8642.000	29.000	83.841794	17.5648559	170.877972	128.169373	6.43722249	201.163203	36	19.8171745	5.18728403	162.102626
5	13:23:21	26.73	80.420	28.430	8662.000	29.000	82.073936	17.1944896	167.274900	125.466840	6.30148953	196.921548	36	19.8171745	5.07790682	158.684588
5	13:23:36	26.98	82.550	28.150	8666.000	29.000	84.232215	17.6466491	171.673689	128.766212	6.46719833	202.099948	36	19.8171745	5.21143935	162.857480
5	13:23:51	27.23	82.080	28.210	8660.000	29.000	83.763974	17.5485526	170.719367	128.050410	6.43124763	200.976488	36	19.8171745	5.18246933	161.952167
5	13:24:06	27.48	82.190	28.200	8680.000	29.000	83.841794	17.5648559	170.877972	128.169373	6.43722249	201.163203	36	19.8171745	5.18728403	162.102626
5	13:24:21	27.73	81.970	28.230	8673.000	29.000	83.608598	17.5160013	170.402695	127.812886	6.41931813	200.603692	36	19.8171745	5.17285623	161.651757
5	13:24:36	27.98	81.060	28.350	8677.000	29.000	82.683663	17.3222274	168.517585	126.398932	6.34830327	198.384477	36	19.8171745	5.11563057	159.863455
5	13:24:51	28.23	79.490	28.560	8692.000	29.000	81.094706	16.9893408	165.279130	123.969885	6.22630597	194.572062	36	19.8171745	5.01732192	156.791310
5	13:25:06	28.48	80.690	28.400	8690.000	29.000	82.301943	17.2422570	167.739600	125.815395	6.31899546	197.468608	36	19.8171745	5.09201356	159.125424
5	13:25:21	28.73	81.420	28.300	8693.000	29.000	83.067534	17.4026484	169.299953	126.985758	6.37777622	199.305507	36	19.8171745	5.13938065	160.605645
5	13:25:36	28.98	82.420	28.170	8699.000	29.000	84.075782	17.6138763	171.354862	128.527071	6.45518764	201.724614	36	19.8171745	5.20176083	162.555026
5	13:25:51	29.23	80.560	28.420	8698.000	29.000	82.149853	17.2103942	167.429627	125.582895	6.30731830	197.103697	36	19.8171745	5.08260380	158.831369
5	13:26:06	29.48	80.530	28.420	8704.000	29.000	82.149853	17.2103942	167.429627	125.582895	6.30731830	197.103697	36	19.8171745	5.08260380	158.831369
5	13:26:21	29.73	80.450	28.430	8719.000	29.000	82.073936	17.1944896	167.274900	125.466840	6.30148953	196.921548	36	19.8171745	5.07790682	158.684588
5	13:26:36	29.98	80.350	28.440	8721.000	29.000	81.998104	17.1786028	167.120347	125.350915	6.29566729	196.739603	36	19.8171745	5.07321511	158.537972
5	13:26:51	30.23	80.340	28.450	8726.000	29.000	81.922357	17.1627338	166.965967	125.235120	6.28985156	196.557861	36	19.8171745	5.06852864	158.391520
5	13:27:06	30.48	79.800	28.520	8766.000	29.000	81.394494	17.0521464	165.890129	124.428173	6.24932316	195.291349	36	19.8171745	5.03586978	157.370931
5	13:27:21	30.73	79.690	28.530	8720.000	29.000	81.319421	17.0364187	165.737123	124.313409	6.24355923	195.111226	36	19.8171745	5.03122505	157.225783
5	13:27:36	30.98	80.310	28.450	8729.000	29.000	81.922357	17.1627338	166.965967	125.235120	6.28985156	196.557861	36	19.8171745	5.06852864	158.391520
5	13:27:51	31.23	80.550	28.420	8730.000	29.000	82.149853	17.2103942	167.429627	125.582895	6.30731830	197.103697	36	19.8171745	5.08260380	158.831369
5	13:28:06	31.48	80.100	28.480	8765.000	29.000	81.695624	17.1152332	166.503862	124.888512	6.27244340	196.013856	36	19.8171745	5.05450068	157.953146
5	13:28:21	31.73	80.720	28.400	8748.000	29.000	82.301943	17.2422570	167.739600	125.815395	6.31899546	197.468608	36	19.8171745	5.09201356	159.125424
5	13:28:36	31.98	79.100	28.610	8735.000	29.000	80.721846	16.9112267	164.519205	123.399892	6.19767846	193.677452	36	19.8171745	4.99425312	156.070410
5	13:28:51	32.23	79.340	28.580	8769.000	29.000	80.945312	16.9580430	164.974652	123.741507	6.21483583	194.213620	36	19.8171745	5.00807898	156.502468
5	13:29:06	32.48	80.250	28.460	8772.000	29.000	81.846695	17.1468826	166.811760	125.119455	6.28404235	196.376323	36	19.8171745	5.06384742	158.245232
5	13:29:21	32.73	78.880	28.640	8785.000	29.000	80.499124	16.8645665	164.065275	123.059417	6.18057828	193.143071	36	19.8171745	4.98047334	155.639792
5	13:29:36	32.98	79.830	28.510	8790.000	29.000	81.469650	17.0678917	166.043305	124.543065	6.25509354	195.471673	36	19.8171745	5.04051970	157.516241
5	13:29:51	33.23	79.270	28.590	8796.000	29.000	80.870741	16.9424202	164.822667	123.627509	6.20911033	194.034698	36	19.8171745	5.00346522	156.358288
5	13:30:06	33.48	79.570	28.550	8799.000	29.000	81.169527	17.0050160	165.431624	124.084265	6.23205064	194.751583	36	19.8171745	5.02195113	156.935973
5	13:30:21	33.73	79.410	28.570	8810.000	29.000	81.019967	16.9736832	165.126806	123.855633	6.22056770	194.392741	36	19.8171745	5.01269787	156.646809
5	13:30:36	33.98	79.580	28.550	8798.000	29.000	81.169527	17.0050160	165.431624	124.084265	6.23205064	194.751583	36	19.8171745	5.02195113	156.935973
5	13:30:51	34.23	78.860	28.650	8795.000	29.000	80.425048	16.8490476	163.914302	122.946177	6.17489089	192.965340	36	19.8171745	4.97589029	155.496572
5	13:31:06	34.48	79.580	28.550	8809.000	29.000	81.169527	17.0050160	165.431624	124.084265	6.23205064	194.751583	36	19.8171745	5.02195113	156.935973
