Chamber	Time	Logtime_min	OxyPercent_airsat	Phase	Amp	TempC	per_air-sat	per_oxygen	pO2_hPa	pO2_Torr	cO2_mg_L	cO2_umol_L	Salinity	chlorinity	SalCorcO2_mg_L	SalCorcO2_umol_L
2	13:36:10	0.00	76.520	29.130	19080.000	29.000	76.963971	16.1239520	156.860280	117.655211	5.90915560	184.661113	36	19.8171745	4.76175377	148.804805
2	13:36:24	0.24	75.660	29.250	19131.000	29.000	76.126793	15.9485632	155.154027	116.375412	5.84487856	182.652455	36	19.8171745	4.70995764	147.186176
2	13:36:39	0.49	75.140	29.330	19152.000	29.000	75.574711	15.8329020	154.028829	115.531442	5.80249072	181.327835	36	19.8171745	4.67580039	146.118762
2	13:36:54	0.74	76.170	29.180	19166.000	29.000	76.613817	16.0505946	156.146630	117.119928	5.88227136	183.820980	36	19.8171745	4.74008974	148.127805
2	13:37:09	0.99	75.790	29.230	19127.000	29.000	76.265565	15.9776358	155.436857	116.587553	5.85553318	182.985412	36	19.8171745	4.71854341	147.454482
2	13:37:24	1.24	76.400	29.140	19117.000	29.000	76.893788	16.1092485	156.717239	117.547921	5.90376702	184.492719	36	19.8171745	4.75741151	148.669110
2	13:37:39	1.49	75.290	29.300	19012.000	29.000	75.781181	15.8761574	154.449635	115.847073	5.81834306	181.823221	36	19.8171745	4.68857463	146.517957
2	13:37:54	1.74	76.660	29.110	19004.000	29.000	77.104569	16.1534072	157.146832	117.870143	5.91995043	184.998451	36	19.8171745	4.77045253	149.076642
2	13:38:09	1.99	76.510	29.130	19092.000	29.000	76.963971	16.1239520	156.860280	117.655211	5.90915560	184.661113	36	19.8171745	4.76175377	148.804805
2	13:38:24	2.24	75.140	29.330	19038.000	29.000	75.574711	15.8329020	154.028829	115.531442	5.80249072	181.327835	36	19.8171745	4.67580039	146.118762
2	13:38:39	2.49	76.160	29.180	19033.000	29.000	76.613817	16.0505946	156.146630	117.119928	5.88227136	183.820980	36	19.8171745	4.74008974	148.127805
2	13:38:54	2.74	76.690	29.100	19036.000	29.000	77.174983	16.1681589	157.290343	117.977785	5.92535670	185.167397	36	19.8171745	4.77480905	149.212783
2	13:39:09	2.99	75.990	29.200	19020.000	29.000	76.474288	16.0213634	155.862257	116.906630	5.87155862	183.486207	36	19.8171745	4.73145713	147.858035
2	13:39:24	3.24	76.960	29.060	18949.000	29.000	77.457410	16.2273274	157.865958	118.409533	5.94704096	185.845030	36	19.8171745	4.79228279	149.758837
2	13:39:39	3.49	75.400	29.290	18910.000	29.000	75.850153	15.8906071	154.590207	115.952512	5.82363865	181.988708	36	19.8171745	4.69284195	146.651311
2	13:39:54	3.74	77.330	29.010	18901.000	29.000	77.812188	16.3016533	158.589030	118.951883	5.97428013	186.696254	36	19.8171745	4.81423284	150.444776
2	13:40:09	3.99	76.870	29.080	18912.000	29.000	77.316042	16.1977108	157.577836	118.193423	5.93618697	185.505843	36	19.8171745	4.78353636	149.485511
2	13:40:24	4.24	78.280	28.880	18916.000	29.000	78.743772	16.4968203	160.487693	120.376002	6.04580554	188.931423	36	19.8171745	4.87186991	152.245935
2	13:40:39	4.49	77.080	29.050	18892.000	29.000	77.528210	16.2421601	158.010256	118.517766	5.95247686	186.014902	36	19.8171745	4.79666319	149.895725
2	13:40:54	4.74	79.430	28.720	18812.000	29.000	79.908816	16.7408969	162.862168	122.157010	6.13525548	191.726734	36	19.8171745	4.94395103	154.498470
2	13:41:09	4.99	78.050	28.910	18850.000	29.000	78.527608	16.4515338	160.047128	120.045550	6.02920881	188.412775	36	19.8171745	4.85849582	151.827994
2	13:41:24	5.24	77.860	28.940	18782.000	29.000	78.312156	16.4063966	159.608015	119.716187	6.01266678	187.895837	36	19.8171745	4.84516582	151.411432
2	13:41:39	5.49	79.040	28.770	18769.000	29.000	79.542524	16.6641587	162.115628	121.597057	6.10713222	190.847882	36	19.8171745	4.92128857	153.790268
2	13:41:54	5.74	79.570	28.700	18804.000	29.000	80.055902	16.7717115	163.161944	122.381861	6.14654849	192.079640	36	19.8171745	4.95305123	154.782851
2	13:42:09	5.99	79.640	28.690	18748.000	29.000	80.129567	16.7871444	163.312082	122.494474	6.15220439	192.256387	36	19.8171745	4.95760891	154.925278
2	13:42:24	6.24	79.000	28.780	18776.000	29.000	79.469508	16.6488620	161.966815	121.485438	6.10152622	190.672694	36	19.8171745	4.91677110	153.649097
2	13:42:39	6.49	78.540	28.840	18715.000	29.000	79.033106	16.5574357	161.077384	120.818307	6.06802004	189.625626	36	19.8171745	4.88977094	152.805342
2	13:42:54	6.74	79.920	28.650	18758.000	29.000	80.425048	16.8490476	163.914302	122.946177	6.17489089	192.965340	36	19.8171745	4.97589029	155.496572
2	13:43:09	6.99	80.560	28.560	18748.000	29.000	81.094706	16.9893408	165.279130	123.969885	6.22630597	194.572062	36	19.8171745	5.01732192	156.791310
2	13:43:24	7.24	79.680	28.680	18678.000	29.000	80.203315	16.8025944	163.462386	122.607211	6.15786657	192.433330	36	19.8171745	4.96217164	155.067864
2	13:43:39	7.49	79.170	28.750	18634.000	29.000	79.688797	16.6948030	162.413748	121.820666	6.11836284	191.198839	36	19.8171745	4.93033850	154.073078
2	13:43:54	7.74	80.200	28.610	18651.000	29.000	80.721846	16.9112267	164.519205	123.399892	6.19767846	193.677452	36	19.8171745	4.99425312	156.070410
2	13:44:09	7.99	79.800	28.670	18638.000	29.000	80.277144	16.8180616	163.612858	122.720074	6.16353504	192.610470	36	19.8171745	4.96673945	155.210608
2	13:44:24	8.24	81.020	28.500	18611.000	29.000	81.544891	17.0836546	166.196652	124.658085	6.26087036	195.652199	36	19.8171745	5.04517482	157.661713
2	13:44:39	8.49	79.990	28.640	18572.000	29.000	80.499124	16.8645665	164.065275	123.059417	6.18057828	193.143071	36	19.8171745	4.98047334	155.639792
2	13:44:54	8.74	80.550	28.570	18563.000	29.000	81.019967	16.9736832	165.126806	123.855633	6.22056770	194.392741	36	19.8171745	5.01269787	156.646809
2	13:45:09	8.99	80.870	28.520	18499.000	29.000	81.394494	17.0521464	165.890129	124.428173	6.24932316	195.291349	36	19.8171745	5.03586978	157.370931
2	13:45:24	9.24	79.550	28.700	18503.000	29.000	80.055902	16.7717115	163.161944	122.381861	6.14654849	192.079640	36	19.8171745	4.95305123	154.782851
2	13:45:39	9.49	80.210	28.610	18570.000	29.000	80.721846	16.9112267	164.519205	123.399892	6.19767846	193.677452	36	19.8171745	4.99425312	156.070410
2	13:45:54	9.74	80.600	28.560	18479.000	29.000	81.094706	16.9893408	165.279130	123.969885	6.22630597	194.572062	36	19.8171745	5.01732192	156.791310
2	13:46:09	9.99	82.310	28.330	18484.000	29.000	82.836953	17.3543416	168.830004	126.633267	6.36007256	198.752268	36	19.8171745	5.12511458	160.159831
2	13:46:24	10.24	82.280	28.340	18453.000	29.000	82.760265	17.3382755	168.673707	126.516034	6.35418461	198.568269	36	19.8171745	5.12036991	160.011560
2	13:46:39	10.49	81.360	28.460	18380.000	29.000	81.846695	17.1468826	166.811760	125.119455	6.28404235	196.376323	36	19.8171745	5.06384742	158.245232
2	13:46:54	10.74	81.830	28.400	18482.000	29.000	82.301943	17.2422570	167.739600	125.815395	6.31899546	197.468608	36	19.8171745	5.09201356	159.125424
2	13:47:09	10.99	81.270	28.470	18370.000	29.000	81.771117	17.1310490	166.657725	125.003919	6.27823963	196.194988	36	19.8171745	5.05917144	158.099107
2	13:47:24	11.24	82.600	28.290	18426.000	29.000	83.144568	17.4187870	169.456955	127.103520	6.38369073	199.490335	36	19.8171745	5.14414672	160.754585
2	13:47:39	11.49	81.750	28.410	18381.000	29.000	82.225855	17.2263167	167.584527	125.699079	6.31315361	197.286050	36	19.8171745	5.08730605	158.978314
2	13:47:54	11.74	82.010	28.370	18367.000	29.000	82.530718	17.2901854	168.205867	126.165124	6.33656040	198.017512	36	19.8171745	5.10616786	159.567745
2	13:48:09	11.99	82.630	28.290	18410.000	29.000	83.144568	17.4187870	169.456955	127.103520	6.38369073	199.490335	36	19.8171745	5.14414672	160.754585
2	13:48:24	12.24	81.400	28.450	18311.000	29.000	81.922357	17.1627338	166.965967	125.235120	6.28985156	196.557861	36	19.8171745	5.06852864	158.391520
2	13:48:39	12.49	83.190	28.220	18336.000	29.000	83.686242	17.5322678	170.560942	127.931581	6.42527951	200.789985	36	19.8171745	5.17766006	161.801877
2	13:48:54	12.74	81.310	28.460	18308.000	29.000	81.846695	17.1468826	166.811760	125.119455	6.28404235	196.376323	36	19.8171745	5.06384742	158.245232
2	13:49:09	12.99	81.160	28.480	18273.000	29.000	81.695624	17.1152332	166.503862	124.888512	6.27244340	196.013856	36	19.8171745	5.05450068	157.953146
2	13:49:24	13.24	82.070	28.360	18245.000	29.000	82.607147	17.3061974	168.361638	126.281963	6.34242854	198.200892	36	19.8171745	5.11089656	159.715517
2	13:49:39	13.49	82.960	28.250	18275.000	29.000	83.453573	17.4835235	170.086737	127.575897	6.40741554	200.231736	36	19.8171745	5.16326480	161.352025
2	13:49:54	13.74	82.970	28.250	18250.000	29.000	83.453573	17.4835235	170.086737	127.575897	6.40741554	200.231736	36	19.8171745	5.16326480	161.352025
2	13:50:09	13.99	82.710	28.280	18175.000	29.000	83.221689	17.4349438	169.614135	127.221415	6.38961191	199.675372	36	19.8171745	5.14891817	160.903693
2	13:50:24	14.24	82.390	28.320	18242.000	29.000	82.913727	17.3704257	168.986477	126.750632	6.36596714	198.936473	36	19.8171745	5.12986459	160.308268
2	13:50:39	14.49	84.390	28.060	18181.000	29.000	84.940569	17.7950493	173.117386	129.849077	6.52158449	203.799515	36	19.8171745	5.25526516	164.227036
2	13:50:54	14.74	83.060	28.230	18195.000	29.000	83.608598	17.5160013	170.402695	127.812886	6.41931813	200.603692	36	19.8171745	5.17285623	161.651757
2	13:51:09	14.99	81.880	28.390	18172.000	29.000	82.378115	17.2582152	167.894848	125.931840	6.32484387	197.651371	36	19.8171745	5.09672637	159.272699
2	13:51:24	15.24	84.170	28.090	18202.000	29.000	84.703648	17.7454142	172.634515	129.486893	6.50339405	203.231064	36	19.8171745	5.24060682	163.768963
2	13:51:39	15.49	83.450	28.180	18123.000	29.000	83.997698	17.5975177	171.195719	128.407704	6.44919249	201.537265	36	19.8171745	5.19692977	162.404055
2	13:51:54	15.74	83.480	28.180	18192.000	29.000	83.997698	17.5975177	171.195719	128.407704	6.44919249	201.537265	36	19.8171745	5.19692977	162.404055
2	13:52:09	15.99	83.890	28.130	18172.000	29.000	84.389003	17.6794962	171.993239	129.005895	6.47923623	202.476132	36	19.8171745	5.22113982	163.160619
2	13:52:24	16.24	84.000	28.110	18096.000	29.000	84.546147	17.7124178	172.313514	129.246121	6.49130145	202.853170	36	19.8171745	5.23086228	163.464446
2	13:52:39	16.49	84.600	28.040	18141.000	29.000	85.098966	17.8282335	173.440215	130.091219	6.53374593	204.179560	36	19.8171745	5.26506517	164.533286
2	13:52:54	16.74	85.000	27.990	18080.000	29.000	85.496539	17.9115248	174.250507	130.698989	6.56427080	205.133462	36	19.8171745	5.28966291	165.301966
2	13:53:09	16.99	84.700	28.020	18059.000	29.000	85.257724	17.8614932	173.763779	130.333912	6.54593504	204.560470	36	19.8171745	5.27488748	164.840234
2	13:53:24	17.24	84.240	28.080	18046.000	29.000	84.782532	17.7619404	172.795290	129.607484	6.50945065	203.420333	36	19.8171745	5.24548739	163.921481
2	13:53:39	17.49	84.280	28.080	18079.000	29.000	84.782532	17.7619404	172.795290	129.607484	6.50945065	203.420333	36	19.8171745	5.24548739	163.921481
2	13:53:54	17.74	84.790	28.010	18089.000	29.000	85.337238	17.8781514	173.925837	130.455466	6.55204001	204.751250	36	19.8171745	5.27980702	164.993969
2	13:54:09	17.99	84.790	28.010	18074.000	29.000	85.337238	17.8781514	173.925837	130.455466	6.55204001	204.751250	36	19.8171745	5.27980702	164.993969
2	13:54:24	18.24	84.850	28.000	18092.000	29.000	85.416843	17.8948286	174.088079	130.577158	6.55815192	204.942248	36	19.8171745	5.28473216	165.147880
2	13:54:39	18.49	85.460	27.930	18086.000	29.000	85.976623	18.0121025	175.228967	131.432897	6.60113083	206.285338	36	19.8171745	5.31936570	166.230178
2	13:54:54	18.74	84.400	28.060	18079.000	29.000	84.940569	17.7950493	173.117386	129.849077	6.52158449	203.799515	36	19.8171745	5.25526516	164.227036
2	13:55:09	18.99	83.390	28.190	18088.000	29.000	83.919702	17.5811775	171.036755	128.288471	6.44320411	201.350128	36	19.8171745	5.19210417	162.253255
2	13:55:24	19.24	83.750	28.140	18112.000	29.000	84.310565	17.6630634	171.833374	128.885985	6.47321387	202.287934	36	19.8171745	5.21628684	163.008964
2	13:55:39	19.49	84.510	28.050	18107.000	29.000	85.019723	17.8116320	173.278709	129.970079	6.52766176	203.989430	36	19.8171745	5.26016238	164.380074
2	13:55:54	19.74	84.500	28.050	18133.000	29.000	85.019723	17.8116320	173.278709	129.970079	6.52766176	203.989430	36	19.8171745	5.26016238	164.380074
2	13:56:09	19.99	83.630	28.160	18093.000	29.000	84.153954	17.6302534	171.514185	128.646574	6.46118959	201.912175	36	19.8171745	5.20659735	162.706167
2	13:56:24	20.24	83.690	28.150	18112.000	29.000	84.232215	17.6466491	171.673689	128.766212	6.46719833	202.099948	36	19.8171745	5.21143935	162.857480
2	13:56:39	20.49	83.750	28.150	18130.000	29.000	84.232215	17.6466491	171.673689	128.766212	6.46719833	202.099948	36	19.8171745	5.21143935	162.857480
2	13:56:54	20.74	84.140	28.100	18165.000	29.000	84.624853	17.7289066	172.473923	129.366439	6.49734432	203.042010	36	19.8171745	5.23573179	163.616618
2	13:57:09	20.99	83.870	28.130	18232.000	29.000	84.389003	17.6794962	171.993239	129.005895	6.47923623	202.476132	36	19.8171745	5.22113982	163.160619
2	13:57:24	21.24	84.140	28.100	18211.000	29.000	84.624853	17.7289066	172.473923	129.366439	6.49734432	203.042010	36	19.8171745	5.23573179	163.616618
2	13:57:39	21.49	83.030	28.240	18219.000	29.000	83.531042	17.4997532	170.244627	127.694324	6.41336348	200.417609	36	19.8171745	5.16805781	161.501807
2	13:57:54	21.74	83.330	28.200	18244.000	29.000	83.841794	17.5648559	170.877972	128.169373	6.43722249	201.163203	36	19.8171745	5.18728403	162.102626
2	13:58:09	21.99	83.360	28.200	18260.000	29.000	83.841794	17.5648559	170.877972	128.169373	6.43722249	201.163203	36	19.8171745	5.18728403	162.102626
2	13:58:24	22.24	82.990	28.240	18264.000	29.000	83.531042	17.4997532	170.244627	127.694324	6.41336348	200.417609	36	19.8171745	5.16805781	161.501807
2	13:58:39	22.49	83.260	28.210	18284.000	29.000	83.763974	17.5485526	170.719367	128.050410	6.43124763	200.976488	36	19.8171745	5.18246933	161.952167
2	13:58:54	22.74	82.620	28.290	18287.000	29.000	83.144568	17.4187870	169.456955	127.103520	6.38369073	199.490335	36	19.8171745	5.14414672	160.754585
2	13:59:09	22.99	82.350	28.330	18312.000	29.000	82.836953	17.3543416	168.830004	126.633267	6.36007256	198.752268	36	19.8171745	5.12511458	160.159831
2	13:59:24	23.24	82.790	28.270	18357.000	29.000	83.298896	17.4511188	169.771491	127.339442	6.39553977	199.860618	36	19.8171745	5.15369499	161.052968
2	13:59:39	23.49	83.270	28.210	18359.000	29.000	83.763974	17.5485526	170.719367	128.050410	6.43124763	200.976488	36	19.8171745	5.18246933	161.952167
2	13:59:54	23.74	82.440	28.320	18387.000	29.000	82.913727	17.3704257	168.986477	126.750632	6.36596714	198.936473	36	19.8171745	5.12986459	160.308268
2	14:00:09	23.99	81.830	28.390	18385.000	29.000	82.378115	17.2582152	167.894848	125.931840	6.32484387	197.651371	36	19.8171745	5.09672637	159.272699
2	14:00:24	24.24	82.420	28.320	18393.000	29.000	82.913727	17.3704257	168.986477	126.750632	6.36596714	198.936473	36	19.8171745	5.12986459	160.308268
2	14:00:39	24.49	81.560	28.430	18413.000	29.000	82.073936	17.1944896	167.274900	125.466840	6.30148953	196.921548	36	19.8171745	5.07790682	158.684588
2	14:00:54	24.74	80.490	28.570	18426.000	29.000	81.019967	16.9736832	165.126806	123.855633	6.22056770	194.392741	36	19.8171745	5.01269787	156.646809
2	14:01:09	24.99	81.070	28.500	18468.000	29.000	81.544891	17.0836546	166.196652	124.658085	6.26087036	195.652199	36	19.8171745	5.04517482	157.661713
2	14:01:24	25.24	81.190	28.480	18452.000	29.000	81.695624	17.1152332	166.503862	124.888512	6.27244340	196.013856	36	19.8171745	5.05450068	157.953146
2	14:01:39	25.49	80.150	28.620	18526.000	29.000	80.647523	16.8956560	164.367726	123.286274	6.19197206	193.499127	36	19.8171745	4.98965475	155.926711
2	14:01:54	25.74	80.350	28.590	18491.000	29.000	80.870741	16.9424202	164.822667	123.627509	6.20911033	194.034698	36	19.8171745	5.00346522	156.358288
2	14:02:09	25.99	81.540	28.430	18545.000	29.000	82.073936	17.1944896	167.274900	125.466840	6.30148953	196.921548	36	19.8171745	5.07790682	158.684588
2	14:02:24	26.24	81.070	28.500	18545.000	29.000	81.544891	17.0836546	166.196652	124.658085	6.26087036	195.652199	36	19.8171745	5.04517482	157.661713
2	14:02:39	26.49	80.520	28.570	18604.000	29.000	81.019967	16.9736832	165.126806	123.855633	6.22056770	194.392741	36	19.8171745	5.01269787	156.646809
2	14:02:54	26.74	80.490	28.570	18569.000	29.000	81.019967	16.9736832	165.126806	123.855633	6.22056770	194.392741	36	19.8171745	5.01269787	156.646809
2	14:03:09	26.99	80.150	28.620	18619.000	29.000	80.647523	16.8956560	164.367726	123.286274	6.19197206	193.499127	36	19.8171745	4.98965475	155.926711
2	14:03:24	27.24	80.540	28.570	18614.000	29.000	81.019967	16.9736832	165.126806	123.855633	6.22056770	194.392741	36	19.8171745	5.01269787	156.646809
2	14:03:39	27.49	79.360	28.730	18669.000	29.000	79.835395	16.7255153	162.712529	122.044771	6.12961836	191.550574	36	19.8171745	4.93940849	154.356515
2	14:03:54	27.74	79.360	28.730	18681.000	29.000	79.835395	16.7255153	162.712529	122.044771	6.12961836	191.550574	36	19.8171745	4.93940849	154.356515
2	14:04:09	27.99	78.960	28.780	18646.000	29.000	79.469508	16.6488620	161.966815	121.485438	6.10152622	190.672694	36	19.8171745	4.91677110	153.649097
2	14:04:24	28.24	78.610	28.830	18708.000	29.000	79.105639	16.5726314	161.225213	120.929189	6.07358900	189.799656	36	19.8171745	4.89425855	152.945580
2	14:04:39	28.49	79.280	28.740	18734.000	29.000	79.762056	16.7101506	162.563056	121.932656	6.12398749	191.374609	36	19.8171745	4.93487099	154.214718
2	14:04:54	28.74	78.890	28.790	18747.000	29.000	79.396573	16.6335821	161.818167	121.373942	6.09592642	190.497701	36	19.8171745	4.91225864	153.508082
2	14:05:09	28.99	78.620	28.830	18749.000	29.000	79.105639	16.5726314	161.225213	120.929189	6.07358900	189.799656	36	19.8171745	4.89425855	152.945580
2	14:05:24	29.24	78.730	28.810	18793.000	29.000	79.250945	16.6030731	161.521362	121.151320	6.08474537	190.148293	36	19.8171745	4.90324865	153.226520
2	14:05:39	29.49	78.070	28.910	18777.000	29.000	78.527608	16.4515338	160.047128	120.045550	6.02920881	188.412775	36	19.8171745	4.85849582	151.827994
2	14:05:54	29.74	78.440	28.850	18810.000	29.000	78.960653	16.5422568	160.929717	120.707548	6.06245722	189.451788	36	19.8171745	4.88528827	152.665259
2	14:06:09	29.99	78.810	28.800	18840.000	29.000	79.323719	16.6183192	161.669683	121.262569	6.09033281	190.322900	36	19.8171745	4.90775115	153.367224
2	14:06:24	30.24	78.140	28.900	18837.000	29.000	78.599583	16.4666127	160.193821	120.155579	6.03473496	188.585468	36	19.8171745	4.86294894	151.967154
2	14:06:39	30.49	78.090	28.900	18891.000	29.000	78.599583	16.4666127	160.193821	120.155579	6.03473496	188.585468	36	19.8171745	4.86294894	151.967154
2	14:06:54	30.74	78.480	28.850	18880.000	29.000	78.960653	16.5422568	160.929717	120.707548	6.06245722	189.451788	36	19.8171745	4.88528827	152.665259
2	14:07:09	30.99	77.180	29.030	18887.000	29.000	77.670043	16.2718741	158.299326	118.734587	5.96336655	186.355205	36	19.8171745	4.80543839	150.169950
2	14:07:24	31.24	76.660	29.110	18929.000	29.000	77.104569	16.1534072	157.146832	117.870143	5.91995043	184.998451	36	19.8171745	4.77045253	149.076642
2	14:07:39	31.49	77.220	29.030	18956.000	29.000	77.670043	16.2718741	158.299326	118.734587	5.96336655	186.355205	36	19.8171745	4.80543839	150.169950
2	14:07:54	31.74	77.190	29.030	18980.000	29.000	77.670043	16.2718741	158.299326	118.734587	5.96336655	186.355205	36	19.8171745	4.80543839	150.169950
2	14:08:09	31.99	76.590	29.120	18956.000	29.000	77.034232	16.1386716	157.003478	117.762618	5.91455007	184.829690	36	19.8171745	4.76610078	148.940649
2	14:08:24	32.24	77.220	29.030	19006.000	29.000	77.670043	16.2718741	158.299326	118.734587	5.96336655	186.355205	36	19.8171745	4.80543839	150.169950
2	14:08:39	32.49	75.950	29.210	19029.000	29.000	76.404638	16.0067717	155.720303	116.800155	5.86621100	183.319094	36	19.8171745	4.72714787	147.723371
2	14:08:54	32.74	76.490	29.130	19022.000	29.000	76.963971	16.1239520	156.860280	117.655211	5.90915560	184.661113	36	19.8171745	4.76175377	148.804805
