Chamber	Time	Logtime_min	OxyPercent_airsat	Phase	Amp	TempC	per_air-sat	per_oxygen	pO2_hPa	pO2_Torr	cO2_mg_L	cO2_umol_L	Salinity	chlorinity	SalCorcO2_mg_L	SalCorcO2_umol_L
3	13:36:14	0.00	71.310	29.770	16504.000	29.000	72.621957	15.2142999	148.010820	111.017551	5.57578351	174.243235	36	19.8171745	4.49311373	140.409804
3	13:36:29	0.25	70.370	29.920	16465.000	29.000	71.646677	15.0099788	146.023102	109.526636	5.50090328	171.903228	36	19.8171745	4.43277326	138.524164
3	13:36:44	0.50	71.050	29.810	16496.000	29.000	72.360360	15.1594954	147.477659	110.617647	5.55569857	173.615580	36	19.8171745	4.47692875	139.904024
3	13:36:58	0.75	70.790	29.860	16542.000	29.000	72.034925	15.0913168	146.814390	110.120153	5.53071227	172.834759	36	19.8171745	4.45679414	139.274817
3	13:37:13	1.00	70.990	29.820	16491.000	29.000	72.295134	15.1458307	147.344723	110.517936	5.55069068	173.459084	36	19.8171745	4.47289326	139.777915
3	13:37:28	1.25	71.280	29.780	16436.000	29.000	72.556453	15.2005769	147.877316	110.917415	5.57075425	174.086070	36	19.8171745	4.48906102	140.283157
3	13:37:43	1.50	70.160	29.950	16481.000	29.000	71.453477	14.9695034	145.629341	109.231290	5.48606972	171.439679	36	19.8171745	4.42081999	138.150625
3	13:37:59	1.75	70.660	29.880	16449.000	29.000	71.905234	15.0641466	146.550068	109.921894	5.52075486	172.523589	36	19.8171745	4.44877019	139.024068
3	13:38:14	2.00	71.190	29.790	16431.000	29.000	72.491019	15.1868685	147.743955	110.817386	5.56573035	173.929073	36	19.8171745	4.48501263	140.156645
3	13:38:28	2.25	71.570	29.730	16414.000	29.000	72.884671	15.2693386	148.546257	111.419164	5.59595424	174.873570	36	19.8171745	4.50936783	140.917745
3	13:38:44	2.50	71.460	29.750	16452.000	29.000	72.753174	15.2417899	148.278253	111.218143	5.58585812	174.558066	36	19.8171745	4.50123212	140.663504
3	13:38:58	2.75	71.150	29.800	16409.000	29.000	72.425655	15.1731746	147.610736	110.717463	5.56071179	173.772243	36	19.8171745	4.48096854	140.030267
3	13:39:13	3.00	72.080	29.660	16358.000	29.000	73.347129	15.3662235	149.488793	112.126125	5.63146092	175.983154	36	19.8171745	4.53798006	141.811877
3	13:39:29	3.25	72.470	29.600	16422.000	29.000	73.746287	15.4498471	150.302317	112.736321	5.66210757	176.940862	36	19.8171745	4.56267594	142.583623
3	13:39:43	3.50	70.290	29.930	16405.000	29.000	71.582209	14.9964727	145.891709	109.428083	5.49595352	171.748548	36	19.8171745	4.42878462	138.399519
3	13:39:58	3.75	71.320	29.770	16377.000	29.000	72.621957	15.2142999	148.010820	111.017551	5.57578351	174.243235	36	19.8171745	4.49311373	140.409804
3	13:40:13	4.00	71.790	29.700	16376.000	29.000	73.082444	15.3107720	148.949338	111.721500	5.61113887	175.348090	36	19.8171745	4.52160402	141.300126
3	13:40:29	4.25	71.880	29.690	16414.000	29.000	73.148509	15.3246126	149.083986	111.822494	5.61621124	175.506601	36	19.8171745	4.52569147	141.427858
3	13:40:43	4.50	71.830	29.690	16396.000	29.000	73.148509	15.3246126	149.083986	111.822494	5.61621124	175.506601	36	19.8171745	4.52569147	141.427858
3	13:40:59	4.75	71.700	29.710	16387.000	29.000	73.016449	15.2969461	148.814834	111.620614	5.60607192	175.189748	36	19.8171745	4.51752093	141.172529
3	13:41:13	5.00	73.330	29.470	16375.000	29.000	74.619999	15.6328898	152.083030	114.071968	5.72918960	179.037175	36	19.8171745	4.61673241	144.272888
3	13:41:28	5.25	72.310	29.620	16363.000	29.000	73.612949	15.4219128	150.030561	112.532486	5.65187013	176.620941	36	19.8171745	4.55442634	142.325823
3	13:41:43	5.50	72.430	29.600	16324.000	29.000	73.746287	15.4498471	150.302317	112.736321	5.66210757	176.940862	36	19.8171745	4.56267594	142.583623
3	13:41:58	5.75	72.560	29.580	16304.000	29.000	73.879911	15.4778414	150.574657	112.940593	5.67236700	177.261469	36	19.8171745	4.57094326	142.841977
3	13:42:13	6.00	72.430	29.600	16342.000	29.000	73.746287	15.4498471	150.302317	112.736321	5.66210757	176.940862	36	19.8171745	4.56267594	142.583623
3	13:42:29	6.25	72.310	29.620	16305.000	29.000	73.612949	15.4219128	150.030561	112.532486	5.65187013	176.620941	36	19.8171745	4.55442634	142.325823
3	13:42:44	6.50	72.890	29.530	16286.000	29.000	74.215230	15.5480906	151.258069	113.453196	5.69811215	178.066005	36	19.8171745	4.59168938	143.490293
3	13:42:59	6.75	73.040	29.510	16272.000	29.000	74.349862	15.5762962	151.532464	113.659009	5.70844901	178.389031	36	19.8171745	4.60001909	143.750597
3	13:43:13	7.00	72.490	29.590	16283.000	29.000	73.813063	15.4638367	150.438414	112.838402	5.66723453	177.101079	36	19.8171745	4.56680738	142.712731
3	13:43:28	7.25	73.340	29.460	16293.000	29.000	74.687715	15.6470763	152.221042	114.175486	5.73438873	179.199648	36	19.8171745	4.62092201	144.403813
3	13:43:43	7.50	72.350	29.610	16238.000	29.000	73.679582	15.4358725	150.166366	112.634349	5.65698610	176.780816	36	19.8171745	4.55854893	142.454654
3	13:43:58	7.75	72.880	29.530	16237.000	29.000	74.215230	15.5480906	151.258069	113.453196	5.69811215	178.066005	36	19.8171745	4.59168938	143.490293
3	13:44:14	8.00	73.200	29.480	16245.000	29.000	74.552356	15.6187185	151.945166	113.968562	5.72399607	178.874877	36	19.8171745	4.61254733	144.142104
3	13:44:28	8.25	72.300	29.620	16239.000	29.000	73.612949	15.4219128	150.030561	112.532486	5.65187013	176.620941	36	19.8171745	4.55442634	142.325823
3	13:44:43	8.50	72.400	29.610	16220.000	29.000	73.679582	15.4358725	150.166366	112.634349	5.65698610	176.780816	36	19.8171745	4.55854893	142.454654
3	13:44:58	8.75	72.180	29.640	16217.000	29.000	73.479897	15.3940383	149.759387	112.329088	5.64165460	176.301706	36	19.8171745	4.54619439	142.068575
3	13:45:13	9.00	71.290	29.780	16181.000	29.000	72.556453	15.2005769	147.877316	110.917415	5.57075425	174.086070	36	19.8171745	4.48906102	140.283157
3	13:45:28	9.25	73.500	29.440	16156.000	29.000	74.823367	15.6754953	152.497514	114.382858	5.74480382	179.525119	36	19.8171745	4.62931476	144.666086
3	13:45:43	9.50	73.880	29.380	16219.000	29.000	75.232083	15.7611214	153.330519	115.007665	5.77618433	180.505760	36	19.8171745	4.65460201	145.456313
3	13:45:58	9.75	72.990	29.520	16194.000	29.000	74.282510	15.5621858	151.395193	113.556047	5.70327780	178.227431	36	19.8171745	4.59585200	143.620375
3	13:46:13	10.00	73.680	29.410	16247.000	29.000	75.027394	15.7182390	152.913341	114.694755	5.76046866	180.014646	36	19.8171745	4.64193790	145.060559
3	13:46:29	10.25	73.040	29.510	16191.000	29.000	74.349862	15.5762962	151.532464	113.659009	5.70844901	178.389031	36	19.8171745	4.60001909	143.750597
3	13:46:44	10.50	73.270	29.470	16203.000	29.000	74.619999	15.6328898	152.083030	114.071968	5.72918960	179.037175	36	19.8171745	4.61673241	144.272888
3	13:46:59	10.75	74.410	29.300	16160.000	29.000	75.781181	15.8761574	154.449635	115.847073	5.81834306	181.823221	36	19.8171745	4.68857463	146.517957
3	13:47:13	11.00	73.870	29.380	16139.000	29.000	75.232083	15.7611214	153.330519	115.007665	5.77618433	180.505760	36	19.8171745	4.65460201	145.456313
3	13:47:28	11.25	74.150	29.340	16179.000	29.000	75.506037	15.8185148	153.888865	115.426460	5.79721804	181.163064	36	19.8171745	4.67155153	145.985985
3	13:47:43	11.50	73.850	29.390	16130.000	29.000	75.163780	15.7468118	153.191309	114.903249	5.77094011	180.341879	36	19.8171745	4.65037608	145.324252
3	13:47:59	11.75	73.410	29.450	16158.000	29.000	74.755504	15.6612782	152.359203	114.279116	5.73959347	179.362296	36	19.8171745	4.62511612	144.534879
3	13:48:13	12.00	74.360	29.310	16139.000	29.000	75.712283	15.8617233	154.309214	115.741749	5.81305322	181.657913	36	19.8171745	4.68431193	146.384748
3	13:48:29	12.25	75.550	29.140	16133.000	29.000	76.893788	16.1092485	156.717239	117.547921	5.90376702	184.492719	36	19.8171745	4.75741151	148.669110
3	13:48:44	12.50	74.320	29.320	16170.000	29.000	75.643460	15.8473049	154.168946	115.636538	5.80776911	181.492785	36	19.8171745	4.68005386	146.251683
3	13:48:58	12.75	74.510	29.290	16120.000	29.000	75.850153	15.8906071	154.590207	115.952512	5.82363865	181.988708	36	19.8171745	4.69284195	146.651311
3	13:49:13	13.00	73.900	29.380	16181.000	29.000	75.232083	15.7611214	153.330519	115.007665	5.77618433	180.505760	36	19.8171745	4.65460201	145.456313
3	13:49:28	13.25	74.500	29.290	16117.000	29.000	75.850153	15.8906071	154.590207	115.952512	5.82363865	181.988708	36	19.8171745	4.69284195	146.651311
3	13:49:43	13.50	74.970	29.220	16169.000	29.000	76.335063	15.9921958	155.578503	116.693796	5.86086918	183.152162	36	19.8171745	4.72284330	147.588853
3	13:49:58	13.75	75.240	29.180	16087.000	29.000	76.613817	16.0505946	156.146630	117.119928	5.88227136	183.820980	36	19.8171745	4.74008974	148.127805
3	13:50:13	14.00	74.520	29.290	16117.000	29.000	75.850153	15.8906071	154.590207	115.952512	5.82363865	181.988708	36	19.8171745	4.69284195	146.651311
3	13:50:28	14.25	73.880	29.380	16068.000	29.000	75.232083	15.7611214	153.330519	115.007665	5.77618433	180.505760	36	19.8171745	4.65460201	145.456313
3	13:50:43	14.50	75.040	29.210	16065.000	29.000	76.404638	16.0067717	155.720303	116.800155	5.86621100	183.319094	36	19.8171745	4.72714787	147.723371
3	13:50:59	14.75	74.020	29.360	16075.000	29.000	75.368912	15.7897871	153.609390	115.216836	5.78668981	180.834057	36	19.8171745	4.66306760	145.720862
3	13:51:13	15.00	74.110	29.350	16095.000	29.000	75.437438	15.8041432	153.749051	115.321591	5.79195108	180.998471	36	19.8171745	4.66730727	145.853352
3	13:51:29	15.25	75.230	29.180	16116.000	29.000	76.613817	16.0505946	156.146630	117.119928	5.88227136	183.820980	36	19.8171745	4.74008974	148.127805
3	13:51:43	15.50	74.250	29.330	16034.000	29.000	75.574711	15.8329020	154.028829	115.531442	5.80249072	181.327835	36	19.8171745	4.67580039	146.118762
3	13:51:59	15.75	75.370	29.160	16039.000	29.000	76.753650	16.0798896	156.431623	117.333691	5.89300747	184.156484	36	19.8171745	4.74874118	148.398162
3	13:52:13	16.00	74.590	29.280	16041.000	29.000	75.919201	15.9050725	154.730933	116.058065	5.82893998	182.154374	36	19.8171745	4.69711391	146.784810
3	13:52:29	16.25	75.430	29.150	16033.000	29.000	76.823680	16.0945610	156.574353	117.440747	5.89838431	184.324510	36	19.8171745	4.75307398	148.533562
3	13:52:43	16.50	75.690	29.120	16010.000	29.000	77.034232	16.1386716	157.003478	117.762618	5.91455007	184.829690	36	19.8171745	4.76610078	148.940649
3	13:52:58	16.75	75.520	29.140	15979.000	29.000	76.893788	16.1092485	156.717239	117.547921	5.90376702	184.492719	36	19.8171745	4.75741151	148.669110
3	13:53:14	17.00	75.300	29.170	15981.000	29.000	76.683695	16.0652341	156.289049	117.226751	5.88763649	183.988640	36	19.8171745	4.74441311	148.262910
3	13:53:29	17.25	74.440	29.300	16018.000	29.000	75.781181	15.8761574	154.449635	115.847073	5.81834306	181.823221	36	19.8171745	4.68857463	146.517957
3	13:53:44	17.50	74.810	29.250	16003.000	29.000	76.126793	15.9485632	155.154027	116.375412	5.84487856	182.652455	36	19.8171745	4.70995764	147.186176
3	13:53:58	17.75	75.230	29.180	16014.000	29.000	76.613817	16.0505946	156.146630	117.119928	5.88227136	183.820980	36	19.8171745	4.74008974	148.127805
3	13:54:14	18.00	75.120	29.200	15985.000	29.000	76.474288	16.0213634	155.862257	116.906630	5.87155862	183.486207	36	19.8171745	4.73145713	147.858035
3	13:54:28	18.25	76.430	29.010	16037.000	29.000	77.812188	16.3016533	158.589030	118.951883	5.97428013	186.696254	36	19.8171745	4.81423284	150.444776
3	13:54:43	18.50	75.070	29.210	16045.000	29.000	76.404638	16.0067717	155.720303	116.800155	5.86621100	183.319094	36	19.8171745	4.72714787	147.723371
3	13:54:59	18.75	75.660	29.120	16010.000	29.000	77.034232	16.1386716	157.003478	117.762618	5.91455007	184.829690	36	19.8171745	4.76610078	148.940649
3	13:55:14	19.00	74.730	29.260	15731.000	29.000	76.057520	15.9340505	155.012843	116.269515	5.83955993	182.486248	36	19.8171745	4.70567174	147.052242
3	13:55:28	19.25	75.470	29.150	15699.000	29.000	76.823680	16.0945610	156.574353	117.440747	5.89838431	184.324510	36	19.8171745	4.75307398	148.533562
3	13:55:43	19.50	75.290	29.180	15727.000	29.000	76.613817	16.0505946	156.146630	117.119928	5.88227136	183.820980	36	19.8171745	4.74008974	148.127805
3	13:55:58	19.75	74.190	29.340	15753.000	29.000	75.506037	15.8185148	153.888865	115.426460	5.79721804	181.163064	36	19.8171745	4.67155153	145.985985
3	13:56:14	20.00	74.610	29.270	15767.000	29.000	75.988323	15.9195537	154.871811	116.163732	5.83424707	182.320221	36	19.8171745	4.70139050	146.918453
3	13:56:28	20.25	74.310	29.320	15780.000	29.000	75.643460	15.8473049	154.168946	115.636538	5.80776911	181.492785	36	19.8171745	4.68005386	146.251683
3	13:56:43	20.50	74.800	29.250	15817.000	29.000	76.126793	15.9485632	155.154027	116.375412	5.84487856	182.652455	36	19.8171745	4.70995764	147.186176
3	13:56:59	20.75	74.570	29.280	15796.000	29.000	75.919201	15.9050725	154.730933	116.058065	5.82893998	182.154374	36	19.8171745	4.69711391	146.784810
3	13:57:13	21.00	73.790	29.400	15782.000	29.000	75.095550	15.7325177	153.052250	114.798946	5.76570156	180.178174	36	19.8171745	4.64615471	145.192335
3	13:57:28	21.25	74.310	29.320	15811.000	29.000	75.643460	15.8473049	154.168946	115.636538	5.80776911	181.492785	36	19.8171745	4.68005386	146.251683
3	13:57:43	21.50	74.890	29.230	15841.000	29.000	76.265565	15.9776358	155.436857	116.587553	5.85553318	182.985412	36	19.8171745	4.71854341	147.454482
3	13:57:58	21.75	74.040	29.360	15836.000	29.000	75.368912	15.7897871	153.609390	115.216836	5.78668981	180.834057	36	19.8171745	4.66306760	145.720862
3	13:58:14	22.00	74.140	29.340	15828.000	29.000	75.506037	15.8185148	153.888865	115.426460	5.79721804	181.163064	36	19.8171745	4.67155153	145.985985
3	13:58:29	22.25	74.070	29.360	15859.000	29.000	75.368912	15.7897871	153.609390	115.216836	5.78668981	180.834057	36	19.8171745	4.66306760	145.720862
3	13:58:44	22.50	74.140	29.340	15885.000	29.000	75.506037	15.8185148	153.888865	115.426460	5.79721804	181.163064	36	19.8171745	4.67155153	145.985985
3	13:58:58	22.75	73.160	29.490	15880.000	29.000	74.484785	15.6045625	151.807451	113.865266	5.71880814	178.712754	36	19.8171745	4.60836676	144.011461
3	13:59:13	23.00	73.100	29.500	15867.000	29.000	74.417287	15.5904217	151.669883	113.762082	5.71362578	178.550806	36	19.8171745	4.60419068	143.880959
3	13:59:28	23.25	74.010	29.360	15877.000	29.000	75.368912	15.7897871	153.609390	115.216836	5.78668981	180.834057	36	19.8171745	4.66306760	145.720862
3	13:59:44	23.50	73.110	29.500	15873.000	29.000	74.417287	15.5904217	151.669883	113.762082	5.71362578	178.550806	36	19.8171745	4.60419068	143.880959
3	13:59:59	23.75	74.010	29.360	15935.000	29.000	75.368912	15.7897871	153.609390	115.216836	5.78668981	180.834057	36	19.8171745	4.66306760	145.720862
3	14:00:13	24.00	73.380	29.460	15931.000	29.000	74.687715	15.6470763	152.221042	114.175486	5.73438873	179.199648	36	19.8171745	4.62092201	144.403813
3	14:00:28	24.25	73.380	29.460	15941.000	29.000	74.687715	15.6470763	152.221042	114.175486	5.73438873	179.199648	36	19.8171745	4.62092201	144.403813
3	14:00:43	24.50	71.940	29.680	15979.000	29.000	73.214645	15.3384681	149.218777	111.923596	5.62128903	175.665282	36	19.8171745	4.52978328	141.555728
3	14:00:58	24.75	72.370	29.610	15985.000	29.000	73.679582	15.4358725	150.166366	112.634349	5.65698610	176.780816	36	19.8171745	4.55854893	142.454654
3	14:01:13	25.00	73.080	29.500	15974.000	29.000	74.417287	15.5904217	151.669883	113.762082	5.71362578	178.550806	36	19.8171745	4.60419068	143.880959
3	14:01:28	25.25	73.070	29.500	16002.000	29.000	74.417287	15.5904217	151.669883	113.762082	5.71362578	178.550806	36	19.8171745	4.60419068	143.880959
3	14:01:43	25.50	71.920	29.680	15998.000	29.000	73.214645	15.3384681	149.218777	111.923596	5.62128903	175.665282	36	19.8171745	4.52978328	141.555728
3	14:01:59	25.75	72.370	29.610	16022.000	29.000	73.679582	15.4358725	150.166366	112.634349	5.65698610	176.780816	36	19.8171745	4.55854893	142.454654
3	14:02:14	26.00	72.850	29.540	16017.000	29.000	74.148022	15.5340106	151.121093	113.350455	5.69295205	177.904751	36	19.8171745	4.58753123	143.360351
3	14:02:28	26.25	72.350	29.610	16066.000	29.000	73.679582	15.4358725	150.166366	112.634349	5.65698610	176.780816	36	19.8171745	4.55854893	142.454654
3	14:02:43	26.50	72.310	29.620	16046.000	29.000	73.612949	15.4219128	150.030561	112.532486	5.65187013	176.620941	36	19.8171745	4.55442634	142.325823
3	14:02:58	26.75	71.250	29.780	16053.000	29.000	72.556453	15.2005769	147.877316	110.917415	5.57075425	174.086070	36	19.8171745	4.48906102	140.283157
3	14:03:13	27.00	72.050	29.660	16080.000	29.000	73.347129	15.3662235	149.488793	112.126125	5.63146092	175.983154	36	19.8171745	4.53798006	141.811877
3	14:03:28	27.25	71.660	29.720	16091.000	29.000	72.950525	15.2831349	148.680474	111.519835	5.60101038	175.031574	36	19.8171745	4.51344221	141.045069
3	14:03:43	27.50	72.370	29.610	16079.000	29.000	73.679582	15.4358725	150.166366	112.634349	5.65698610	176.780816	36	19.8171745	4.55854893	142.454654
3	14:03:59	27.75	71.420	29.760	16116.000	29.000	72.687530	15.2280376	148.144465	111.117794	5.58081813	174.400567	36	19.8171745	4.49717076	140.536586
3	14:04:13	28.00	70.990	29.820	16126.000	29.000	72.295134	15.1458307	147.344723	110.517936	5.55069068	173.459084	36	19.8171745	4.47289326	139.777915
3	14:04:28	28.25	71.250	29.780	16117.000	29.000	72.556453	15.2005769	147.877316	110.917415	5.57075425	174.086070	36	19.8171745	4.48906102	140.283157
3	14:04:44	28.50	70.520	29.900	16103.000	29.000	71.775819	15.0370340	146.286305	109.724056	5.51081854	172.213080	36	19.8171745	4.44076324	138.773851
3	14:04:58	28.75	71.250	29.780	16148.000	29.000	72.556453	15.2005769	147.877316	110.917415	5.57075425	174.086070	36	19.8171745	4.48906102	140.283157
3	14:05:13	29.00	71.960	29.670	16144.000	29.000	73.280851	15.3523384	149.353713	112.024807	5.62637226	175.824133	36	19.8171745	4.53387948	141.683734
3	14:05:28	29.25	70.480	29.900	16191.000	29.000	71.775819	15.0370340	146.286305	109.724056	5.51081854	172.213080	36	19.8171745	4.44076324	138.773851
3	14:05:43	29.50	70.710	29.870	16159.000	29.000	71.970045	15.0777245	146.682159	110.020971	5.52573092	172.679091	36	19.8171745	4.45278003	139.149376
3	14:05:59	29.75	71.190	29.790	16191.000	29.000	72.491019	15.1868685	147.743955	110.817386	5.56573035	173.929073	36	19.8171745	4.48501263	140.156645
3	14:06:13	30.00	71.030	29.820	16220.000	29.000	72.295134	15.1458307	147.344723	110.517936	5.55069068	173.459084	36	19.8171745	4.47289326	139.777915
3	14:06:28	30.25	70.850	29.850	16216.000	29.000	72.099874	15.1049236	146.946762	110.219440	5.53569892	172.990591	36	19.8171745	4.46081251	139.400391
3	14:06:44	30.50	70.500	29.900	16208.000	29.000	71.775819	15.0370340	146.286305	109.724056	5.51081854	172.213080	36	19.8171745	4.44076324	138.773851
3	14:06:58	30.75	69.380	30.080	16229.000	29.000	70.623319	14.7955852	143.937395	107.962223	5.42233166	169.447864	36	19.8171745	4.36945818	136.545568
3	14:07:13	31.00	70.110	29.960	16275.000	29.000	71.389213	14.9560401	145.498364	109.133050	5.48113566	171.285489	36	19.8171745	4.41684399	138.026375
3	14:07:29	31.25	70.070	29.970	16262.000	29.000	71.325017	14.9425911	145.367527	109.034913	5.47620681	171.131463	36	19.8171745	4.41287219	137.902256
3	14:07:43	31.50	70.210	29.950	16283.000	29.000	71.453477	14.9695034	145.629341	109.231290	5.48606972	171.439679	36	19.8171745	4.42081999	138.150625
3	14:07:58	31.75	69.890	30.000	16306.000	29.000	71.132836	14.9023291	144.975843	108.741125	5.46145150	170.670359	36	19.8171745	4.40098197	137.530687
3	14:08:13	32.00	69.860	30.000	16302.000	29.000	71.132836	14.9023291	144.975843	108.741125	5.46145150	170.670359	36	19.8171745	4.40098197	137.530687
3	14:08:28	32.25	69.340	30.090	16302.000	29.000	70.559930	14.7823054	143.808204	107.865321	5.41746484	169.295776	36	19.8171745	4.36553636	136.423011
3	14:08:43	32.50	69.620	30.040	16333.000	29.000	70.877540	14.8488446	144.455524	108.350853	5.44185032	170.057823	36	19.8171745	4.38518683	137.037088
3	14:08:59	32.75	69.960	29.990	16320.000	29.000	71.196829	14.9157356	145.106266	108.838951	5.46636474	170.823898	36	19.8171745	4.40494119	137.654412
