Chamber	Time	Logtime_min	OxyPercent_airsat	Phase	Amp	TempC	per_air-sat	per_oxygen	pO2_hPa	pO2_Torr	cO2_mg_L	cO2_umol_L	Salinity	chlorinity	SalCorcO2_mg_L	SalCorcO2_umol_L
1	13:36:09	0.00	97.790	26.570	5220.000	29.000	97.804677	20.4900798	199.335725	149.514503	7.50926758	234.664612	36	19.8171745	6.05116630	189.098947
1	13:36:20	0.18	99.250	26.410	5214.000	29.000	99.325368	20.8086646	202.435046	151.839191	7.62602352	238.313235	36	19.8171745	6.14525133	192.039104
1	13:36:35	0.43	97.920	26.550	5220.000	29.000	97.993169	20.5295690	199.719891	149.802652	7.52373969	235.116865	36	19.8171745	6.06282830	189.463385
1	13:36:50	0.68	98.160	26.530	5218.000	29.000	98.182114	20.5691530	200.104980	150.091493	7.53824654	235.570204	36	19.8171745	6.07451831	189.828697
1	13:37:05	0.93	96.570	26.700	5201.000	29.000	96.590413	20.2356915	196.860933	147.658251	7.41603855	231.751205	36	19.8171745	5.97603988	186.751246
1	13:37:20	1.18	98.290	26.510	5205.000	29.000	98.371513	20.6088320	200.490994	150.381028	7.55278826	236.024633	36	19.8171745	6.08623641	190.194888
1	13:37:35	1.43	98.370	26.510	5231.000	29.000	98.371513	20.6088320	200.490994	150.381028	7.55278826	236.024633	36	19.8171745	6.08623641	190.194888
1	13:37:50	1.68	97.870	26.560	5191.000	29.000	97.898867	20.5098126	199.527693	149.658491	7.51649930	234.890603	36	19.8171745	6.05699381	189.281056
1	13:38:05	1.93	97.450	26.600	5200.000	29.000	97.522784	20.4310232	198.761199	149.083571	7.48762434	233.988261	36	19.8171745	6.03372561	188.553925
1	13:38:20	2.18	98.020	26.540	5205.000	29.000	98.087585	20.5493491	199.912320	149.946986	7.53098876	235.343399	36	19.8171745	6.06866980	189.645931
1	13:38:35	2.43	99.090	26.430	5179.000	29.000	99.133678	20.7685055	202.044362	151.546153	7.61130588	237.853309	36	19.8171745	6.13339146	191.668483
1	13:38:50	2.68	98.860	26.450	5179.000	29.000	98.942449	20.7284430	201.654618	151.253820	7.59662365	237.394489	36	19.8171745	6.12156013	191.298754
1	13:39:05	2.93	97.560	26.590	5195.000	29.000	97.616636	20.4506852	198.952478	149.227043	7.49483012	234.213441	36	19.8171745	6.03953221	188.735382
1	13:39:20	3.18	99.090	26.430	5198.000	29.000	99.133678	20.7685055	202.044362	151.546153	7.61130588	237.853309	36	19.8171745	6.13339146	191.668483
1	13:39:35	3.43	98.710	26.470	5167.000	29.000	98.751679	20.6884768	201.265810	150.962189	7.58197670	236.936772	36	19.8171745	6.10975723	190.929913
1	13:39:50	3.68	100.430	26.290	5152.000	29.000	100.485274	21.0516650	204.799051	153.612345	7.71507904	241.096220	36	19.8171745	6.21701462	194.281707
1	13:40:05	3.93	103.080	26.020	5176.000	29.000	103.157584	21.6115139	210.245486	157.697519	7.92025419	247.507943	36	19.8171745	6.38235017	199.448443
1	13:40:20	4.18	95.340	26.830	5130.000	29.000	95.394833	19.9852176	194.424222	145.830562	7.32424410	228.882628	36	19.8171745	5.90206949	184.439672
1	13:40:35	4.43	100.620	26.270	5169.000	29.000	100.680233	21.0925088	205.196396	153.910380	7.73004762	241.563988	36	19.8171745	6.22907669	194.658647
1	13:40:50	4.68	99.030	26.440	5147.000	29.000	99.038006	20.7484622	201.849373	151.399898	7.60396035	237.623761	36	19.8171745	6.12747223	191.483507
1	13:41:05	4.93	100.470	26.290	5160.000	29.000	100.485274	21.0516650	204.799051	153.612345	7.71507904	241.096220	36	19.8171745	6.21701462	194.281707
1	13:41:20	5.18	100.870	26.250	5154.000	29.000	100.875664	21.1334517	205.594705	154.209137	7.74505249	242.032890	36	19.8171745	6.24116801	195.036500
1	13:41:35	5.43	99.150	26.420	5148.000	29.000	99.229465	20.7885730	202.239586	151.692584	7.61866027	238.083133	36	19.8171745	6.13931782	191.853682
1	13:41:50	5.68	101.590	26.170	5136.000	29.000	101.662147	21.2982197	207.197635	155.411436	7.80543719	243.919912	36	19.8171745	6.28982760	196.557112
1	13:42:05	5.93	99.810	26.350	5124.000	29.000	99.903220	20.9297247	203.612767	152.722556	7.67038997	239.699687	36	19.8171745	6.18100298	193.156343
1	13:42:20	6.18	103.090	26.020	5154.000	29.000	103.157584	21.6115139	210.245486	157.697519	7.92025419	247.507943	36	19.8171745	6.38235017	199.448443
1	13:42:35	6.43	105.600	25.780	5123.000	29.000	105.608070	22.1248907	215.239822	161.443589	8.10839811	253.387441	36	19.8171745	6.53396152	204.186297
1	13:42:50	6.68	103.500	25.980	5133.000	29.000	103.561011	21.6960317	211.067709	158.314239	7.95122854	248.475892	36	19.8171745	6.40731012	200.228441
1	13:43:05	6.93	98.290	26.510	5115.000	29.000	98.371513	20.6088320	200.490994	150.381028	7.55278826	236.024633	36	19.8171745	6.08623641	190.194888
1	13:43:20	7.18	101.040	26.230	5102.000	29.000	101.071570	21.1744939	205.993980	154.508618	7.76009376	242.502930	36	19.8171745	6.25328867	195.415271
1	13:43:35	7.43	101.760	26.160	5107.000	29.000	101.760995	21.3189285	207.399098	155.562546	7.81302660	244.157081	36	19.8171745	6.29594335	196.748230
1	13:43:50	7.68	104.350	25.900	5069.000	29.000	104.373811	21.8663135	212.724279	159.556771	8.01363393	250.426060	36	19.8171745	6.45759803	201.799939
1	13:44:05	7.93	99.850	26.350	5111.000	29.000	99.903220	20.9297247	203.612767	152.722556	7.67038997	239.699687	36	19.8171745	6.18100298	193.156343
1	13:44:20	8.18	98.870	26.450	5075.000	29.000	98.942449	20.7284430	201.654618	151.253820	7.59662365	237.394489	36	19.8171745	6.12156013	191.298754
1	13:44:35	8.43	101.770	26.150	5071.000	29.000	101.859964	21.3396625	207.600806	155.713840	7.82062524	244.394539	36	19.8171745	6.30206653	196.939579
1	13:44:50	8.68	103.180	26.010	5057.000	29.000	103.258256	21.6326046	210.450665	157.851416	7.92798359	247.749487	36	19.8171745	6.38857873	199.643085
1	13:45:05	8.93	101.620	26.170	5062.000	29.000	101.662147	21.2982197	207.197635	155.411436	7.80543719	243.919912	36	19.8171745	6.28982760	196.557112
1	13:45:20	9.18	98.370	26.510	5072.000	29.000	98.371513	20.6088320	200.490994	150.381028	7.55278826	236.024633	36	19.8171745	6.08623641	190.194888
1	13:45:35	9.43	101.930	26.140	5035.000	29.000	101.959053	21.3604216	207.802760	155.865318	7.82823313	244.632285	36	19.8171745	6.30819717	197.131162
1	13:45:50	9.68	102.250	26.110	5080.000	29.000	102.257045	21.4228509	208.410097	156.320860	7.85111241	245.347263	36	19.8171745	6.32663390	197.707309
1	13:46:05	9.93	104.300	25.900	5060.000	29.000	104.373811	21.8663135	212.724279	159.556771	8.01363393	250.426060	36	19.8171745	6.45759803	201.799939
1	13:46:20	10.18	104.690	25.860	5048.000	29.000	104.783211	21.9520826	213.558676	160.182622	8.04506687	251.408340	36	19.8171745	6.48292753	202.591485
1	13:46:35	10.43	102.290	26.100	5029.000	29.000	102.356618	21.4437114	208.613036	156.473077	7.85875742	245.586169	36	19.8171745	6.33279445	197.899827
1	13:46:50	10.68	104.250	25.910	5018.000	29.000	104.271775	21.8449369	212.516319	159.400788	8.00579976	250.181243	36	19.8171745	6.45128506	201.602658
1	13:47:05	10.93	102.280	26.100	5039.000	29.000	102.356618	21.4437114	208.613036	156.473077	7.85875742	245.586169	36	19.8171745	6.33279445	197.899827
1	13:47:20	11.18	106.360	25.700	5033.000	29.000	106.441096	22.2994096	216.937612	162.717040	8.17235634	255.386136	36	19.8171745	6.58550075	205.796899
1	13:47:35	11.43	106.450	25.690	5043.000	29.000	106.545804	22.3213459	217.151017	162.877107	8.18039560	255.637363	36	19.8171745	6.59197900	205.999344
1	13:47:50	11.68	105.620	25.770	5033.000	29.000	105.711750	22.1466116	215.451131	161.602085	8.11635844	253.636201	36	19.8171745	6.54037616	204.386755
1	13:48:05	11.93	105.200	25.810	5011.000	29.000	105.297796	22.0598884	214.607453	160.969272	8.08457584	252.642995	36	19.8171745	6.51476491	203.586403
1	13:48:20	12.18	104.480	25.880	4990.000	29.000	104.578260	21.9091454	213.140965	159.869313	8.02933111	250.916597	36	19.8171745	6.47024724	202.195226
1	13:48:35	12.43	102.550	26.080	5011.000	29.000	102.556127	21.4855087	209.019657	156.778069	7.87407541	246.064857	36	19.8171745	6.34513809	198.285565
1	13:48:50	12.68	103.630	25.970	5003.000	29.000	103.662176	21.7172258	211.273894	158.468891	7.95899583	248.718620	36	19.8171745	6.41356921	200.424038
1	13:49:05	12.93	107.680	25.580	4979.000	29.000	107.706173	22.5644433	219.515966	164.650970	8.26948669	258.421459	36	19.8171745	6.66377095	208.242842
1	13:49:20	13.18	106.370	25.700	4998.000	29.000	106.441096	22.2994096	216.937612	162.717040	8.17235634	255.386136	36	19.8171745	6.58550075	205.796899
1	13:49:35	13.43	106.220	25.720	4975.000	29.000	106.232068	22.2556183	216.511593	162.397498	8.15630757	254.884612	36	19.8171745	6.57256823	205.392757
1	13:49:50	13.68	106.970	25.640	5003.000	29.000	107.071287	22.4314346	218.222004	163.680416	8.22074125	256.898164	36	19.8171745	6.62449059	207.015331
1	13:50:05	13.93	105.340	25.800	4950.000	29.000	105.401094	22.0815291	214.817983	161.127183	8.09250683	252.890838	36	19.8171745	6.52115590	203.786122
1	13:50:20	14.18	106.020	25.740	4955.000	29.000	106.023556	22.2119350	216.086624	162.078744	8.14029836	254.384324	36	19.8171745	6.55966758	204.989612
1	13:50:35	14.43	106.240	25.710	4954.000	29.000	106.336518	22.2775005	216.724471	162.557171	8.16432701	255.135219	36	19.8171745	6.57903050	205.594703
1	13:50:50	14.68	106.480	25.690	4989.000	29.000	106.545804	22.3213459	217.151017	162.877107	8.18039560	255.637363	36	19.8171745	6.59197900	205.999344
1	13:51:05	14.93	105.230	25.810	4993.000	29.000	105.297796	22.0598884	214.607453	160.969272	8.08457584	252.642995	36	19.8171745	6.51476491	203.586403
1	13:51:20	15.18	106.260	25.710	4958.000	29.000	106.336518	22.2775005	216.724471	162.557171	8.16432701	255.135219	36	19.8171745	6.57903050	205.594703
1	13:51:35	15.43	106.120	25.730	4925.000	29.000	106.127748	22.2337632	216.298977	162.238023	8.14829803	254.634313	36	19.8171745	6.56611393	205.191060
1	13:51:50	15.68	105.630	25.770	4953.000	29.000	105.711750	22.1466116	215.451131	161.602085	8.11635844	253.636201	36	19.8171745	6.54037616	204.386755
1	13:52:05	15.93	107.330	25.610	4950.000	29.000	107.388140	22.4978154	218.867783	164.164791	8.24506869	257.658397	36	19.8171745	6.64409428	207.627946
1	13:52:20	16.18	107.810	25.570	4942.000	29.000	107.812447	22.5867077	219.732563	164.813431	8.27764622	258.676444	36	19.8171745	6.67034611	208.448316
1	13:52:35	16.43	107.960	25.550	4914.000	29.000	108.025391	22.6313194	220.166564	165.138960	8.29399567	259.187365	36	19.8171745	6.68352094	208.860029
1	13:52:50	16.68	108.640	25.490	4917.000	29.000	108.667405	22.7658213	221.475052	166.120409	8.34328833	260.727760	36	19.8171745	6.72324227	210.101321
1	13:53:05	16.93	108.070	25.540	4911.000	29.000	108.132061	22.6536669	220.383969	165.302027	8.30218563	259.443301	36	19.8171745	6.69012062	209.066269
1	13:53:20	17.18	107.950	25.550	4903.000	29.000	108.025391	22.6313194	220.166564	165.138960	8.29399567	259.187365	36	19.8171745	6.68352094	208.860029
1	13:53:35	17.43	109.660	25.390	4902.000	29.000	109.748135	22.9922343	223.677688	167.772527	8.42626484	263.320776	36	19.8171745	6.79010693	212.190842
1	13:53:50	17.68	108.620	25.490	4888.000	29.000	108.667405	22.7658213	221.475052	166.120409	8.34328833	260.727760	36	19.8171745	6.72324227	210.101321
1	13:54:05	17.93	106.940	25.650	4882.000	29.000	106.965930	22.4093624	218.007276	163.519356	8.21265215	256.645380	36	19.8171745	6.61797218	206.811631
1	13:54:20	18.18	106.680	25.670	4880.000	29.000	106.755607	22.3652997	217.578617	163.197835	8.19650394	256.140748	36	19.8171745	6.60495953	206.404985
1	13:54:35	18.43	109.050	25.450	4875.000	29.000	109.098082	22.8560482	222.352816	166.778788	8.37635498	261.761093	36	19.8171745	6.74988824	210.934008
1	13:54:50	18.68	107.280	25.620	4888.000	29.000	107.282392	22.4756610	218.652257	164.003133	8.23694950	257.404672	36	19.8171745	6.63755163	207.423488
1	13:55:05	18.93	109.830	25.380	4893.000	29.000	109.856951	23.0150312	223.899466	167.938874	8.43461952	263.581860	36	19.8171745	6.79683935	212.401230
1	13:55:20	19.18	109.150	25.440	4792.000	29.000	109.206087	22.8786753	222.572941	166.943896	8.38464739	262.020231	36	19.8171745	6.75657049	211.142828
1	13:55:35	19.43	109.860	25.370	4793.000	29.000	109.965902	23.0378565	224.121520	168.105429	8.44298463	263.843270	36	19.8171745	6.80358018	212.611881
1	13:55:50	19.68	108.010	25.550	4777.000	29.000	108.025391	22.6313194	220.166564	165.138960	8.29399567	259.187365	36	19.8171745	6.68352094	208.860029
1	13:56:05	19.93	109.690	25.390	4797.000	29.000	109.748135	22.9922343	223.677688	167.772527	8.42626484	263.320776	36	19.8171745	6.79010693	212.190842
1	13:56:20	20.18	107.890	25.560	4765.000	29.000	107.918853	22.6089997	219.949429	164.976095	8.28581587	258.931746	36	19.8171745	6.67692944	208.654045
1	13:56:35	20.43	108.360	25.510	4800.000	29.000	108.452868	22.7208759	221.037805	165.792446	8.32681660	260.213019	36	19.8171745	6.70996891	209.686528
1	13:56:50	20.68	106.600	25.680	4782.000	29.000	106.650641	22.3433092	217.364685	163.037372	8.18844480	255.888900	36	19.8171745	6.59846525	206.202039
1	13:57:05	20.93	108.220	25.530	4798.000	29.000	108.238864	22.6760421	220.601644	165.465297	8.31038576	259.699555	36	19.8171745	6.69672850	209.272766
1	13:57:20	21.18	107.090	25.630	4799.000	29.000	107.176774	22.4535341	218.436997	163.841674	8.22884036	257.151261	36	19.8171745	6.63101707	207.219283
1	13:57:35	21.43	108.650	25.490	4811.000	29.000	108.667405	22.7658213	221.475052	166.120409	8.34328833	260.727760	36	19.8171745	6.72324227	210.101321
1	13:57:50	21.68	107.820	25.560	4806.000	29.000	107.918853	22.6089997	219.949429	164.976095	8.28581587	258.931746	36	19.8171745	6.67692944	208.654045
1	13:58:05	21.93	106.900	25.650	4801.000	29.000	106.965930	22.4093624	218.007276	163.519356	8.21265215	256.645380	36	19.8171745	6.61797218	206.811631
1	13:58:20	22.18	108.870	25.470	4809.000	29.000	108.882476	22.8108786	221.913388	166.449189	8.35980108	261.243784	36	19.8171745	6.73654868	210.517146
1	13:58:35	22.43	106.440	25.700	4794.000	29.000	106.441096	22.2994096	216.937612	162.717040	8.17235634	255.386136	36	19.8171745	6.58550075	205.796899
1	13:58:50	22.68	106.420	25.700	4808.000	29.000	106.441096	22.2994096	216.937612	162.717040	8.17235634	255.386136	36	19.8171745	6.58550075	205.796899
1	13:59:05	22.93	107.780	25.570	4814.000	29.000	107.812447	22.5867077	219.732563	164.813431	8.27764622	258.676444	36	19.8171745	6.67034611	208.448316
1	13:59:20	23.18	107.900	25.560	4802.000	29.000	107.918853	22.6089997	219.949429	164.976095	8.28581587	258.931746	36	19.8171745	6.67692944	208.654045
1	13:59:35	23.43	104.820	25.850	4813.000	29.000	104.885875	21.9735908	213.767916	160.339566	8.05294926	251.654664	36	19.8171745	6.48927937	202.789980
1	13:59:50	23.68	106.470	25.690	4816.000	29.000	106.545804	22.3213459	217.151017	162.877107	8.18039560	255.637363	36	19.8171745	6.59197900	205.999344
1	14:00:05	23.93	105.680	25.770	4815.000	29.000	105.711750	22.1466116	215.451131	161.602085	8.11635844	253.636201	36	19.8171745	6.54037616	204.386755
1	14:00:20	24.18	106.670	25.670	4822.000	29.000	106.755607	22.3652997	217.578617	163.197835	8.19650394	256.140748	36	19.8171745	6.60495953	206.404985
1	14:00:35	24.43	106.040	25.730	4819.000	29.000	106.127748	22.2337632	216.298977	162.238023	8.14829803	254.634313	36	19.8171745	6.56611393	205.191060
1	14:00:50	24.68	106.880	25.650	4823.000	29.000	106.965930	22.4093624	218.007276	163.519356	8.21265215	256.645380	36	19.8171745	6.61797218	206.811631
1	14:01:05	24.93	105.700	25.770	4837.000	29.000	105.711750	22.1466116	215.451131	161.602085	8.11635844	253.636201	36	19.8171745	6.54037616	204.386755
1	14:01:20	25.18	106.420	25.700	4843.000	29.000	106.441096	22.2994096	216.937612	162.717040	8.17235634	255.386136	36	19.8171745	6.58550075	205.796899
1	14:01:35	25.43	105.720	25.760	4847.000	29.000	105.815557	22.1683592	215.662701	161.760775	8.12432858	253.885268	36	19.8171745	6.54679871	204.587460
1	14:01:50	25.68	104.190	25.910	4860.000	29.000	104.271775	21.8449369	212.516319	159.400788	8.00579976	250.181243	36	19.8171745	6.45128506	201.602658
1	14:02:05	25.93	105.130	25.820	4841.000	29.000	105.194626	22.0382742	214.397181	160.811555	8.07665461	252.395457	36	19.8171745	6.50838177	203.386930
1	14:02:20	26.18	105.590	25.780	4856.000	29.000	105.608070	22.1248907	215.239822	161.443589	8.10839811	253.387441	36	19.8171745	6.53396152	204.186297
1	14:02:35	26.43	103.280	26.000	4851.000	29.000	103.359051	21.6537211	210.656095	158.005502	7.93572244	247.991326	36	19.8171745	6.39481489	199.837965
1	14:02:50	26.68	103.660	25.970	4867.000	29.000	103.662176	21.7172258	211.273894	158.468891	7.95899583	248.718620	36	19.8171745	6.41356921	200.424038
1	14:03:05	26.93	104.340	25.900	4872.000	29.000	104.373811	21.8663135	212.724279	159.556771	8.01363393	250.426060	36	19.8171745	6.45759803	201.799939
1	14:03:20	27.18	103.760	25.960	4881.000	29.000	103.763465	21.7384459	211.480332	158.623732	7.96677262	248.961645	36	19.8171745	6.41983596	200.619874
1	14:03:35	27.43	103.320	26.000	4880.000	29.000	103.359051	21.6537211	210.656095	158.005502	7.93572244	247.991326	36	19.8171745	6.39481489	199.837965
1	14:03:50	27.68	103.710	25.960	4881.000	29.000	103.763465	21.7384459	211.480332	158.623732	7.96677262	248.961645	36	19.8171745	6.41983596	200.619874
1	14:04:05	27.93	103.210	26.010	4881.000	29.000	103.258256	21.6326046	210.450665	157.851416	7.92798359	247.749487	36	19.8171745	6.38857873	199.643085
1	14:04:20	28.18	103.600	25.970	4888.000	29.000	103.662176	21.7172258	211.273894	158.468891	7.95899583	248.718620	36	19.8171745	6.41356921	200.424038
1	14:04:35	28.43	102.120	26.120	4902.000	29.000	102.157593	21.4020158	208.207405	156.168828	7.84347670	245.108647	36	19.8171745	6.32048084	197.515026
1	14:04:50	28.68	102.910	26.040	4885.000	29.000	102.956609	21.5694096	209.835879	157.390287	7.90482368	247.025740	36	19.8171745	6.36991586	199.059871
1	14:05:05	28.93	103.400	25.990	4900.000	29.000	103.459969	21.6748635	210.861776	158.159776	7.94347075	248.233461	36	19.8171745	6.40105869	200.033084
1	14:05:20	29.18	104.450	25.890	4904.000	29.000	104.475973	21.8877163	212.932494	159.712946	8.02147770	250.671178	36	19.8171745	6.46391876	201.997461
1	14:05:35	29.43	103.430	25.990	4921.000	29.000	103.459969	21.6748635	210.861776	158.159776	7.94347075	248.233461	36	19.8171745	6.40105869	200.033084
1	14:05:50	29.68	102.390	26.090	4922.000	29.000	102.456312	21.4645973	208.816223	156.625480	7.86641175	245.825367	36	19.8171745	6.33896251	198.092578
1	14:06:05	29.93	104.390	25.890	4926.000	29.000	104.475973	21.8877163	212.932494	159.712946	8.02147770	250.671178	36	19.8171745	6.46391876	201.997461
1	14:06:20	30.18	101.830	26.150	4919.000	29.000	101.859964	21.3396625	207.600806	155.713840	7.82062524	244.394539	36	19.8171745	6.30206653	196.939579
1	14:06:35	30.43	100.930	26.240	4928.000	29.000	100.973558	21.1539604	205.794222	154.358787	7.75256857	242.267768	36	19.8171745	6.24722466	195.225771
1	14:06:50	30.68	104.050	25.930	4939.000	29.000	104.068077	21.8022622	212.101162	159.089394	7.99016022	249.692507	36	19.8171745	6.43868230	201.208822
1	14:07:05	30.93	102.920	26.040	4930.000	29.000	102.956609	21.5694096	209.835879	157.390287	7.90482368	247.025740	36	19.8171745	6.36991586	199.059871
1	14:07:20	31.18	101.580	26.170	4938.000	29.000	101.662147	21.2982197	207.197635	155.411436	7.80543719	243.919912	36	19.8171745	6.28982760	196.557112
1	14:07:35	31.43	103.110	26.020	4948.000	29.000	103.157584	21.6115139	210.245486	157.697519	7.92025419	247.507943	36	19.8171745	6.38235017	199.448443
1	14:07:50	31.68	102.700	26.060	4959.000	29.000	102.756124	21.5274080	209.427270	157.083805	7.88943079	246.544712	36	19.8171745	6.35751187	198.672246
1	14:08:05	31.93	101.370	26.190	4974.000	29.000	101.464810	21.2568776	206.795442	155.109766	7.79028600	243.446437	36	19.8171745	6.27761837	196.175574
1	14:08:20	32.18	102.440	26.090	4957.000	29.000	102.456312	21.4645973	208.816223	156.625480	7.86641175	245.825367	36	19.8171745	6.33896251	198.092578
1	14:08:35	32.43	101.740	26.160	4968.000	29.000	101.760995	21.3189285	207.399098	155.562546	7.81302660	244.157081	36	19.8171745	6.29594335	196.748230
1	14:08:50	32.68	100.670	26.270	4977.000	29.000	100.680233	21.0925088	205.196396	153.910380	7.73004762	241.563988	36	19.8171745	6.22907669	194.658647
1	14:09:05	32.93	100.120	26.320	4975.000	29.000	100.193720	20.9905843	204.204833	153.166644	7.69269399	240.396687	36	19.8171745	6.19897615	193.718005
