Chamber	Time/hh:mm:ss	Logtime/min	Oxy/% air sat.	Phase/°	Amp	Temp/°C	% air-sat.	% oxygen	pO2 (hPa)	pO2 (Torr)	cO2 [mg/L]	cO2 [µmol/L]	Salinity	chlorinity	SalCorcO2 [mg/L]	SalCorcO2 [µmol/L]
6	7:12:48 AM	0.00	80.840	28.550	17559.000	29.000	79.489205	16.6529885	162.006960	121.515549	6.10303854	190.719954	35	19.3739612	4.94454649	154.517078
6	7:12:55 AM	0.13	81.980	28.400	17554.000	29.000	80.593864	16.8844146	164.258366	123.204247	6.18785227	193.370384	35	19.3739612	5.01326069	156.664397
6	7:13:10 AM	0.38	81.850	28.410	17580.000	29.000	80.519640	16.8688647	164.107090	123.090780	6.18215350	193.192297	35	19.3739612	5.00864367	156.520115
6	7:13:25 AM	0.63	82.530	28.320	17623.000	29.000	81.190672	17.0094458	165.474719	124.116589	6.23367409	194.802315	35	19.3739612	5.05038451	157.824516
6	7:13:40 AM	0.88	80.710	28.560	17618.000	29.000	79.416219	16.6376980	161.858207	121.403975	6.09743481	190.544838	35	19.3739612	4.94000647	154.375202
6	7:13:55 AM	1.13	81.810	28.420	17631.000	29.000	80.445500	16.8533322	163.955984	122.977441	6.17646112	193.014410	35	19.3739612	5.00403183	156.375995
6	7:14:10 AM	1.38	80.800	28.550	17640.000	29.000	79.489205	16.6529885	162.006960	121.515549	6.10303854	190.719954	35	19.3739612	4.94454649	154.517078
6	7:14:25 AM	1.63	81.560	28.450	17630.000	29.000	80.223577	16.8068395	163.503684	122.638187	6.15942231	192.481947	35	19.3739612	4.99022736	155.944605
6	7:14:40 AM	1.88	80.740	28.560	17660.000	29.000	79.416219	16.6376980	161.858207	121.403975	6.09743481	190.544838	35	19.3739612	4.94000647	154.375202
6	7:14:55 AM	2.13	81.040	28.520	17676.000	29.000	79.708654	16.6989630	162.454218	121.851021	6.11988739	191.246481	35	19.3739612	4.95819705	154.943658
6	7:15:10 AM	2.38	80.490	28.590	17669.000	29.000	79.197751	16.5919288	161.412946	121.070001	6.08066117	190.020661	35	19.3739612	4.92641683	153.950526
6	7:15:25 AM	2.63	81.720	28.430	17659.000	29.000	80.371443	16.8378172	163.805048	122.864229	6.17077513	192.836723	35	19.3739612	4.99942517	156.232037
6	7:15:40 AM	2.88	80.700	28.570	17705.000	29.000	79.343315	16.6224245	161.709621	121.292526	6.09183735	190.369917	35	19.3739612	4.93547153	154.233485
6	7:15:55 AM	3.13	80.270	28.620	17682.000	29.000	78.980013	16.5463127	160.969175	120.737144	6.06394364	189.498239	35	19.3739612	4.91287267	153.527271
6	7:16:10 AM	3.38	80.180	28.640	17675.000	29.000	78.835259	16.5159867	160.674151	120.515857	6.05282969	189.150928	35	19.3739612	4.90386839	153.245887
6	7:16:25 AM	3.63	80.510	28.590	17713.000	29.000	79.197751	16.5919288	161.412946	121.070001	6.08066117	190.020661	35	19.3739612	4.92641683	153.950526
6	7:16:41 AM	3.88	80.070	28.650	17696.000	29.000	78.763003	16.5008491	160.526886	120.405399	6.04728200	188.977562	35	19.3739612	4.89937377	153.105430
6	7:16:55 AM	4.13	78.460	28.870	17728.000	29.000	77.193533	16.1720452	157.328150	118.006143	5.92678095	185.211905	35	19.3739612	4.80174650	150.054578
6	7:17:10 AM	4.38	79.300	28.760	17778.000	29.000	77.973474	16.3354429	158.917748	119.198443	5.98666343	187.083232	35	19.3739612	4.85026195	151.570686
6	7:17:25 AM	4.63	79.560	28.720	17754.000	29.000	78.259458	16.3953565	159.500612	119.635628	6.00862075	187.769399	35	19.3739612	4.86805129	152.126603
6	7:17:41 AM	4.88	80.130	28.640	17784.000	29.000	78.835259	16.5159867	160.674151	120.515857	6.05282969	189.150928	35	19.3739612	4.90386839	153.245887
6	7:17:56 AM	5.13	79.390	28.740	17759.000	29.000	78.116307	16.3653664	159.208856	119.416793	5.99762989	187.425934	35	19.3739612	4.85914673	151.848335
6	7:18:10 AM	5.38	79.830	28.680	17807.000	29.000	78.546717	16.4555372	160.086075	120.074762	6.03067598	188.458625	35	19.3739612	4.88591995	152.684998
6	7:18:25 AM	5.63	79.330	28.750	17788.000	29.000	78.044851	16.3503963	159.063221	119.307557	5.99214361	187.254488	35	19.3739612	4.85470187	151.709434
6	7:18:40 AM	5.88	79.420	28.740	17786.000	29.000	78.116307	16.3653664	159.208856	119.416793	5.99762989	187.425934	35	19.3739612	4.85914673	151.848335
6	7:18:55 AM	6.13	78.870	28.820	17774.000	29.000	77.546873	16.2460699	158.048292	118.546296	5.95390976	186.059680	35	19.3739612	4.82372565	150.741427
6	7:19:10 AM	6.38	78.910	28.810	17819.000	29.000	77.617776	16.2609241	158.192800	118.654686	5.95935357	186.229799	35	19.3739612	4.82813611	150.879254
6	7:19:25 AM	6.63	79.760	28.690	17811.000	29.000	78.474782	16.4404669	159.939465	119.964795	6.02515297	188.286030	35	19.3739612	4.88144532	152.545166
6	7:19:40 AM	6.88	78.670	28.840	17856.000	29.000	77.405302	16.2164108	157.759757	118.329876	5.94304020	185.720006	35	19.3739612	4.81491938	150.466231
6	7:19:55 AM	7.13	78.500	28.870	17863.000	29.000	77.193533	16.1720452	157.328150	118.006143	5.92678095	185.211905	35	19.3739612	4.80174650	150.054578
6	7:20:10 AM	7.38	78.200	28.910	17863.000	29.000	76.912266	16.1131197	156.754899	117.576168	5.90518573	184.537054	35	19.3739612	4.78425053	149.507829
6	7:20:25 AM	7.63	78.650	28.850	17867.000	29.000	77.334634	16.2016059	157.615729	118.221845	5.93761445	185.550452	35	19.3739612	4.81052356	150.328861
6	7:20:40 AM	7.88	77.840	28.960	17879.000	29.000	76.562425	16.0398280	156.041888	117.041364	5.87832557	183.697674	35	19.3739612	4.76248902	148.827782
6	7:20:55 AM	8.13	78.320	28.890	17900.000	29.000	77.052744	16.1425499	157.041208	117.790918	5.91597140	184.874106	35	19.3739612	4.79298884	149.780901
6	7:21:10 AM	8.38	77.010	29.080	17894.000	29.000	75.730631	15.8655671	154.346609	115.769797	5.81446192	181.701935	35	19.3739612	4.71074811	147.210878
6	7:21:25 AM	8.63	78.240	28.900	17902.000	29.000	76.982466	16.1278266	156.897974	117.683484	5.91057559	184.705487	35	19.3739612	4.78861727	149.644290
6	7:21:40 AM	8.88	77.980	28.940	17897.000	29.000	76.702129	16.0690961	156.326620	117.254932	5.88905185	184.032870	35	19.3739612	4.77117921	149.099350
6	7:21:55 AM	9.13	78.290	28.900	17934.000	29.000	76.982466	16.1278266	156.897974	117.683484	5.91057559	184.705487	35	19.3739612	4.78861727	149.644290
6	7:22:10 AM	9.38	77.840	28.960	17959.000	29.000	76.562425	16.0398280	156.041888	117.041364	5.87832557	183.697674	35	19.3739612	4.76248902	148.827782
6	7:22:25 AM	9.63	76.950	29.080	17968.000	29.000	75.730631	15.8655671	154.346609	115.769797	5.81446192	181.701935	35	19.3739612	4.71074811	147.210878
6	7:22:40 AM	9.88	77.960	28.940	17935.000	29.000	76.702129	16.0690961	156.326620	117.254932	5.88905185	184.032870	35	19.3739612	4.77117921	149.099350
6	7:22:55 AM	10.13	78.260	28.900	17968.000	29.000	76.982466	16.1278266	156.897974	117.683484	5.91057559	184.705487	35	19.3739612	4.78861727	149.644290
6	7:23:10 AM	10.38	76.580	29.140	17975.000	29.000	75.318830	15.7792950	153.507318	115.140276	5.78284464	180.713895	35	19.3739612	4.68513249	146.410390
6	7:23:25 AM	10.63	78.140	28.920	17981.000	29.000	76.842143	16.0984289	156.611982	117.468971	5.89980183	184.368807	35	19.3739612	4.77988861	149.371519
6	7:23:40 AM	10.88	77.610	28.990	17987.000	29.000	76.353445	15.9960466	155.615966	116.721896	5.86228045	183.196264	35	19.3739612	4.74948962	148.421551
6	7:23:55 AM	11.13	77.990	28.940	17969.000	29.000	76.702129	16.0690961	156.326620	117.254932	5.88905185	184.032870	35	19.3739612	4.77117921	149.099350
6	7:24:10 AM	11.38	76.950	29.080	17977.000	29.000	75.730631	15.8655671	154.346609	115.769797	5.81446192	181.701935	35	19.3739612	4.71074811	147.210878
6	7:24:25 AM	11.63	77.350	29.030	18030.000	29.000	76.075877	15.9378962	155.050255	116.297576	5.84096930	182.530291	35	19.3739612	4.73222380	147.881994
6	7:24:40 AM	11.88	77.310	29.030	18060.000	29.000	76.075877	15.9378962	155.050255	116.297576	5.84096930	182.530291	35	19.3739612	4.73222380	147.881994
6	7:24:55 AM	12.13	77.370	29.030	18043.000	29.000	76.075877	15.9378962	155.050255	116.297576	5.84096930	182.530291	35	19.3739612	4.73222380	147.881994
6	7:25:10 AM	12.38	76.950	29.080	18097.000	29.000	75.730631	15.8655671	154.346609	115.769797	5.81446192	181.701935	35	19.3739612	4.71074811	147.210878
6	7:25:25 AM	12.63	76.900	29.090	18086.000	29.000	75.661809	15.8511490	154.206343	115.664589	5.80917790	181.536810	35	19.3739612	4.70646712	147.077097
6	7:25:40 AM	12.88	75.980	29.220	18064.000	29.000	74.773959	15.6651444	152.396816	114.307328	5.74101039	179.406575	35	19.3739612	4.65123931	145.351228
6	7:25:55 AM	13.13	77.630	28.990	18103.000	29.000	76.353445	15.9960466	155.615966	116.721896	5.86228045	183.196264	35	19.3739612	4.74948962	148.421551
6	7:26:10 AM	13.38	76.170	29.200	18071.000	29.000	74.909730	15.6935884	152.673531	114.514882	5.75143464	179.732332	35	19.3739612	4.65968480	145.615150
6	7:26:25 AM	13.63	76.570	29.140	18108.000	29.000	75.318830	15.7792950	153.507318	115.140276	5.78284464	180.713895	35	19.3739612	4.68513249	146.410390
6	7:26:41 AM	13.88	76.270	29.180	18131.000	29.000	75.045798	15.7220947	152.950851	114.722890	5.76188172	180.058804	35	19.3739612	4.66814879	145.879650
6	7:26:55 AM	14.13	76.640	29.130	18062.000	29.000	75.387276	15.7936343	153.646817	115.244908	5.78809974	180.878117	35	19.3739612	4.68939006	146.543439
6	7:27:10 AM	14.38	75.100	29.350	18149.000	29.000	73.898638	15.4817647	150.612824	112.969221	5.67380482	177.306401	35	19.3739612	4.59679085	143.649714
6	7:27:26 AM	14.63	75.930	29.230	18148.000	29.000	74.706185	15.6509457	152.258685	114.203721	5.73580681	179.243963	35	19.3739612	4.64702348	145.219484
6	7:27:40 AM	14.88	75.830	29.250	18094.000	29.000	74.570858	15.6225948	151.982876	113.996847	5.72541669	178.919271	35	19.3739612	4.63860563	144.956426
6	7:27:55 AM	15.13	76.790	29.110	18140.000	29.000	75.524392	15.8223601	153.926273	115.454518	5.79862726	181.207102	35	19.3739612	4.69791922	146.809975
6	7:28:10 AM	15.38	75.160	29.340	18182.000	29.000	73.965531	15.4957788	150.749159	113.071480	5.67894074	177.466898	35	19.3739612	4.60095185	143.779745
6	7:28:25 AM	15.63	75.420	29.300	18246.000	29.000	74.233832	15.5519879	151.295983	113.481633	5.69954042	178.110638	35	19.3739612	4.61764126	144.301289
6	7:28:40 AM	15.88	75.020	29.360	18154.000	29.000	73.831818	15.4677659	150.476638	112.867072	5.66867449	177.146078	35	19.3739612	4.59263437	143.519824
6	7:28:55 AM	16.13	75.340	29.320	18233.000	29.000	74.099535	15.5238527	151.022273	113.276333	5.68922936	177.788417	35	19.3739612	4.60928746	144.040233
6	7:29:10 AM	16.38	74.800	29.400	18185.000	29.000	73.565263	15.4119226	149.933373	112.459589	5.64820889	176.506528	35	19.3739612	4.57605359	143.001675
6	7:29:26 AM	16.63	76.120	29.200	18260.000	29.000	74.909730	15.6935884	152.673531	114.514882	5.75143464	179.732332	35	19.3739612	4.65968480	145.615150
6	7:29:40 AM	16.88	74.870	29.390	18221.000	29.000	73.631793	15.4258607	150.068968	112.561293	5.65331695	176.666155	35	19.3739612	4.58019203	143.131001
6	7:29:55 AM	17.13	74.990	29.370	18209.000	29.000	73.765071	15.4537823	150.340600	112.765035	5.66354974	176.985930	35	19.3739612	4.58848241	143.390075
6	7:30:11 AM	17.38	74.180	29.490	18240.000	29.000	72.969731	15.2871586	148.719618	111.549195	5.60248496	175.077655	35	19.3739612	4.53900908	141.844034
6	7:30:25 AM	17.63	74.320	29.470	18274.000	29.000	73.101569	15.3147788	148.988318	111.750737	5.61260730	175.393978	35	19.3739612	4.54720997	142.100312
6	7:30:41 AM	17.88	74.140	29.490	18277.000	29.000	72.969731	15.2871586	148.719618	111.549195	5.60248496	175.077655	35	19.3739612	4.53900908	141.844034
6	7:30:55 AM	18.13	74.760	29.400	18293.000	29.000	73.565263	15.4119226	149.933373	112.459589	5.64820889	176.506528	35	19.3739612	4.57605359	143.001675
6	7:31:10 AM	18.38	74.300	29.470	18235.000	29.000	73.101569	15.3147788	148.988318	111.750737	5.61260730	175.393978	35	19.3739612	4.54720997	142.100312
6	7:31:25 AM	18.63	74.500	29.440	18287.000	29.000	73.299864	15.3563215	149.392463	112.053872	5.62783202	175.869751	35	19.3739612	4.55954470	142.485772
6	7:31:40 AM	18.88	74.950	29.370	18293.000	29.000	73.765071	15.4537823	150.340600	112.765035	5.66354974	176.985930	35	19.3739612	4.58848241	143.390075
6	7:31:55 AM	19.13	74.900	29.380	18314.000	29.000	73.698396	15.4398139	150.204710	112.663109	5.65843057	176.825955	35	19.3739612	4.58433496	143.260468
6	7:32:10 AM	19.38	75.050	29.360	18347.000	29.000	73.831818	15.4677659	150.476638	112.867072	5.66867449	177.146078	35	19.3739612	4.59263437	143.519824
6	7:32:26 AM	19.63	74.220	29.480	18368.000	29.000	73.035614	15.3009612	148.853895	111.649912	5.60754339	175.235731	35	19.3739612	4.54310731	141.972103
6	7:32:40 AM	19.88	73.940	29.520	18371.000	29.000	72.772507	15.2458402	148.317656	111.247698	5.58734250	174.604453	35	19.3739612	4.52674099	141.460656
6	7:32:55 AM	20.13	74.080	29.500	18333.000	29.000	72.903918	15.2733709	148.585485	111.448587	5.59743201	174.919750	35	19.3739612	4.53491529	141.716103
6	7:33:10 AM	20.38	75.170	29.340	18366.000	29.000	73.965531	15.4957788	150.749159	113.071480	5.67894074	177.466898	35	19.3739612	4.60095185	143.779745
6	7:33:25 AM	20.63	73.600	29.570	18352.000	29.000	72.445220	15.1772736	147.650613	110.747373	5.56221398	173.819187	35	19.3739612	4.50638242	140.824451
6	7:33:40 AM	20.88	73.520	29.590	18385.000	29.000	72.314799	15.1499505	147.384802	110.547998	5.55220053	173.506266	35	19.3739612	4.49826974	140.570929
6	7:33:55 AM	21.13	74.590	29.430	18384.000	29.000	73.366106	15.3701992	149.527470	112.155136	5.63291795	176.028686	35	19.3739612	4.56366521	142.614538
6	7:34:10 AM	21.38	74.460	29.450	18420.000	29.000	73.233694	15.3424589	149.257602	111.952717	5.62275161	175.710988	35	19.3739612	4.55542867	142.357146
6	7:34:25 AM	21.63	73.830	29.540	18420.000	29.000	72.641380	15.2183691	148.050406	111.047244	5.57727479	174.289837	35	19.3739612	4.51858435	141.205761
6	7:34:40 AM	21.88	73.750	29.550	18478.000	29.000	72.575923	15.2046558	147.916998	110.947179	5.57224909	174.132784	35	19.3739612	4.51451265	141.078520
6	7:34:55 AM	22.13	73.450	29.600	18459.000	29.000	72.249695	15.1363110	147.252112	110.448472	5.54720190	173.350059	35	19.3739612	4.49421996	140.444374
6	7:35:10 AM	22.38	73.600	29.570	18455.000	29.000	72.445220	15.1772736	147.650613	110.747373	5.56221398	173.819187	35	19.3739612	4.50638242	140.824451
6	7:35:25 AM	22.63	72.890	29.680	18415.000	29.000	71.731375	15.0277231	146.195725	109.656115	5.50740625	172.106445	35	19.3739612	4.46197842	139.436826
6	7:35:40 AM	22.88	72.250	29.780	18483.000	29.000	71.089716	14.8932955	144.887960	108.675207	5.45814084	170.566901	35	19.3739612	4.42206467	138.189521
6	7:35:55 AM	23.13	72.660	29.720	18497.000	29.000	71.473884	14.9737787	145.670933	109.262487	5.48763657	171.488643	35	19.3739612	4.44596145	138.936295
6	7:36:10 AM	23.38	72.580	29.730	18516.000	29.000	71.409684	14.9603289	145.540087	109.164344	5.48270741	171.334607	35	19.3739612	4.44196796	138.811499
6	7:36:25 AM	23.63	73.140	29.640	18492.000	29.000	71.989976	15.0819001	146.722781	110.051440	5.52726120	172.726913	35	19.3739612	4.47806445	139.939514
6	7:36:40 AM	23.88	73.310	29.620	18465.000	29.000	72.119696	15.1090762	146.987161	110.249742	5.53722080	173.038150	35	19.3739612	4.48613350	140.191672
6	7:36:55 AM	24.13	72.830	29.690	18560.000	29.000	71.666899	15.0142152	146.064315	109.557549	5.50245586	171.951746	35	19.3739612	4.45796772	139.311491
6	7:37:10 AM	24.38	72.460	29.750	18560.000	29.000	71.281491	14.9334724	145.278816	108.968375	5.47286496	171.027030	35	19.3739612	4.43399383	138.562307
6	7:37:25 AM	24.63	72.340	29.770	18569.000	29.000	71.153573	14.9066735	145.018106	108.772825	5.46304361	170.720113	35	19.3739612	4.42603679	138.313650
6	7:37:40 AM	24.88	71.980	29.820	18567.000	29.000	70.834974	14.8399270	144.368770	108.285782	5.43858218	169.955693	35	19.3739612	4.40621868	137.694334
6	7:37:55 AM	25.13	72.250	29.780	18631.000	29.000	71.089716	14.8932955	144.887960	108.675207	5.45814084	170.566901	35	19.3739612	4.42206467	138.189521
6	7:38:10 AM	25.38	71.250	29.930	18595.000	29.000	70.140027	14.6943356	142.952398	107.223413	5.38522539	168.288293	35	19.3739612	4.36299019	136.343443
6	7:38:25 AM	25.63	71.980	29.820	18612.000	29.000	70.834974	14.8399270	144.368770	108.285782	5.43858218	169.955693	35	19.3739612	4.40621868	137.694334
6	7:38:40 AM	25.88	72.000	29.820	18592.000	29.000	70.834974	14.8399270	144.368770	108.285782	5.43858218	169.955693	35	19.3739612	4.40621868	137.694334
6	7:38:55 AM	26.13	71.540	29.890	18649.000	29.000	70.391791	14.7470801	143.465518	107.608285	5.40455535	168.892355	35	19.3739612	4.37865090	136.832841
6	7:39:10 AM	26.38	72.060	29.810	18588.000	29.000	70.898557	14.8532477	144.498359	108.382982	5.44346399	170.108250	35	19.3739612	4.41017381	137.817932
6	7:39:25 AM	26.63	71.140	29.950	18687.000	29.000	70.014547	14.6680477	142.696658	107.031591	5.37559130	167.987228	35	19.3739612	4.35518486	136.099527
6	7:39:40 AM	26.88	70.810	30.000	18650.000	29.000	69.702016	14.6025723	142.059687	106.553822	5.35159567	167.237365	35	19.3739612	4.33574413	135.492004
6	7:39:55 AM	27.13	71.200	29.940	18654.000	29.000	70.077254	14.6811846	142.824460	107.127451	5.38040578	168.137681	35	19.3739612	4.35908545	136.221420
6	7:40:10 AM	27.38	70.990	29.970	18672.000	29.000	69.889335	14.6418157	142.441463	106.840178	5.36597771	167.686803	35	19.3739612	4.34739615	135.856130
6	7:40:25 AM	27.63	71.450	29.900	18680.000	29.000	70.328749	14.7338729	143.337032	107.511913	5.39971512	168.741098	35	19.3739612	4.37472945	136.710295
6	7:40:40 AM	27.88	71.410	29.910	18718.000	29.000	70.265774	14.7206797	143.208684	107.415643	5.39488006	168.590002	35	19.3739612	4.37081219	136.587881
6	7:40:55 AM	28.13	71.850	29.840	18687.000	29.000	70.708011	14.8133284	144.110007	108.091693	5.42883422	169.651069	35	19.3739612	4.39832110	137.447534
6	7:41:10 AM	28.38	72.180	29.790	18695.000	29.000	71.025928	14.8799320	144.757954	108.577694	5.45324331	170.413853	35	19.3739612	4.41809680	138.065525
6	7:41:25 AM	28.63	70.130	30.110	18722.000	29.000	69.020265	14.4597455	140.670211	105.511627	5.29925208	165.601628	35	19.3739612	4.29333652	134.166766
6	7:41:40 AM	28.88	70.840	30.000	18741.000	29.000	69.702016	14.6025723	142.059687	106.553822	5.35159567	167.237365	35	19.3739612	4.33574413	135.492004
6	7:41:55 AM	29.13	70.550	30.040	18739.000	29.000	69.453184	14.5504421	141.552544	106.173433	5.33249086	166.640339	35	19.3739612	4.32026584	135.008307
6	7:42:10 AM	29.38	72.040	29.810	18789.000	29.000	70.898557	14.8532477	144.498359	108.382982	5.44346399	170.108250	35	19.3739612	4.41017381	137.817932
6	7:42:25 AM	29.63	70.250	30.090	18746.000	29.000	69.143628	14.4855901	140.921638	105.700213	5.30872370	165.897616	35	19.3739612	4.30101022	134.406569
6	7:42:40 AM	29.88	70.500	30.050	18791.000	29.000	69.391142	14.5374442	141.426095	106.078588	5.32772733	166.491479	35	19.3739612	4.31640653	134.887704
6	7:42:55 AM	30.13	71.050	29.970	18784.000	29.000	69.889335	14.6418157	142.441463	106.840178	5.36597771	167.686803	35	19.3739612	4.34739615	135.856130
6	7:43:10 AM	30.38	69.960	30.140	18805.000	29.000	68.835709	14.4210811	140.294068	105.229496	5.28508223	165.158820	35	19.3739612	4.28185642	133.808013
6	7:43:25 AM	30.63	70.940	29.980	18799.000	29.000	69.826829	14.6287206	142.314069	106.744625	5.36117859	167.536831	35	19.3739612	4.34350801	135.734625
6	7:43:40 AM	30.88	70.830	30.000	18802.000	29.000	69.702016	14.6025723	142.059687	106.553822	5.35159567	167.237365	35	19.3739612	4.33574413	135.492004
6	7:43:55 AM	31.13	69.760	30.170	18850.000	29.000	68.651739	14.3825393	139.919118	104.948259	5.27095731	164.717416	35	19.3739612	4.27041272	133.450398
6	7:44:10 AM	31.38	69.380	30.230	18844.000	29.000	68.285543	14.3058213	139.172775	104.388454	5.24284148	163.838796	35	19.3739612	4.24763390	132.738559
6	7:44:25 AM	31.63	70.100	30.120	18855.000	29.000	68.958681	14.4468437	140.544697	105.417484	5.29452380	165.453869	35	19.3739612	4.28950577	134.047055
6	7:44:40 AM	31.88	69.850	30.150	18850.000	29.000	68.774321	14.4082202	140.168953	105.135651	5.28036894	165.011529	35	19.3739612	4.27803782	133.688682
6	7:44:55 AM	32.13	68.760	30.330	18886.000	29.000	67.680344	14.1790320	137.939317	103.463282	5.19637533	162.386729	35	19.3739612	4.20998806	131.562127
6	7:45:10 AM	32.38	68.780	30.330	18879.000	29.000	67.680344	14.1790320	137.939317	103.463282	5.19637533	162.386729	35	19.3739612	4.20998806	131.562127
6	7:45:25 AM	32.63	69.800	30.160	18862.000	29.000	68.712997	14.3953730	140.043969	105.041906	5.27566064	164.864395	35	19.3739612	4.27422326	133.569477
