Chamber	Time/hh:mm:ss	Logtime/min	Oxy/% air sat.	Phase/°	Amp	Temp/°C	% air-sat.	% oxygen	pO2 (hPa)	pO2 (Torr)	cO2 [mg/L]	cO2 [µmol/L]	Salinity	chlorinity	SalCorcO2 [mg/L]	SalCorcO2 [µmol/L]
8	7:12:49 AM	0.00	92.500	26.890	7308.000	29.000	92.834543	19.4488368	189.206095	141.916634	7.12766963	222.739676	35	19.3739612	5.77467987	180.458746
8	7:12:50 AM	0.01	93.800	26.750	7306.000	29.000	94.082289	19.7102395	191.749125	143.824069	7.22346928	225.733415	35	19.3739612	5.85229462	182.884207
8	7:13:02 AM	0.20	92.640	26.880	7299.000	29.000	92.922984	19.4673651	189.386346	142.051834	7.13445995	222.951874	35	19.3739612	5.78018124	180.630664
8	7:13:17 AM	0.45	93.030	26.830	7312.000	29.000	93.366760	19.5603362	190.290806	142.730236	7.16853227	224.016633	35	19.3739612	5.80778588	181.493309
8	7:13:32 AM	0.70	92.390	26.910	7350.000	29.000	92.657975	19.4118457	188.846231	141.646713	7.11411301	222.316032	35	19.3739612	5.76369660	180.115519
8	7:13:47 AM	0.95	92.430	26.900	7330.000	29.000	92.746207	19.4303303	189.026056	141.781594	7.12088732	222.527729	35	19.3739612	5.76918499	180.287031
8	7:14:02 AM	1.21	90.870	27.080	7327.000	29.000	91.173831	19.1009176	185.821398	139.377895	7.00016314	218.755098	35	19.3739612	5.67137695	177.230530
8	7:14:17 AM	1.45	92.480	26.900	7333.000	29.000	92.746207	19.4303303	189.026056	141.781594	7.12088732	222.527729	35	19.3739612	5.76918499	180.287031
8	7:14:32 AM	1.71	92.080	26.940	7334.000	29.000	92.393902	19.3565225	188.308025	141.243024	7.09383802	221.682438	35	19.3739612	5.74727025	179.602195
8	7:14:47 AM	1.96	92.190	26.930	7330.000	29.000	92.481823	19.3749418	188.487215	141.377428	7.10058838	221.893387	35	19.3739612	5.75273924	179.773101
8	7:15:02 AM	2.21	92.550	26.890	7326.000	29.000	92.834543	19.4488368	189.206095	141.916634	7.12766963	222.739676	35	19.3739612	5.77467987	180.458746
8	7:15:17 AM	2.46	92.380	26.910	7330.000	29.000	92.657975	19.4118457	188.846231	141.646713	7.11411301	222.316032	35	19.3739612	5.76369660	180.115519
8	7:15:32 AM	2.70	93.240	26.810	7315.000	29.000	93.545007	19.5976789	190.654091	143.002723	7.18221774	224.444304	35	19.3739612	5.81887354	181.839798
8	7:15:47 AM	2.95	91.970	26.950	7331.000	29.000	92.306086	19.3381250	188.129046	141.108778	7.08709561	221.471738	35	19.3739612	5.74180771	179.431491
8	7:16:02 AM	3.20	91.880	26.960	7313.000	29.000	92.218373	19.3197491	187.950278	140.974691	7.08036116	221.261286	35	19.3739612	5.73635160	179.260987
8	7:16:17 AM	3.46	92.630	26.880	7315.000	29.000	92.922984	19.4673651	189.386346	142.051834	7.13445995	222.951874	35	19.3739612	5.78018124	180.630664
8	7:16:32 AM	3.70	92.750	26.860	7321.000	29.000	93.100180	19.5044876	189.747488	142.322714	7.14806471	223.377022	35	19.3739612	5.79120351	180.975110
8	7:16:47 AM	3.96	92.800	26.860	7321.000	29.000	93.100180	19.5044876	189.747488	142.322714	7.14806471	223.377022	35	19.3739612	5.79120351	180.975110
8	7:17:02 AM	4.20	92.150	26.930	7300.000	29.000	92.481823	19.3749418	188.487215	141.377428	7.10058838	221.893387	35	19.3739612	5.75273924	179.773101
8	7:17:17 AM	4.46	93.130	26.820	7309.000	29.000	93.455831	19.5789965	190.472341	142.866399	7.17537095	224.230342	35	19.3739612	5.81332643	181.666451
8	7:17:32 AM	4.70	92.310	26.910	7314.000	29.000	92.657975	19.4118457	188.846231	141.646713	7.11411301	222.316032	35	19.3739612	5.76369660	180.115519
8	7:17:47 AM	4.96	92.460	26.900	7310.000	29.000	92.746207	19.4303303	189.026056	141.781594	7.12088732	222.527729	35	19.3739612	5.76918499	180.287031
8	7:18:02 AM	5.21	92.910	26.850	7300.000	29.000	93.188935	19.5230818	189.928380	142.458394	7.15487916	223.589974	35	19.3739612	5.79672443	181.147638
8	7:18:17 AM	5.46	92.920	26.850	7305.000	29.000	93.188935	19.5230818	189.928380	142.458394	7.15487916	223.589974	35	19.3739612	5.79672443	181.147638
8	7:18:32 AM	5.71	92.840	26.850	7289.000	29.000	93.188935	19.5230818	189.928380	142.458394	7.15487916	223.589974	35	19.3739612	5.79672443	181.147638
8	7:18:47 AM	5.96	92.460	26.900	7299.000	29.000	92.746207	19.4303303	189.026056	141.781594	7.12088732	222.527729	35	19.3739612	5.76918499	180.287031
8	7:19:02 AM	6.20	92.370	26.910	7305.000	29.000	92.657975	19.4118457	188.846231	141.646713	7.11411301	222.316032	35	19.3739612	5.76369660	180.115519
8	7:19:17 AM	6.46	92.150	26.930	7278.000	29.000	92.481823	19.3749418	188.487215	141.377428	7.10058838	221.893387	35	19.3739612	5.75273924	179.773101
8	7:19:32 AM	6.71	92.860	26.850	7290.000	29.000	93.188935	19.5230818	189.928380	142.458394	7.15487916	223.589974	35	19.3739612	5.79672443	181.147638
8	7:19:47 AM	6.96	91.660	26.990	7275.000	29.000	91.955853	19.2647511	187.415236	140.573375	7.06020535	220.631417	35	19.3739612	5.72002181	178.750681
8	7:20:02 AM	7.20	91.460	27.010	7289.000	29.000	91.781354	19.2281937	187.059590	140.306618	7.04680765	220.212739	35	19.3739612	5.70916729	178.411478
8	7:20:17 AM	7.45	92.600	26.880	7265.000	29.000	92.922984	19.4673651	189.386346	142.051834	7.13445995	222.951874	35	19.3739612	5.78018124	180.630664
8	7:20:32 AM	7.71	92.330	26.910	7266.000	29.000	92.657975	19.4118457	188.846231	141.646713	7.11411301	222.316032	35	19.3739612	5.76369660	180.115519
8	7:20:47 AM	7.96	91.790	26.970	7275.000	29.000	92.130763	19.3013948	187.771720	140.840761	7.07363464	221.051082	35	19.3739612	5.73090192	179.090685
8	7:21:02 AM	8.20	91.490	27.010	7270.000	29.000	91.781354	19.2281937	187.059590	140.306618	7.04680765	220.212739	35	19.3739612	5.70916729	178.411478
8	7:21:17 AM	8.46	92.920	26.850	7264.000	29.000	93.188935	19.5230818	189.928380	142.458394	7.15487916	223.589974	35	19.3739612	5.79672443	181.147638
8	7:21:32 AM	8.71	92.210	26.930	7265.000	29.000	92.481823	19.3749418	188.487215	141.377428	7.10058838	221.893387	35	19.3739612	5.75273924	179.773101
8	7:21:47 AM	8.96	92.800	26.860	7262.000	29.000	93.100180	19.5044876	189.747488	142.322714	7.14806471	223.377022	35	19.3739612	5.79120351	180.975110
8	7:22:02 AM	9.21	92.970	26.840	7287.000	29.000	93.277795	19.5416980	190.109486	142.594235	7.16170167	223.803177	35	19.3739612	5.80225188	181.320371
8	7:22:17 AM	9.45	92.580	26.880	7281.000	29.000	92.922984	19.4673651	189.386346	142.051834	7.13445995	222.951874	35	19.3739612	5.78018124	180.630664
8	7:22:32 AM	9.70	92.690	26.870	7275.000	29.000	93.011529	19.4859154	189.566810	142.187194	7.14125831	223.164322	35	19.3739612	5.78568912	180.802785
8	7:22:47 AM	9.95	92.250	26.920	7273.000	29.000	92.569847	19.3933829	188.666617	141.511991	7.10734670	222.104585	35	19.3739612	5.75821469	179.944209
8	7:23:02 AM	10.20	92.440	26.900	7288.000	29.000	92.746207	19.4303303	189.026056	141.781594	7.12088732	222.527729	35	19.3739612	5.76918499	180.287031
8	7:23:17 AM	10.45	91.310	27.030	7273.000	29.000	91.607266	19.1917221	186.704780	140.040488	7.03344145	219.795045	35	19.3739612	5.69833829	178.073072
8	7:23:32 AM	10.70	91.960	26.950	7273.000	29.000	92.306086	19.3381250	188.129046	141.108778	7.08709561	221.471738	35	19.3739612	5.74180771	179.431491
8	7:23:47 AM	10.96	92.230	26.920	7265.000	29.000	92.569847	19.3933829	188.666617	141.511991	7.10734670	222.104585	35	19.3739612	5.75821469	179.944209
8	7:24:02 AM	11.20	91.930	26.960	7256.000	29.000	92.218373	19.3197491	187.950278	140.974691	7.08036116	221.261286	35	19.3739612	5.73635160	179.260987
8	7:24:17 AM	11.45	91.490	27.010	7264.000	29.000	91.781354	19.2281937	187.059590	140.306618	7.04680765	220.212739	35	19.3739612	5.70916729	178.411478
8	7:24:32 AM	11.71	93.070	26.830	7266.000	29.000	93.366760	19.5603362	190.290806	142.730236	7.16853227	224.016633	35	19.3739612	5.80778588	181.493309
8	7:24:47 AM	11.95	92.460	26.900	7245.000	29.000	92.746207	19.4303303	189.026056	141.781594	7.12088732	222.527729	35	19.3739612	5.76918499	180.287031
8	7:25:02 AM	12.21	92.910	26.850	7244.000	29.000	93.188935	19.5230818	189.928380	142.458394	7.15487916	223.589974	35	19.3739612	5.79672443	181.147638
8	7:25:17 AM	12.45	93.500	26.780	7251.000	29.000	93.813170	19.6538591	191.200634	143.412666	7.20280683	225.087713	35	19.3739612	5.83555437	182.361074
8	7:25:32 AM	12.71	92.600	26.880	7251.000	29.000	92.922984	19.4673651	189.386346	142.051834	7.13445995	222.951874	35	19.3739612	5.78018124	180.630664
8	7:25:47 AM	12.96	93.200	26.810	7252.000	29.000	93.545007	19.5976789	190.654091	143.002723	7.18221774	224.444304	35	19.3739612	5.81887354	181.839798
8	7:26:02 AM	13.21	91.740	26.980	7256.000	29.000	92.043256	19.2830622	187.593373	140.706990	7.06691604	220.841126	35	19.3739612	5.72545866	178.920583
8	7:26:17 AM	13.46	92.150	26.930	7244.000	29.000	92.481823	19.3749418	188.487215	141.377428	7.10058838	221.893387	35	19.3739612	5.75273924	179.773101
8	7:26:32 AM	13.71	92.530	26.890	7256.000	29.000	92.834543	19.4488368	189.206095	141.916634	7.12766963	222.739676	35	19.3739612	5.77467987	180.458746
8	7:26:47 AM	13.95	92.050	26.940	7260.000	29.000	92.393902	19.3565225	188.308025	141.243024	7.09383802	221.682438	35	19.3739612	5.74727025	179.602195
8	7:27:02 AM	14.21	91.330	27.030	7246.000	29.000	91.607266	19.1917221	186.704780	140.040488	7.03344145	219.795045	35	19.3739612	5.69833829	178.073072
8	7:27:17 AM	14.45	92.500	26.890	7251.000	29.000	92.834543	19.4488368	189.206095	141.916634	7.12766963	222.739676	35	19.3739612	5.77467987	180.458746
8	7:27:32 AM	14.70	91.590	27.000	7247.000	29.000	91.868552	19.2464616	187.237308	140.439918	7.05350255	220.421955	35	19.3739612	5.71459135	178.580980
8	7:27:47 AM	14.96	92.140	26.930	7252.000	29.000	92.481823	19.3749418	188.487215	141.377428	7.10058838	221.893387	35	19.3739612	5.75273924	179.773101
8	7:28:02 AM	15.21	92.070	26.940	7260.000	29.000	92.393902	19.3565225	188.308025	141.243024	7.09383802	221.682438	35	19.3739612	5.74727025	179.602195
8	7:28:17 AM	15.45	91.850	26.970	7241.000	29.000	92.130763	19.3013948	187.771720	140.840761	7.07363464	221.051082	35	19.3739612	5.73090192	179.090685
8	7:28:32 AM	15.70	92.970	26.840	7258.000	29.000	93.277795	19.5416980	190.109486	142.594235	7.16170167	223.803177	35	19.3739612	5.80225188	181.320371
8	7:28:47 AM	15.96	92.080	26.940	7258.000	29.000	92.393902	19.3565225	188.308025	141.243024	7.09383802	221.682438	35	19.3739612	5.74727025	179.602195
8	7:29:02 AM	16.21	91.840	26.970	7255.000	29.000	92.130763	19.3013948	187.771720	140.840761	7.07363464	221.051082	35	19.3739612	5.73090192	179.090685
8	7:29:17 AM	16.45	92.140	26.930	7237.000	29.000	92.481823	19.3749418	188.487215	141.377428	7.10058838	221.893387	35	19.3739612	5.75273924	179.773101
8	7:29:32 AM	16.70	92.520	26.890	7234.000	29.000	92.834543	19.4488368	189.206095	141.916634	7.12766963	222.739676	35	19.3739612	5.77467987	180.458746
8	7:29:47 AM	16.96	91.790	26.970	7247.000	29.000	92.130763	19.3013948	187.771720	140.840761	7.07363464	221.051082	35	19.3739612	5.73090192	179.090685
8	7:30:02 AM	17.20	91.200	27.040	7246.000	29.000	91.520375	19.1735185	186.527688	139.907658	7.02677013	219.586567	35	19.3739612	5.69293334	177.904167
8	7:30:17 AM	17.46	91.660	26.990	7246.000	29.000	91.955853	19.2647511	187.415236	140.573375	7.06020535	220.631417	35	19.3739612	5.72002181	178.750681
8	7:30:32 AM	17.71	91.840	26.970	7236.000	29.000	92.130763	19.3013948	187.771720	140.840761	7.07363464	221.051082	35	19.3739612	5.73090192	179.090685
8	7:30:47 AM	17.95	92.790	26.860	7236.000	29.000	93.100180	19.5044876	189.747488	142.322714	7.14806471	223.377022	35	19.3739612	5.79120351	180.975110
8	7:31:02 AM	18.21	92.440	26.900	7243.000	29.000	92.746207	19.4303303	189.026056	141.781594	7.12088732	222.527729	35	19.3739612	5.76918499	180.287031
8	7:31:17 AM	18.45	92.310	26.910	7231.000	29.000	92.657975	19.4118457	188.846231	141.646713	7.11411301	222.316032	35	19.3739612	5.76369660	180.115519
8	7:31:32 AM	18.71	92.940	26.840	7237.000	29.000	93.277795	19.5416980	190.109486	142.594235	7.16170167	223.803177	35	19.3739612	5.80225188	181.320371
8	7:31:47 AM	18.96	92.780	26.860	7232.000	29.000	93.100180	19.5044876	189.747488	142.322714	7.14806471	223.377022	35	19.3739612	5.79120351	180.975110
8	7:32:02 AM	19.21	93.290	26.800	7235.000	29.000	93.634289	19.6163834	190.836056	143.139209	7.18907264	224.658520	35	19.3739612	5.82442723	182.013351
8	7:32:17 AM	19.45	92.300	26.920	7236.000	29.000	92.569847	19.3933829	188.666617	141.511991	7.10734670	222.104585	35	19.3739612	5.75821469	179.944209
8	7:32:32 AM	19.71	91.850	26.970	7240.000	29.000	92.130763	19.3013948	187.771720	140.840761	7.07363464	221.051082	35	19.3739612	5.73090192	179.090685
8	7:32:47 AM	19.95	91.890	26.960	7228.000	29.000	92.218373	19.3197491	187.950278	140.974691	7.08036116	221.261286	35	19.3739612	5.73635160	179.260987
8	7:33:02 AM	20.20	90.790	27.090	7234.000	29.000	91.087449	19.0828207	185.645343	139.245843	6.99353091	218.547841	35	19.3739612	5.66600365	177.062614
8	7:33:17 AM	20.45	91.980	26.950	7215.000	29.000	92.306086	19.3381250	188.129046	141.108778	7.08709561	221.471738	35	19.3739612	5.74180771	179.431491
8	7:33:32 AM	20.70	92.460	26.900	7233.000	29.000	92.746207	19.4303303	189.026056	141.781594	7.12088732	222.527729	35	19.3739612	5.76918499	180.287031
8	7:33:47 AM	20.95	92.100	26.940	7231.000	29.000	92.393902	19.3565225	188.308025	141.243024	7.09383802	221.682438	35	19.3739612	5.74727025	179.602195
8	7:34:02 AM	21.20	90.960	27.070	7241.000	29.000	91.260314	19.1190359	185.997659	139.510103	7.00680317	218.962599	35	19.3739612	5.67675655	177.398642
8	7:34:17 AM	21.45	92.340	26.910	7218.000	29.000	92.657975	19.4118457	188.846231	141.646713	7.11411301	222.316032	35	19.3739612	5.76369660	180.115519
8	7:34:32 AM	21.70	92.340	26.910	7241.000	29.000	92.657975	19.4118457	188.846231	141.646713	7.11411301	222.316032	35	19.3739612	5.76369660	180.115519
8	7:34:47 AM	21.95	91.230	27.040	7239.000	29.000	91.520375	19.1735185	186.527688	139.907658	7.02677013	219.586567	35	19.3739612	5.69293334	177.904167
8	7:35:02 AM	22.20	92.440	26.900	7241.000	29.000	92.746207	19.4303303	189.026056	141.781594	7.12088732	222.527729	35	19.3739612	5.76918499	180.287031
8	7:35:17 AM	22.45	91.840	26.970	7241.000	29.000	92.130763	19.3013948	187.771720	140.840761	7.07363464	221.051082	35	19.3739612	5.73090192	179.090685
8	7:35:32 AM	22.70	92.260	26.920	7235.000	29.000	92.569847	19.3933829	188.666617	141.511991	7.10734670	222.104585	35	19.3739612	5.75821469	179.944209
8	7:35:47 AM	22.95	92.470	26.900	7243.000	29.000	92.746207	19.4303303	189.026056	141.781594	7.12088732	222.527729	35	19.3739612	5.76918499	180.287031
8	7:36:02 AM	23.20	92.290	26.920	7235.000	29.000	92.569847	19.3933829	188.666617	141.511991	7.10734670	222.104585	35	19.3739612	5.75821469	179.944209
8	7:36:17 AM	23.45	91.510	27.010	7231.000	29.000	91.781354	19.2281937	187.059590	140.306618	7.04680765	220.212739	35	19.3739612	5.70916729	178.411478
8	7:36:32 AM	23.70	91.670	26.990	7226.000	29.000	91.955853	19.2647511	187.415236	140.573375	7.06020535	220.631417	35	19.3739612	5.72002181	178.750681
8	7:36:47 AM	23.95	91.440	27.010	7235.000	29.000	91.781354	19.2281937	187.059590	140.306618	7.04680765	220.212739	35	19.3739612	5.70916729	178.411478
8	7:37:02 AM	24.20	92.830	26.860	7228.000	29.000	93.100180	19.5044876	189.747488	142.322714	7.14806471	223.377022	35	19.3739612	5.79120351	180.975110
8	7:37:17 AM	24.45	91.800	26.970	7222.000	29.000	92.130763	19.3013948	187.771720	140.840761	7.07363464	221.051082	35	19.3739612	5.73090192	179.090685
8	7:37:32 AM	24.70	93.480	26.780	7225.000	29.000	93.813170	19.6538591	191.200634	143.412666	7.20280683	225.087713	35	19.3739612	5.83555437	182.361074
8	7:37:47 AM	24.95	92.550	26.890	7226.000	29.000	92.834543	19.4488368	189.206095	141.916634	7.12766963	222.739676	35	19.3739612	5.77467987	180.458746
8	7:38:02 AM	25.20	92.590	26.880	7229.000	29.000	92.922984	19.4673651	189.386346	142.051834	7.13445995	222.951874	35	19.3739612	5.78018124	180.630664
8	7:38:17 AM	25.45	91.110	27.050	7231.000	29.000	91.433586	19.1553363	186.350804	139.774984	7.02010666	219.378333	35	19.3739612	5.68753474	177.735461
8	7:38:32 AM	25.70	92.600	26.880	7228.000	29.000	92.922984	19.4673651	189.386346	142.051834	7.13445995	222.951874	35	19.3739612	5.78018124	180.630664
8	7:38:47 AM	25.95	92.890	26.850	7223.000	29.000	93.188935	19.5230818	189.928380	142.458394	7.15487916	223.589974	35	19.3739612	5.79672443	181.147638
8	7:39:02 AM	26.20	92.470	26.900	7223.000	29.000	92.746207	19.4303303	189.026056	141.781594	7.12088732	222.527729	35	19.3739612	5.76918499	180.287031
8	7:39:17 AM	26.45	92.320	26.910	7199.000	29.000	92.657975	19.4118457	188.846231	141.646713	7.11411301	222.316032	35	19.3739612	5.76369660	180.115519
8	7:39:32 AM	26.70	92.500	26.890	7227.000	29.000	92.834543	19.4488368	189.206095	141.916634	7.12766963	222.739676	35	19.3739612	5.77467987	180.458746
8	7:39:47 AM	26.95	91.910	26.960	7225.000	29.000	92.218373	19.3197491	187.950278	140.974691	7.08036116	221.261286	35	19.3739612	5.73635160	179.260987
8	7:40:02 AM	27.20	92.290	26.920	7225.000	29.000	92.569847	19.3933829	188.666617	141.511991	7.10734670	222.104585	35	19.3739612	5.75821469	179.944209
8	7:40:17 AM	27.45	91.750	26.980	7235.000	29.000	92.043256	19.2830622	187.593373	140.706990	7.06691604	220.841126	35	19.3739612	5.72545866	178.920583
8	7:40:32 AM	27.70	93.170	26.820	7239.000	29.000	93.455831	19.5789965	190.472341	142.866399	7.17537095	224.230342	35	19.3739612	5.81332643	181.666451
8	7:40:47 AM	27.95	92.160	26.930	7232.000	29.000	92.481823	19.3749418	188.487215	141.377428	7.10058838	221.893387	35	19.3739612	5.75273924	179.773101
8	7:41:02 AM	28.20	91.940	26.960	7233.000	29.000	92.218373	19.3197491	187.950278	140.974691	7.08036116	221.261286	35	19.3739612	5.73635160	179.260987
8	7:41:17 AM	28.45	91.790	26.970	7243.000	29.000	92.130763	19.3013948	187.771720	140.840761	7.07363464	221.051082	35	19.3739612	5.73090192	179.090685
8	7:41:32 AM	28.70	90.930	27.070	7234.000	29.000	91.260314	19.1190359	185.997659	139.510103	7.00680317	218.962599	35	19.3739612	5.67675655	177.398642
8	7:41:47 AM	28.95	91.820	26.970	7234.000	29.000	92.130763	19.3013948	187.771720	140.840761	7.07363464	221.051082	35	19.3739612	5.73090192	179.090685
8	7:42:02 AM	29.20	91.370	27.020	7243.000	29.000	91.694259	19.2099472	186.882080	140.173475	7.04012062	220.003769	35	19.3739612	5.70374961	178.242175
8	7:42:17 AM	29.45	92.260	26.920	7238.000	29.000	92.569847	19.3933829	188.666617	141.511991	7.10734670	222.104585	35	19.3739612	5.75821469	179.944209
8	7:42:32 AM	29.70	92.350	26.910	7233.000	29.000	92.657975	19.4118457	188.846231	141.646713	7.11411301	222.316032	35	19.3739612	5.76369660	180.115519
8	7:42:47 AM	29.95	92.730	26.870	7221.000	29.000	93.011529	19.4859154	189.566810	142.187194	7.14125831	223.164322	35	19.3739612	5.78568912	180.802785
8	7:43:02 AM	30.20	92.880	26.850	7229.000	29.000	93.188935	19.5230818	189.928380	142.458394	7.15487916	223.589974	35	19.3739612	5.79672443	181.147638
8	7:43:17 AM	30.45	92.480	26.900	7224.000	29.000	92.746207	19.4303303	189.026056	141.781594	7.12088732	222.527729	35	19.3739612	5.76918499	180.287031
8	7:43:32 AM	30.70	92.580	26.880	7231.000	29.000	92.922984	19.4673651	189.386346	142.051834	7.13445995	222.951874	35	19.3739612	5.78018124	180.630664
8	7:43:47 AM	30.95	91.660	26.990	7232.000	29.000	91.955853	19.2647511	187.415236	140.573375	7.06020535	220.631417	35	19.3739612	5.72002181	178.750681
8	7:44:02 AM	31.20	92.030	26.950	7228.000	29.000	92.306086	19.3381250	188.129046	141.108778	7.08709561	221.471738	35	19.3739612	5.74180771	179.431491
8	7:44:17 AM	31.45	91.650	26.990	7218.000	29.000	91.955853	19.2647511	187.415236	140.573375	7.06020535	220.631417	35	19.3739612	5.72002181	178.750681
8	7:44:32 AM	31.70	91.260	27.030	7227.000	29.000	91.607266	19.1917221	186.704780	140.040488	7.03344145	219.795045	35	19.3739612	5.69833829	178.073072
8	7:44:47 AM	31.95	92.210	26.930	7217.000	29.000	92.481823	19.3749418	188.487215	141.377428	7.10058838	221.893387	35	19.3739612	5.75273924	179.773101
8	7:45:02 AM	32.20	91.200	27.040	7218.000	29.000	91.520375	19.1735185	186.527688	139.907658	7.02677013	219.586567	35	19.3739612	5.69293334	177.904167
8	7:45:17 AM	32.45	91.540	27.000	7219.000	29.000	91.868552	19.2464616	187.237308	140.439918	7.05350255	220.421955	35	19.3739612	5.71459135	178.580980
8	7:45:32 AM	32.71	92.910	26.850	7221.000	29.000	93.188935	19.5230818	189.928380	142.458394	7.15487916	223.589974	35	19.3739612	5.79672443	181.147638
