Chamber	Time	Logtime_min	OxyPercent_airsat	Phase	Amp	TempC	per_air-sat	per_oxygen	pO2_hPa	pO2_Torr	cO2_mg_L	cO2_umol_L	Salinity	chlorinity	SalCorcO2_mg_L	SalCorcO2_umol_L
5	9:01:57	0.00	86.450	27.660	12742.000	29.000	88.178261	18.4733457	179.716126	134.798552	6.77016864	211.567770	36	19.8171745	5.45558084	170.486901
5	9:02:05	0.15	86.380	27.670	12745.000	29.000	88.095495	18.4560063	179.547441	134.672028	6.76381405	211.369189	36	19.8171745	5.45046014	170.326879
5	9:02:20	0.40	87.410	27.540	12723.000	29.000	89.178935	18.6829869	181.755599	136.328287	6.84699859	213.968706	36	19.8171745	5.51749244	172.421639
5	9:02:35	0.65	86.480	27.660	12727.000	29.000	88.178261	18.4733457	179.716126	134.798552	6.77016864	211.567770	36	19.8171745	5.45558084	170.486901
5	9:02:50	0.90	85.870	27.730	12756.000	29.000	87.600898	18.3523882	178.539402	133.915934	6.72583975	210.182492	36	19.8171745	5.41985945	169.370608
5	9:03:05	1.15	86.190	27.690	12740.000	29.000	87.930250	18.4213874	179.210654	134.419416	6.75112680	210.972712	36	19.8171745	5.44023642	170.007388
5	9:03:20	1.40	86.410	27.660	12732.000	29.000	88.178261	18.4733457	179.716126	134.798552	6.77016864	211.567770	36	19.8171745	5.45558084	170.486901
5	9:03:35	1.65	85.730	27.750	12717.000	29.000	87.436789	18.3180074	178.204932	133.665061	6.71323978	209.788743	36	19.8171745	5.40970605	169.053314
5	9:03:50	1.90	86.550	27.650	12727.000	29.000	88.261122	18.4907051	179.885005	134.925222	6.77653057	211.766580	36	19.8171745	5.46070745	170.647108
5	9:04:05	2.15	86.350	27.670	12716.000	29.000	88.095495	18.4560063	179.547441	134.672028	6.76381405	211.369189	36	19.8171745	5.45046014	170.326879
5	9:04:20	2.40	87.450	27.540	12744.000	29.000	89.178935	18.6829869	181.755599	136.328287	6.84699859	213.968706	36	19.8171745	5.51749244	172.421639
5	9:04:35	2.65	86.300	27.680	12708.000	29.000	88.012825	18.4386869	179.378951	134.545649	6.75746677	211.170837	36	19.8171745	5.44534533	170.167042
5	9:04:50	2.90	85.920	27.720	12706.000	29.000	87.683094	18.3696082	178.706926	134.041588	6.73215061	210.379707	36	19.8171745	5.42494490	169.529528
5	9:05:05	3.15	86.420	27.660	12696.000	29.000	88.178261	18.4733457	179.716126	134.798552	6.77016864	211.567770	36	19.8171745	5.45558084	170.486901
5	9:05:20	3.40	87.120	27.580	12719.000	29.000	88.843834	18.6127833	181.072630	135.816017	6.82127016	213.164692	36	19.8171745	5.49675979	171.773744
5	9:05:35	3.65	86.880	27.610	12732.000	29.000	88.593524	18.5603432	180.562473	135.433366	6.80205177	212.564118	36	19.8171745	5.48127310	171.289784
5	9:05:50	3.90	86.580	27.640	12689.000	29.000	88.344079	18.5080845	180.054079	135.052038	6.78289983	211.965620	36	19.8171745	5.46583997	170.807499
5	9:06:05	4.15	87.010	27.590	12719.000	29.000	88.760301	18.5952831	180.902381	135.688319	6.81485663	212.964270	36	19.8171745	5.49159160	171.612237
5	9:06:20	4.40	86.300	27.680	12674.000	29.000	88.012825	18.4386869	179.378951	134.545649	6.75746677	211.170837	36	19.8171745	5.44534533	170.167042
5	9:06:35	4.65	87.440	27.540	12694.000	29.000	89.178935	18.6829869	181.755599	136.328287	6.84699859	213.968706	36	19.8171745	5.51749244	172.421639
5	9:06:50	4.90	86.450	27.660	12684.000	29.000	88.178261	18.4733457	179.716126	134.798552	6.77016864	211.567770	36	19.8171745	5.45558084	170.486901
5	9:07:05	5.15	86.640	27.640	12683.000	29.000	88.344079	18.5080845	180.054079	135.052038	6.78289983	211.965620	36	19.8171745	5.46583997	170.807499
5	9:07:20	5.40	86.090	27.700	12687.000	29.000	87.847770	18.4041078	179.042551	134.293329	6.74479412	210.774816	36	19.8171745	5.43513338	169.847918
5	9:07:35	5.65	86.340	27.670	12684.000	29.000	88.095495	18.4560063	179.547441	134.672028	6.76381405	211.369189	36	19.8171745	5.45046014	170.326879
5	9:07:50	5.90	87.110	27.580	12635.000	29.000	88.843834	18.6127833	181.072630	135.816017	6.82127016	213.164692	36	19.8171745	5.49675979	171.773744
5	9:08:05	6.15	86.740	27.620	12661.000	29.000	88.510279	18.5429035	180.392812	135.306110	6.79566042	212.364388	36	19.8171745	5.47612279	171.128837
5	9:08:20	6.40	86.160	27.690	12674.000	29.000	87.930250	18.4213874	179.210654	134.419416	6.75112680	210.972712	36	19.8171745	5.44023642	170.007388
5	9:08:35	6.65	87.030	27.590	12628.000	29.000	88.760301	18.5952831	180.902381	135.688319	6.81485663	212.964270	36	19.8171745	5.49159160	171.612237
5	9:08:50	6.90	86.230	27.690	12646.000	29.000	87.930250	18.4213874	179.210654	134.419416	6.75112680	210.972712	36	19.8171745	5.44023642	170.007388
5	9:09:05	7.15	86.800	27.620	12674.000	29.000	88.510279	18.5429035	180.392812	135.306110	6.79566042	212.364388	36	19.8171745	5.47612279	171.128837
5	9:09:20	7.40	86.690	27.630	12649.000	29.000	88.427131	18.5254840	180.223348	135.179001	6.78927644	212.164889	36	19.8171745	5.47097841	170.968075
5	9:09:35	7.65	86.650	27.630	12647.000	29.000	88.427131	18.5254840	180.223348	135.179001	6.78927644	212.164889	36	19.8171745	5.47097841	170.968075
5	9:09:50	7.90	85.790	27.740	12660.000	29.000	87.518797	18.3351879	178.372071	133.790425	6.71953614	209.985504	36	19.8171745	5.41477983	169.211870
5	9:10:05	8.15	86.450	27.660	12634.000	29.000	88.178261	18.4733457	179.716126	134.798552	6.77016864	211.567770	36	19.8171745	5.45558084	170.486901
5	9:10:20	8.40	87.460	27.540	12634.000	29.000	89.178935	18.6829869	181.755599	136.328287	6.84699859	213.968706	36	19.8171745	5.51749244	172.421639
5	9:10:35	8.65	86.150	27.700	12624.000	29.000	87.847770	18.4041078	179.042551	134.293329	6.74479412	210.774816	36	19.8171745	5.43513338	169.847918
5	9:10:50	8.90	86.410	27.660	12621.000	29.000	88.178261	18.4733457	179.716126	134.798552	6.77016864	211.567770	36	19.8171745	5.45558084	170.486901
5	9:11:05	9.15	87.680	27.510	12637.000	29.000	89.431281	18.7358533	182.269905	136.714049	6.86637323	214.574163	36	19.8171745	5.53310504	172.909532
5	9:11:20	9.40	86.630	27.640	12640.000	29.000	88.344079	18.5080845	180.054079	135.052038	6.78289983	211.965620	36	19.8171745	5.46583997	170.807499
5	9:11:35	9.65	87.250	27.560	12637.000	29.000	89.011191	18.6478445	181.413720	136.071856	6.83411949	213.566234	36	19.8171745	5.50711412	172.097316
5	9:11:50	9.90	86.350	27.670	12606.000	29.000	88.095495	18.4560063	179.547441	134.672028	6.76381405	211.369189	36	19.8171745	5.45046014	170.326879
5	9:12:05	10.15	86.900	27.600	12628.000	29.000	88.676864	18.5778031	180.732329	135.560769	6.80845050	212.764078	36	19.8171745	5.48642937	171.450918
5	9:12:20	10.40	86.840	27.610	12606.000	29.000	88.593524	18.5603432	180.562473	135.433366	6.80205177	212.564118	36	19.8171745	5.48127310	171.289784
5	9:12:35	10.65	88.040	27.470	12596.000	29.000	89.769109	18.8066284	182.958433	137.230489	6.89231110	215.384722	36	19.8171745	5.55400646	173.562702
5	9:12:50	10.90	87.470	27.530	12600.000	29.000	89.262953	18.7005886	181.926836	136.456726	6.85344932	214.170291	36	19.8171745	5.52269061	172.584082
5	9:13:05	11.15	86.940	27.600	12614.000	29.000	88.676864	18.5778031	180.732329	135.560769	6.80845050	212.764078	36	19.8171745	5.48642937	171.450918
5	9:13:20	11.40	86.470	27.660	12618.000	29.000	88.178261	18.4733457	179.716126	134.798552	6.77016864	211.567770	36	19.8171745	5.45558084	170.486901
5	9:13:35	11.65	87.060	27.580	12617.000	29.000	88.843834	18.6127833	181.072630	135.816017	6.82127016	213.164692	36	19.8171745	5.49675979	171.773744
5	9:13:50	11.90	87.740	27.500	12628.000	29.000	89.515591	18.7535163	182.441738	136.842935	6.87284642	214.776451	36	19.8171745	5.53832131	173.072541
5	9:14:05	12.15	87.030	27.590	12578.000	29.000	88.760301	18.5952831	180.902381	135.688319	6.81485663	212.964270	36	19.8171745	5.49159160	171.612237
5	9:14:20	12.40	86.700	27.630	12573.000	29.000	88.427131	18.5254840	180.223348	135.179001	6.78927644	212.164889	36	19.8171745	5.47097841	170.968075
5	9:14:35	12.65	86.000	27.710	12578.000	29.000	87.765385	18.3868481	178.874642	134.167386	6.73846873	210.577148	36	19.8171745	5.43003621	169.688632
5	9:14:50	12.90	87.430	27.540	12572.000	29.000	89.178935	18.6829869	181.755599	136.328287	6.84699859	213.968706	36	19.8171745	5.51749244	172.421639
5	9:15:05	13.15	87.250	27.560	12585.000	29.000	89.011191	18.6478445	181.413720	136.071856	6.83411949	213.566234	36	19.8171745	5.50711412	172.097316
5	9:15:20	13.40	87.440	27.540	12586.000	29.000	89.178935	18.6829869	181.755599	136.328287	6.84699859	213.968706	36	19.8171745	5.51749244	172.421639
5	9:15:35	13.65	87.340	27.550	12583.000	29.000	89.095014	18.6654055	181.584561	136.199997	6.84055531	213.767354	36	19.8171745	5.51230028	172.259384
5	9:15:50	13.90	87.760	27.500	12566.000	29.000	89.515591	18.7535163	182.441738	136.842935	6.87284642	214.776451	36	19.8171745	5.53832131	173.072541
5	9:16:05	14.15	87.780	27.500	12572.000	29.000	89.515591	18.7535163	182.441738	136.842935	6.87284642	214.776451	36	19.8171745	5.53832131	173.072541
5	9:16:20	14.40	87.130	27.580	12575.000	29.000	88.843834	18.6127833	181.072630	135.816017	6.82127016	213.164692	36	19.8171745	5.49675979	171.773744
5	9:16:35	14.65	87.070	27.580	12590.000	29.000	88.843834	18.6127833	181.072630	135.816017	6.82127016	213.164692	36	19.8171745	5.49675979	171.773744
5	9:16:50	14.90	87.850	27.490	12572.000	29.000	89.599999	18.7711998	182.613770	136.971970	6.87932712	214.978973	36	19.8171745	5.54354363	173.235738
5	9:17:05	15.15	86.630	27.640	12565.000	29.000	88.344079	18.5080845	180.054079	135.052038	6.78289983	211.965620	36	19.8171745	5.46583997	170.807499
5	9:17:20	15.40	88.400	27.420	12585.000	29.000	90.193606	18.8955605	183.823601	137.879421	6.92490324	216.403226	36	19.8171745	5.58027006	174.383440
5	9:17:35	15.65	87.170	27.570	12549.000	29.000	88.927464	18.6303037	181.243077	135.943863	6.82769111	213.365347	36	19.8171745	5.50193397	171.935436
5	9:17:50	15.90	87.210	27.570	12563.000	29.000	88.927464	18.6303037	181.243077	135.943863	6.82769111	213.365347	36	19.8171745	5.50193397	171.935436
5	9:18:05	16.15	87.230	27.560	12553.000	29.000	89.011191	18.6478445	181.413720	136.071856	6.83411949	213.566234	36	19.8171745	5.50711412	172.097316
5	9:18:20	16.40	86.320	27.680	12545.000	29.000	88.012825	18.4386869	179.378951	134.545649	6.75746677	211.170837	36	19.8171745	5.44534533	170.167042
5	9:18:35	16.65	87.140	27.570	12556.000	29.000	88.927464	18.6303037	181.243077	135.943863	6.82769111	213.365347	36	19.8171745	5.50193397	171.935436
5	9:18:50	16.90	87.010	27.590	12575.000	29.000	88.760301	18.5952831	180.902381	135.688319	6.81485663	212.964270	36	19.8171745	5.49159160	171.612237
5	9:19:05	17.15	87.680	27.510	12564.000	29.000	89.431281	18.7358533	182.269905	136.714049	6.86637323	214.574163	36	19.8171745	5.53310504	172.909532
5	9:19:20	17.40	87.200	27.570	12538.000	29.000	88.927464	18.6303037	181.243077	135.943863	6.82769111	213.365347	36	19.8171745	5.50193397	171.935436
5	9:19:35	17.65	87.930	27.480	12543.000	29.000	89.684505	18.7889038	182.786001	137.101155	6.88581534	215.181730	36	19.8171745	5.54877201	173.399125
5	9:19:50	17.90	86.950	27.600	12548.000	29.000	88.676864	18.5778031	180.732329	135.560769	6.80845050	212.764078	36	19.8171745	5.48642937	171.450918
5	9:20:05	18.15	87.480	27.530	12530.000	29.000	89.262953	18.7005886	181.926836	136.456726	6.85344932	214.170291	36	19.8171745	5.52269061	172.584082
5	9:20:20	18.40	86.960	27.600	12548.000	29.000	88.676864	18.5778031	180.732329	135.560769	6.80845050	212.764078	36	19.8171745	5.48642937	171.450918
5	9:20:35	18.65	88.110	27.460	12528.000	29.000	89.853811	18.8243735	183.131065	137.359974	6.89881439	215.587950	36	19.8171745	5.55924699	173.726468
5	9:20:50	18.90	87.760	27.500	12547.000	29.000	89.515591	18.7535163	182.441738	136.842935	6.87284642	214.776451	36	19.8171745	5.53832131	173.072541
5	9:21:05	19.15	86.710	27.630	12541.000	29.000	88.427131	18.5254840	180.223348	135.179001	6.78927644	212.164889	36	19.8171745	5.47097841	170.968075
5	9:21:20	19.40	86.910	27.600	12548.000	29.000	88.676864	18.5778031	180.732329	135.560769	6.80845050	212.764078	36	19.8171745	5.48642937	171.450918
5	9:21:35	19.65	87.800	27.490	12543.000	29.000	89.599999	18.7711998	182.613770	136.971970	6.87932712	214.978973	36	19.8171745	5.54354363	173.235738
5	9:21:50	19.90	86.980	27.590	12518.000	29.000	88.760301	18.5952831	180.902381	135.688319	6.81485663	212.964270	36	19.8171745	5.49159160	171.612237
5	9:22:05	20.15	87.740	27.500	12542.000	29.000	89.515591	18.7535163	182.441738	136.842935	6.87284642	214.776451	36	19.8171745	5.53832131	173.072541
5	9:22:20	20.40	87.700	27.510	12545.000	29.000	89.431281	18.7358533	182.269905	136.714049	6.86637323	214.574163	36	19.8171745	5.53310504	172.909532
5	9:22:35	20.65	86.950	27.600	12524.000	29.000	88.676864	18.5778031	180.732329	135.560769	6.80845050	212.764078	36	19.8171745	5.48642937	171.450918
5	9:22:50	20.90	86.900	27.600	12521.000	29.000	88.676864	18.5778031	180.732329	135.560769	6.80845050	212.764078	36	19.8171745	5.48642937	171.450918
5	9:23:05	21.15	87.770	27.500	12569.000	29.000	89.515591	18.7535163	182.441738	136.842935	6.87284642	214.776451	36	19.8171745	5.53832131	173.072541
5	9:23:20	21.40	87.440	27.540	12551.000	29.000	89.178935	18.6829869	181.755599	136.328287	6.84699859	213.968706	36	19.8171745	5.51749244	172.421639
5	9:23:35	21.65	88.500	27.410	12572.000	29.000	90.278802	18.9134091	183.997239	138.009660	6.93144442	216.607638	36	19.8171745	5.58554112	174.548160
5	9:23:50	21.90	86.530	27.650	12539.000	29.000	88.261122	18.4907051	179.885005	134.925222	6.77653057	211.766580	36	19.8171745	5.46070745	170.647108
5	9:24:05	22.15	86.550	27.650	12568.000	29.000	88.261122	18.4907051	179.885005	134.925222	6.77653057	211.766580	36	19.8171745	5.46070745	170.647108
5	9:24:20	22.40	87.190	27.570	12580.000	29.000	88.927464	18.6303037	181.243077	135.943863	6.82769111	213.365347	36	19.8171745	5.50193397	171.935436
5	9:24:35	22.65	87.630	27.520	12561.000	29.000	89.347068	18.7182107	182.098271	136.585313	6.85990753	214.372110	36	19.8171745	5.52789481	172.746713
5	9:24:50	22.90	86.210	27.690	12579.000	29.000	87.930250	18.4213874	179.210654	134.419416	6.75112680	210.972712	36	19.8171745	5.44023642	170.007388
5	9:25:05	23.15	87.150	27.570	12590.000	29.000	88.927464	18.6303037	181.243077	135.943863	6.82769111	213.365347	36	19.8171745	5.50193397	171.935436
5	9:25:20	23.40	86.080	27.700	12584.000	29.000	87.847770	18.4041078	179.042551	134.293329	6.74479412	210.774816	36	19.8171745	5.43513338	169.847918
5	9:25:35	23.65	86.180	27.690	12608.000	29.000	87.930250	18.4213874	179.210654	134.419416	6.75112680	210.972712	36	19.8171745	5.44023642	170.007388
5	9:25:50	23.90	86.290	27.680	12608.000	29.000	88.012825	18.4386869	179.378951	134.545649	6.75746677	211.170837	36	19.8171745	5.44534533	170.167042
5	9:26:05	24.15	86.670	27.630	12615.000	29.000	88.427131	18.5254840	180.223348	135.179001	6.78927644	212.164889	36	19.8171745	5.47097841	170.968075
5	9:26:20	24.40	87.380	27.550	12605.000	29.000	89.095014	18.6654055	181.584561	136.199997	6.84055531	213.767354	36	19.8171745	5.51230028	172.259384
5	9:26:35	24.65	86.350	27.670	12629.000	29.000	88.095495	18.4560063	179.547441	134.672028	6.76381405	211.369189	36	19.8171745	5.45046014	170.326879
5	9:26:50	24.90	85.980	27.720	12611.000	29.000	87.683094	18.3696082	178.706926	134.041588	6.73215061	210.379707	36	19.8171745	5.42494490	169.529528
5	9:27:05	25.15	85.530	27.770	12586.000	29.000	87.273057	18.2837055	177.871230	133.414762	6.70066872	209.395897	36	19.8171745	5.39957596	168.736749
5	9:27:20	25.40	86.560	27.650	12624.000	29.000	88.261122	18.4907051	179.885005	134.925222	6.77653057	211.766580	36	19.8171745	5.46070745	170.647108
5	9:27:35	25.65	85.610	27.760	12638.000	29.000	87.354876	18.3008466	178.037985	133.539840	6.70695064	209.592207	36	19.8171745	5.40463810	168.894941
5	9:27:50	25.90	85.350	27.800	12658.000	29.000	87.028163	18.2324001	177.372110	133.040391	6.68186616	208.808318	36	19.8171745	5.38442437	168.263261
5	9:28:05	26.15	85.880	27.730	12651.000	29.000	87.600898	18.3523882	178.539402	133.915934	6.72583975	210.182492	36	19.8171745	5.41985945	169.370608
5	9:28:20	26.40	86.090	27.700	12624.000	29.000	87.847770	18.4041078	179.042551	134.293329	6.74479412	210.774816	36	19.8171745	5.43513338	169.847918
5	9:28:35	26.65	85.160	27.820	12671.000	29.000	86.865367	18.1982944	177.040317	132.791525	6.66936701	208.417719	36	19.8171745	5.37435222	167.948507
5	9:28:50	26.90	85.620	27.760	12672.000	29.000	87.354876	18.3008466	178.037985	133.539840	6.70695064	209.592207	36	19.8171745	5.40463810	168.894941
5	9:29:05	27.15	84.680	27.880	12667.000	29.000	86.379212	18.0964449	176.049484	132.048337	6.63204090	207.251278	36	19.8171745	5.34427385	167.008558
5	9:29:20	27.40	85.060	27.830	12702.000	29.000	86.784109	18.1812709	176.874705	132.667305	6.66312817	208.222755	36	19.8171745	5.36932480	167.791400
5	9:29:35	27.65	85.380	27.790	12666.000	29.000	87.109701	18.2494823	177.538292	133.165038	6.68812649	209.003953	36	19.8171745	5.38946911	168.420910
5	9:29:50	27.90	84.450	27.910	12690.000	29.000	86.137383	18.0457817	175.556611	131.678651	6.61347368	206.671052	36	19.8171745	5.32931189	166.540997
5	9:30:05	28.15	85.370	27.790	12706.000	29.000	87.109701	18.2494823	177.538292	133.165038	6.68812649	209.003953	36	19.8171745	5.38946911	168.420910
5	9:30:20	28.40	86.050	27.710	12702.000	29.000	87.765385	18.3868481	178.874642	134.167386	6.73846873	210.577148	36	19.8171745	5.43003621	169.688632
5	9:30:35	28.65	84.280	27.930	12714.000	29.000	85.976623	18.0121025	175.228967	131.432897	6.60113083	206.285338	36	19.8171745	5.31936570	166.230178
5	9:30:50	28.90	85.920	27.720	12726.000	29.000	87.683094	18.3696082	178.706926	134.041588	6.73215061	210.379707	36	19.8171745	5.42494490	169.529528
5	9:31:05	29.15	83.910	27.980	12731.000	29.000	85.576325	17.9282400	174.413119	130.820959	6.57039664	205.324895	36	19.8171745	5.29459928	165.456228
5	9:31:20	29.40	85.080	27.830	12748.000	29.000	86.784109	18.1812709	176.874705	132.667305	6.66312817	208.222755	36	19.8171745	5.36932480	167.791400
5	9:31:35	29.65	84.380	27.920	12722.000	29.000	86.056957	18.0289325	175.392696	131.555704	6.60729873	206.478085	36	19.8171745	5.32433596	166.385499
5	9:31:50	29.90	84.900	27.850	12762.000	29.000	86.621872	18.1472823	176.544050	132.419293	6.65067191	207.833497	36	19.8171745	5.35928721	167.477725
5	9:32:05	30.15	84.480	27.910	12747.000	29.000	86.137383	18.0457817	175.556611	131.678651	6.61347368	206.671052	36	19.8171745	5.32931189	166.540997
5	9:32:20	30.40	84.410	27.910	12767.000	29.000	86.137383	18.0457817	175.556611	131.678651	6.61347368	206.671052	36	19.8171745	5.32931189	166.540997
5	9:32:35	30.65	84.170	27.940	12778.000	29.000	85.896381	17.9952918	175.065425	131.310230	6.59496996	206.092811	36	19.8171745	5.31440111	166.075035
5	9:32:50	30.90	84.210	27.940	12772.000	29.000	85.896381	17.9952918	175.065425	131.310230	6.59496996	206.092811	36	19.8171745	5.31440111	166.075035
5	9:33:05	31.15	84.640	27.880	12806.000	29.000	86.379212	18.0964449	176.049484	132.048337	6.63204090	207.251278	36	19.8171745	5.34427385	167.008558
5	9:33:20	31.40	84.640	27.890	12779.000	29.000	86.298510	18.0795379	175.885005	131.924968	6.62584475	207.057648	36	19.8171745	5.33928083	166.852526
5	9:33:35	31.65	83.400	28.040	12811.000	29.000	85.098966	17.8282335	173.440215	130.091219	6.53374593	204.179560	36	19.8171745	5.26506517	164.533286
5	9:33:50	31.90	84.040	27.960	12813.000	29.000	85.736170	17.9617277	174.738900	131.065316	6.58266930	205.708416	36	19.8171745	5.30448891	165.765278
5	9:34:05	32.15	84.460	27.910	12809.000	29.000	86.137383	18.0457817	175.556611	131.678651	6.61347368	206.671052	36	19.8171745	5.32931189	166.540997
5	9:34:20	32.40	83.870	27.980	12832.000	29.000	85.576325	17.9282400	174.413119	130.820959	6.57039664	205.324895	36	19.8171745	5.29459928	165.456228
5	9:34:35	32.65	83.850	27.990	12816.000	29.000	85.496539	17.9115248	174.250507	130.698989	6.56427080	205.133462	36	19.8171745	5.28966291	165.301966
5	9:34:50	32.90	83.160	28.070	12839.000	29.000	84.861506	17.7784855	172.956246	129.728212	6.51551413	203.609816	36	19.8171745	5.25037350	164.074172
5	9:35:05	33.15	82.490	28.160	12836.000	29.000	84.153954	17.6302534	171.514185	128.646574	6.46118959	201.912175	36	19.8171745	5.20659735	162.706167
5	9:35:20	33.40	84.300	27.930	12834.000	29.000	85.976623	18.0121025	175.228967	131.432897	6.60113083	206.285338	36	19.8171745	5.31936570	166.230178
5	9:35:35	33.65	83.320	28.050	12871.000	29.000	85.019723	17.8116320	173.278709	129.970079	6.52766176	203.989430	36	19.8171745	5.26016238	164.380074
5	9:35:50	33.90	82.640	28.140	12884.000	29.000	84.310565	17.6630634	171.833374	128.885985	6.47321387	202.287934	36	19.8171745	5.21628684	163.008964
