7530-213548
OS REV: 1.07 Sensor Cal: 1628751600 Averages: 30
Time (sec),  Bat (Volts),   T (deg C),  PAR (umol/(s m^2))  Ax (mg), Ay (mg), Az (mg)
1663172040, +3.50, +27.359,    -0.4,  +892.0, -2048.0,  -320.0
1663172640, +3.50, +27.359,    -0.1,  +888.0, -2048.0,  -320.0
1663173240, +3.50, +27.367,    -0.0,  +886.0, -2048.0,  -317.0
1663173840, +3.50, +27.367,    -0.1,  +888.0, -2048.0,  -316.0
1663174440, +3.50, +27.367,    -0.1,  +887.0, -2048.0,  -317.0
1663175040, +3.50, +27.367,    -0.3,  +892.0, -2048.0,  -317.0
1663175640, +3.50, +27.375,    +0.4,  +896.0, -2048.0,  -320.0
1663176240, +3.50, +27.359,    +1.1,  +888.0, -2048.0,  -320.0
1663176840, +3.50, +27.367,    +2.4,  +899.0, -2048.0,  -320.0
1663177440, +3.50, +27.383,    +6.3,  +888.0, -2048.0,  -320.0
1663178040, +3.50, +27.367,    +7.8,  +903.0, -2048.0,  -320.0
1663178640, +3.50, +27.375,    +8.6,  +865.0, -2048.0,  -312.0
1663179240, +3.50, +27.375,   +19.6,  +876.0, -2048.0,  -314.0
1663179840, +3.50, +27.359,   +29.0, +1081.0,  -490.0,  +551.0
1663180440, +3.50, +27.367,   +28.1,  +892.0, -2048.0,  -314.0
1663181040, +3.50, +27.383,    +5.7,  +903.0, -2048.0,  -317.0
1663181640, +3.50, +27.383,   +44.6,  +878.0, -2048.0,  -312.0
1663182240, +3.50, +27.359,   +44.1,  +880.0, -2048.0,  -312.0
1663182840, +3.50, +27.400,   +45.8,  +880.0, -2048.0,  -312.0
1663183440, +3.50, +27.408,   +29.3,  +880.0, -2048.0,  -312.0
1663184040, +3.50, +27.375,   +40.6,  +899.0, -2048.0,  -320.0
1663184640, +3.50, +27.391,   +52.0,  +888.0, -2048.0,  -314.0
1663185240, +3.50, +27.383,   +44.9,  +876.0, -2048.0,  -312.0
1663185840, +3.50, +27.416,   +25.8,  +880.0, -2048.0,  -312.0
1663186440, +3.50, +27.391,   +24.7,  +876.0, -2048.0,  -308.0
1663187040, +3.50, +27.375,   +32.9,  +880.0, -2048.0,  -308.0
1663187640, +3.50, +27.400,   +52.8,  +872.0, -2048.0,  -308.0
1663188240, +3.50, +27.375,   +56.4,  +900.0, -2048.0,  -320.0
1663188840, +3.50, +27.391,  +100.9,  +876.0, -2048.0,  -308.0
1663189440, +3.50, +27.416,   +63.8,  +879.0, -2048.0,  -312.0
1663190040, +3.50, +27.424,   +46.6,  +872.0, -2048.0,  -308.0
1663190640, +3.50, +27.441,  +124.6,  +872.0, -2048.0,  -308.0
1663191240, +3.50, +27.441,  +127.2,  +872.0, -2048.0,  -308.0
1663191840, +3.50, +27.441,   +52.2,  +880.0, -2048.0,  -314.0
1663192440, +3.50, +27.449,   +54.0,  +883.0, -2048.0,  -316.0
1663193040, +3.50, +27.457,  +103.7,  +929.0, -2048.0,  -332.0
1663193640, +3.50, +27.466,  +155.9,  +888.0, -2048.0,  -314.0
1663194240, +3.50, +27.449,  +183.7,  +888.0, -2048.0,  -320.0
1663194840, +3.50, +27.457,  +123.8,  +912.0, -2048.0,  -328.0
1663195440, +3.50, +27.449,  +104.2,  +871.0, -2048.0,  -308.0
1663196040, +3.50, +27.449,  +169.2,  +884.0, -2048.0,  -316.0
1663196640, +3.50, +27.433,  +149.2,  +849.0, -2048.0,  -304.0
1663197240, +3.50, +27.441,   +62.9,  +865.0, -2048.0,  -306.0
1663197840, +3.50, +27.449,  +164.4,  +864.0, -2048.0,  -308.0
1663198440, +3.50, +27.441,  +110.2,  +864.0, -2048.0,  -312.0
1663199040, +3.50, +27.441,   +99.7,  +860.0, -2048.0,  -306.0
1663199640, +3.50, +27.449,  +111.3,  +864.0, -2048.0,  -308.0
1663200240, +3.50, +27.449,  +106.5,  +864.0, -2048.0,  -306.0
1663200840, +3.50, +27.441,   +86.8, +1103.0,  -488.0,  +543.0
1663201440, +3.50, +27.441,   +19.5,  +873.0, -2048.0,  -306.0
1663202040, +3.50, +27.441,   +39.0,  +902.0, -2048.0,  -320.0
1663202640, +3.50, +27.457,   +99.2,  +944.0, -2048.0,  -333.0
1663203240, +3.50, +27.457,   +73.9,  +935.0, -2048.0,  -330.0
1663203840, +3.50, +27.449,   +48.8,  +878.0, -2048.0,  -308.0
1663204440, +3.50, +27.441,   +37.6,  +876.0, -2048.0,  -312.0
1663205040, +3.50, +27.441,   +51.4,  +896.0, -2048.0,  -320.0
1663205640, +3.50, +27.449,   +51.8,  +876.0, -2048.0,  -312.0
1663206240, +3.50, +27.441,   +59.8,  +871.0, -2048.0,  -308.0
1663206840, +3.50, +27.457,   +27.5,  +936.0, -2048.0,  -333.0
1663207440, +3.50, +27.449,   +32.5,  +880.0, -2048.0,  -314.0
1663208040, +3.50, +27.424,   +48.8,  +888.0, -2048.0,  -314.0
1663208640, +3.50, +27.433,   +29.7,  +870.0, -2048.0,  -308.0
1663209240, +3.50, +27.433,   +36.2,  +883.0, -2048.0,  -314.0
1663209840, +3.50, +27.466,   +27.0,  +870.0, -2048.0,  -306.0
1663210440, +3.50, +27.457,   +31.1,  +931.0, -2048.0,  -336.0
1663211040, +3.50, +27.466,   +24.0,  +870.0, -2048.0,  -308.0
1663211640, +3.50, +27.466,   +24.1,  +864.0, -2048.0,  -308.0
1663212240, +3.50, +27.441,   +19.3,  +886.0, -2048.0,  -320.0
1663212840, +3.50, +27.449,   +16.9,  +883.0, -2048.0,  -314.0
1663213440, +3.50, +27.424,   +20.3, +1100.0,  -488.0,  +547.0
1663214040, +3.50, +27.457,   +16.9,  +927.0, -2048.0,  -336.0
1663214640, +3.50, +27.408,   +13.8,  +876.0, -2048.0,  -317.0
1663215240, +3.50, +27.424,   +14.5,  +867.0, -2048.0,  -313.0
1663215840, +3.50, +27.408,   +16.9,  +872.0, -2048.0,  -319.0
1663216440, +3.50, +27.408,   +13.9,  +888.0, -2048.0,  -320.0
1663217040, +3.50, +27.400,    +5.7,  +873.0, -2048.0,  -319.0
1663217640, +3.50, +27.416,    +3.2,  +867.0, -2048.0,  -316.0
1663218240, +3.50, +27.433,    +1.2,  +878.0, -2048.0,  -320.0
1663218840, +3.50, +27.416,    +0.6,  +871.0, -2048.0,  -316.0
1663219440, +3.50, +27.416,    +0.2,  +856.0, -2048.0,  -312.0
1663220040, +3.50, +27.408,    -0.2,  +873.0, -2048.0,  -320.0
1663220640, +3.50, +27.424,    -0.2,  +864.0, -2048.0,  -313.0
1663221240, +3.50, +27.433,    +0.0,  +871.0, -2048.0,  -317.0
1663221840, +3.50, +27.424,    -0.1,  +870.0, -2048.0,  -316.0
1663222440, +3.50, +27.416,    +0.0,  +870.0, -2048.0,  -320.0
1663223040, +3.50, +27.433,    -0.1,  +871.0, -2048.0,  -320.0
1663223640, +3.50, +27.441,    -0.1,  +860.0, -2048.0,  -314.0
1663224240, +3.50, +27.433,    -0.2,  +849.0, -2048.0,  -312.0
1663224840, +3.50, +27.424,    -0.3,  +851.0, -2048.0,  -312.0
1663225440, +3.50, +27.441,    -0.3,  +847.0, -2048.0,  -308.0
1663226040, +3.50, +27.449,    -0.1,  +847.0, -2048.0,  -308.0
1663226640, +3.50, +27.441,    +0.0,  +847.0, -2048.0,  -308.0
1663227240, +3.50, +27.433,    -0.3,  +888.0, -2048.0,  -328.0
1663227840, +3.50, +27.416,    -0.2,  +856.0, -2048.0,  -314.0
1663228440, +3.50, +27.441,    -0.1,  +844.0, -2048.0,  -308.0
1663229040, +3.50, +27.424,    -0.2,  +849.0, -2048.0,  -313.0
1663229640, +3.50, +27.433,    -0.3, +1110.0,  -488.0,  +543.0
1663230240, +3.50, +27.433,    -0.3,  +848.0, -2048.0,  -312.0
1663230840, +3.50, +27.433,    -0.1,  +851.0, -2048.0,  -313.0
1663231440, +3.50, +27.416,    -0.2,  +855.0, -2048.0,  -314.0
1663232040, +3.50, +27.424,    +0.1,  +848.0, -2048.0,  -314.0
1663232640, +3.50, +27.424,    -0.4, +1107.0,  -488.0,  +543.0
1663233240, +3.50, +27.424,    +0.0,  +892.0, -2048.0,  -313.0
1663233840, +3.50, +27.424,    -0.3,  +899.0, -2048.0,  -317.0
1663234440, +3.50, +27.424,    -0.1,  +911.0, -2048.0,  -320.0
1663235040, +3.50, +27.424,    -0.1,  +892.0, -2048.0,  -316.0
1663235640, +3.50, +27.408,    -0.3,  +903.0, -2048.0,  -320.0
1663236240, +3.50, +27.416,    -0.1,  +876.0, -2048.0,  -312.0
1663236840, +3.50, +27.383,    +0.1,  +888.0, -2048.0,  -314.0
1663237440, +3.50, +27.400,    +0.1,  +892.0, -2048.0,  -317.0
1663238040, +3.50, +27.400,    -0.1,  +871.0, -2048.0,  -306.0
1663238640, +3.50, +27.408,    -0.1, +1100.0,  -493.0,  +548.0
1663239240, +3.50, +27.383,    -0.1,  +865.0, -2048.0,  -312.0
1663239840, +3.50, +27.408,    -0.2,  +876.0, -2048.0,  -320.0
1663240440, +3.50, +27.416,    +0.1,  +880.0, -2048.0,  -320.0
1663241040, +3.50, +27.400,    -0.0,  +883.0, -2048.0,  -320.0
1663241640, +3.50, +27.400,    -0.1,  +868.0, -2048.0,  -314.0
1663242240, +3.50, +27.375,    -0.2,  +856.0, -2048.0,  -313.0
1663242840, +3.50, +27.383,    +0.2,  +864.0, -2048.0,  -316.0
1663243440, +3.50, +27.375,    -0.0, +1083.0,  -493.0,  +552.0
1663244040, +3.50, +27.383,    -0.1,  +847.0, -2048.0,  -312.0
1663244640, +3.50, +27.383,    -0.1,  +864.0, -2048.0,  -316.0
1663245240, +3.50, +27.408,    -0.1,  +846.0, -2048.0,  -308.0
1663245840, +3.50, +27.383,    -0.1,  +867.0, -2048.0,  -317.0
1663246440, +3.50, +27.383,    -0.1,  +848.0, -2048.0,  -312.0
1663247040, +3.50, +27.375,    -0.3,  +864.0, -2048.0,  -320.0
1663247640, +3.50, +27.383,    -0.0,  +859.0, -2048.0,  -317.0
1663248240, +3.50, +27.383,    -0.2,  +864.0, -2048.0,  -320.0
1663248840, +3.50, +27.383,    -0.1,  +849.0, -2048.0,  -312.0
1663249440, +3.50, +27.375,    +0.0,  +860.0, -2048.0,  -317.0
1663250040, +3.50, +27.367,    -0.1,  +864.0, -2048.0,  -320.0
1663250640, +3.50, +27.383,    -0.2,  +860.0, -2048.0,  -317.0
1663251240, +3.50, +27.383,    +0.1,  +847.0, -2048.0,  -314.0
1663251840, +3.50, +27.375,    -0.2,  +849.0, -2048.0,  -313.0
1663252440, +3.50, +27.383,    -0.2,  +862.0, -2048.0,  -320.0
1663253040, +3.50, +27.350,    -0.4,  +856.0, -2048.0,  -316.0
1663253640, +3.50, +27.342,    -0.2, +1164.0,  -463.0,  +471.0
1663254240, +3.50, +27.350,    -0.3,  +884.0, -2048.0,  -312.0
1663254840, +3.50, +27.359,    -0.1,  +904.0, -2048.0,  -320.0
1663255440, +3.50, +27.359,    -0.4,  +880.0, -2048.0,  -308.0
1663256040, +3.50, +27.359,    -0.2,  +903.0, -2048.0,  -320.0
1663256640, +3.50, +27.367,    -0.0,  +899.0, -2048.0,  -320.0
1663257240, +3.50, +27.342,    -0.1,  +880.0, -2048.0,  -308.0
1663257840, +3.50, +27.367,    -0.3,  +908.0, -2048.0,  -320.0
1663258440, +3.50, +27.367,    -0.3,  +897.0, -2048.0,  -320.0
