7530-213548
OS REV: 1.07 Sensor Cal: 1628751600 Averages: 30
Time (sec),  Bat (Volts),   T (deg C),  PAR (umol/(s m^2))  Ax (mg), Ay (mg), Az (mg)
1661780040, +3.50, +27.391,    -0.3,  +921.0, -2048.0,  -328.0
1661780640, +3.50, +27.391,    -0.1, +1150.0,  -480.0,  +480.0
1661781240, +3.50, +27.391,    -0.2, +1148.0,  -474.0,  +478.0
1661781840, +3.50, +27.375,    -0.1,  +935.0, -2048.0,  -333.0
1661782440, +3.50, +27.391,    -0.1,  +931.0, -2048.0,  -333.0
1661783040, +3.50, +27.375,    -0.0,  +920.0, -2048.0,  -324.0
1661783640, +3.50, +27.391,    -0.1,  +940.0, -2048.0,  -334.0
1661784240, +3.50, +27.391,    +0.2,  +936.0, -2048.0,  -332.0
1661784840, +3.50, +27.375,    +0.0,  +920.0, -2048.0,  -328.0
1661785440, +3.50, +27.375,    -0.4,  +928.0, -2048.0,  -332.0
1661786040, +3.50, +27.367,    -0.2,  +920.0, -2048.0,  -328.0
1661786640, +3.50, +27.375,    -0.2,  +904.0, -2048.0,  -328.0
1661787240, +3.50, +27.391,    -0.3,  +929.0, -2048.0,  -333.0
1661787840, +3.50, +27.400,    +0.0,  +921.0, -2048.0,  -333.0
1661788440, +3.50, +27.375,    -0.2,  +928.0, -2048.0,  -336.0
1661789040, +3.50, +27.367,    +0.1,  +912.0, -2048.0,  -328.0
1661789640, +3.50, +27.367,    -0.2,  +924.0, -2048.0,  -332.0
1661790240, +3.50, +27.375,    -0.3,  +920.0, -2048.0,  -333.0
1661790840, +3.50, +27.383,    +0.1,  +920.0, -2048.0,  -332.0
1661791440, +3.50, +27.400,    -0.3,  +920.0, -2048.0,  -328.0
1661792040, +3.50, +27.383,    +0.0,  +908.0, -2048.0,  -324.0
1661792640, +3.50, +27.391,    +0.1,  +923.0, -2048.0,  -330.0
1661793240, +3.50, +27.383,    +0.1,  +915.0, -2048.0,  -328.0
1661793840, +3.50, +27.391,    +1.0,  +928.0, -2048.0,  -336.0
1661794440, +3.50, +27.391,    +5.6,  +913.0, -2048.0,  -328.0
1661795040, +3.50, +27.391,   +12.3,  +908.0, -2048.0,  -328.0
1661795640, +3.50, +27.383,   +19.3,  +903.0, -2048.0,  -328.0
1661796240, +3.50, +27.383,   +25.8,  +919.0, -2048.0,  -332.0
1661796840, +3.50, +27.424,   +44.6,  +912.0, -2048.0,  -328.0
1661797440, +3.50, +27.408,   +55.7,  +924.0, -2048.0,  -332.0
1661798040, +3.50, +27.408,   +70.0,  +902.0, -2048.0,  -328.0
1661798640, +3.50, +27.416,   +90.5,  +902.0, -2048.0,  -324.0
1661799240, +3.50, +27.416,  +104.2,  +908.0, -2048.0,  -328.0
1661799840, +3.50, +27.433,  +128.7,  +910.0, -2048.0,  -328.0
1661800440, +3.50, +27.416,  +143.1,  +903.0, -2048.0,  -320.0
1661801040, +3.50, +27.433,  +167.5,  +903.0, -2048.0,  -324.0
1661801640, +3.50, +27.416,  +189.3,  +892.0, -2048.0,  -320.0
1661802240, +3.50, +27.433,  +197.3,  +896.0, -2048.0,  -320.0
1661802840, +3.50, +27.433,  +220.0,  +899.0, -2048.0,  -328.0
1661803440, +3.50, +27.433,  +256.6,  +904.0, -2048.0,  -328.0
1661804040, +3.50, +27.441,  +283.0,  +902.0, -2048.0,  -324.0
1661804640, +3.50, +27.449,  +288.4,  +899.0, -2048.0,  -324.0
1661805240, +3.50, +27.433,  +342.8,  +886.0, -2048.0,  -320.0
1661805840, +3.50, +27.457,  +392.8,  +870.0, -2048.0,  -312.0
1661806440, +3.50, +27.449,  +377.1,  +896.0, -2048.0,  -324.0
1661807040, +3.50, +27.466,  +385.1,  +910.0, -2048.0,  -328.0
1661807640, +3.50, +27.482,  +338.2,  +892.0, -2048.0,  -324.0
1661808240, +3.50, +27.474,  +448.8,  +883.0, -2048.0,  -320.0
1661808840, +3.50, +27.490,  +457.6,  +888.0, -2048.0,  -320.0
1661809440, +3.50, +27.499,  +520.2,  +897.0, -2048.0,  -328.0
1661810040, +3.50, +27.507,  +526.2,  +888.0, -2048.0,  -320.0
1661810640, +3.50, +27.507,  +553.0,  +883.0, -2048.0,  -320.0
1661811240, +3.50, +27.490,  +553.8,  +888.0, -2048.0,  -320.0
1661811840, +3.50, +27.515,  +596.3,  +876.0, -2048.0,  -320.0
1661812440, +3.50, +27.523,  +631.2,  +888.0, -2048.0,  -320.0
1661813040, +3.50, +27.523,  +608.9,  +883.0, -2048.0,  -320.0
1661813640, +3.50, +27.540,  +697.7, +1104.0,  -488.0,  +537.0
1661814240, +3.50, +27.548,  +647.3, +1129.0,  -484.0,  +516.0
1661814840, +3.50, +27.540,  +639.1,  +848.0, -2048.0,  -320.0
1661815440, +3.50, +27.565,  +667.9, +1116.0,  -488.0,  +527.0
1661816040, +3.50, +27.581,  +704.2,  +888.0, -2048.0,  -320.0
1661816640, +3.50, +27.581,  +692.8,  +888.0, -2048.0,  -324.0
1661817240, +3.50, +27.581,  +722.9,  +883.0, -2048.0,  -320.0
1661817840, +3.50, +27.581,  +634.2,  +892.0, -2048.0,  -324.0
1661818440, +3.50, +27.589,  +660.7,  +896.0, -2048.0,  -328.0
1661819040, +3.50, +27.589,  +651.6,  +881.0, -2048.0,  -320.0
1661819640, +3.50, +27.573,  +645.6,  +888.0, -2048.0,  -324.0
1661820240, +3.50, +27.581,  +633.4,  +880.0, -2048.0,  -320.0
1661820840, +3.50, +27.548,  +655.8,  +876.0, -2048.0,  -320.0
1661821440, +3.50, +27.556,  +647.2,  +888.0, -2048.0,  -324.0
1661822040, +3.50, +27.565,  +627.5,  +857.0, -2048.0,  -314.0
1661822640, +3.50, +27.556,  +607.4,  +876.0, -2048.0,  -320.0
1661823240, +3.50, +27.573,  +623.4,  +864.0, -2048.0,  -320.0
1661823840, +3.50, +27.556,  +568.1,  +872.0, -2048.0,  -320.0
1661824440, +3.50, +27.581,  +315.3,  +880.0, -2048.0,  -320.0
1661825040, +3.50, +27.556,  +499.4,  +880.0, -2048.0,  -324.0
1661825640, +3.50, +27.565,  +465.7,  +871.0, -2048.0,  -320.0
1661826240, +3.50, +27.556,  +430.7,  +851.0, -2048.0,  -312.0
1661826840, +3.50, +27.565,  +446.5,  +867.0, -2048.0,  -320.0
1661827440, +3.50, +27.556,  +389.7,  +867.0, -2048.0,  -320.0
1661828040, +3.50, +27.548,  +372.1,  +862.0, -2048.0,  -319.0
1661828640, +3.50, +27.548,  +242.0,  +864.0, -2048.0,  -320.0
1661829240, +3.50, +27.540,   +80.6,  +880.0, -2048.0,  -320.0
1661829840, +3.50, +27.556,   +80.9,  +880.0, -2048.0,  -324.0
1661830440, +3.50, +27.532,   +82.3,  +854.0, -2048.0,  -313.0
1661831040, +3.50, +27.532,  +173.9,  +880.0, -2048.0,  -320.0
1661831640, +3.50, +27.523,  +120.4,  +876.0, -2048.0,  -324.0
1661832240, +3.50, +27.532,  +112.5,  +871.0, -2048.0,  -320.0
1661832840, +3.50, +27.515,  +119.5,  +873.0, -2048.0,  -320.0
1661833440, +3.50, +27.515,   +83.4,  +864.0, -2048.0,  -320.0
1661834040, +3.50, +27.507,   +64.2,  +860.0, -2048.0,  -317.0
1661834640, +3.50, +27.507,   +43.5,  +876.0, -2048.0,  -326.0
1661835240, +3.50, +27.548,   +25.2,  +867.0, -2048.0,  -320.0
1661835840, +3.50, +27.565,   +13.2,  +876.0, -2048.0,  -320.0
1661836440, +3.50, +27.548,    +5.6,  +856.0, -2048.0,  -314.0
1661837040, +3.50, +27.573,    +1.0,  +880.0, -2048.0,  -328.0
1661837640, +3.50, +27.532,    +0.1,  +880.0, -2048.0,  -324.0
1661838240, +3.50, +27.532,    -0.1,  +864.0, -2048.0,  -320.0
1661838840, +3.50, +27.523,    +0.1,  +880.0, -2048.0,  -327.0
1661839440, +3.50, +27.532,    -0.0,  +871.0, -2048.0,  -320.0
1661840040, +3.50, +27.515,    +0.1,  +880.0, -2048.0,  -324.0
1661840640, +3.50, +27.499,    -0.3,  +871.0, -2048.0,  -320.0
1661841240, +3.50, +27.490,    +0.0,  +878.0, -2048.0,  -320.0
1661841840, +3.50, +27.499,    +0.3,  +868.0, -2048.0,  -320.0
1661842440, +3.50, +27.499,    -0.3,  +872.0, -2048.0,  -320.0
1661843040, +3.50, +27.515,    -0.1,  +876.0, -2048.0,  -324.0
1661843640, +3.50, +27.482,    -0.4,  +876.0, -2048.0,  -320.0
1661844240, +3.50, +27.499,    +0.1,  +886.0, -2048.0,  -328.0
1661844840, +3.50, +27.474,    -0.0,  +876.0, -2048.0,  -324.0
1661845440, +3.50, +27.474,    -0.3,  +876.0, -2048.0,  -324.0
1661846040, +3.50, +27.482,    -0.1,  +876.0, -2048.0,  -320.0
1661846640, +3.50, +27.482,    +0.1,  +876.0, -2048.0,  -324.0
1661847240, +3.50, +27.474,    +0.0,  +871.0, -2048.0,  -320.0
1661847840, +3.50, +27.482,    -0.2,  +879.0, -2048.0,  -320.0
1661848440, +3.50, +27.499,    -0.0,  +880.0, -2048.0,  -324.0
1661849040, +3.50, +27.499,    -0.3,  +867.0, -2048.0,  -320.0
1661849640, +3.50, +27.507,    -0.1,  +872.0, -2048.0,  -320.0
1661850240, +3.50, +27.499,    -0.1,  +880.0, -2048.0,  -328.0
1661850840, +3.50, +27.507,    +0.1,  +867.0, -2048.0,  -320.0
1661851440, +3.50, +27.507,    -0.1,  +857.0, -2048.0,  -316.0
1661852040, +3.50, +27.499,    -0.1,  +873.0, -2048.0,  -320.0
1661852640, +3.50, +27.507,    +0.2,  +867.0, -2048.0,  -320.0
1661853240, +3.50, +27.499,    -0.3,  +872.0, -2048.0,  -320.0
1661853840, +3.50, +27.490,    -0.2,  +876.0, -2048.0,  -324.0
1661854440, +3.50, +27.499,    -0.1,  +864.0, -2048.0,  -320.0
1661855040, +3.50, +27.507,    -0.1,  +871.0, -2048.0,  -320.0
1661855640, +3.50, +27.499,    -0.1,  +864.0, -2048.0,  -320.0
1661856240, +3.50, +27.482,    -0.1,  +865.0, -2048.0,  -320.0
1661856840, +3.50, +27.490,    -0.2,  +880.0, -2048.0,  -324.0
1661857440, +3.50, +27.499,    +0.1,  +867.0, -2048.0,  -320.0
1661858040, +3.50, +27.482,    -0.1,  +856.0, -2048.0,  -317.0
1661858640, +3.50, +27.499,    -0.0,  +871.0, -2048.0,  -320.0
1661859240, +3.50, +27.499,    -0.0,  +868.0, -2048.0,  -320.0
1661859840, +3.50, +27.499,    -0.1,  +851.0, -2048.0,  -316.0
1661860440, +3.50, +27.490,    -0.1,  +876.0, -2048.0,  -328.0
1661861040, +3.50, +27.490,    +0.1,  +876.0, -2048.0,  -328.0
1661861640, +3.50, +27.466,    -0.1,  +871.0, -2048.0,  -324.0
1661862240, +3.50, +27.499,    -0.2,  +871.0, -2048.0,  -320.0
1661862840, +3.50, +27.490,    -0.1,  +871.0, -2048.0,  -320.0
1661863440, +3.50, +27.482,    -0.3,  +870.0, -2048.0,  -320.0
1661864040, +3.50, +27.499,    -0.2,  +860.0, -2048.0,  -320.0
1661864640, +3.50, +27.490,    -0.1, +1136.0,  -482.0,  +504.0
1661865240, +3.50, +27.482,    -0.0,  +920.0, -2048.0,  -328.0
1661865840, +3.50, +27.474,    +0.0,  +920.0, -2048.0,  -328.0
1661866440, +3.50, +27.482,    -0.2,  +924.0, -2048.0,  -328.0
