7530-213548
OS REV: 1.07 Sensor Cal: 1628751600 Averages: 30
Time (sec),  Bat (Volts),   T (deg C),  PAR (umol/(s m^2))  Ax (mg), Ay (mg), Az (mg)
1654646040, +3.51, +28.836,  +631.9, +1088.0,  -488.0,  +523.0
1654646640, +3.51, +28.828,  +618.6, +1095.0,  -488.0,  +519.0
1654647240, +3.51, +28.828,  +575.4, +1160.0,  -471.0,  +447.0
1654647840, +3.51, +28.844,  +532.9, +1102.0,  -488.0,  +518.0
1654648440, +3.51, +28.844,  +471.8, +1096.0,  -488.0,  +518.0
1654649040, +3.51, +28.860,  +508.5, +1100.0,  -488.0,  +518.0
1654649640, +3.52, +28.844,  +496.8, +1097.0,  -490.0,  +519.0
1654650240, +3.51, +28.860,  +498.2, +1092.0,  -488.0,  +520.0
1654650840, +3.51, +28.860,  +415.5, +1086.0,  -488.0,  +524.0
1654651440, +3.52, +28.852,  +474.7, +1159.0,  -476.0,  +436.0
1654652040, +3.52, +28.868,  +442.1, +1159.0,  -474.0,  +451.0
1654652640, +3.52, +28.877,  +480.7, +1080.0,  -493.0,  +520.0
1654653240, +3.52, +28.852,  +399.4, +1139.0,  -476.0,  +467.0
1654653840, +3.52, +28.844,  +386.3, +1158.0,  -477.0,  +444.0
1654654440, +3.52, +28.860,  +370.6, +1158.0,  -474.0,  +440.0
1654655040, +3.51, +28.844,  +353.3, +1159.0,  -478.0,  +440.0
1654655640, +3.51, +28.852,  +136.1, +1159.0,  -477.0,  +440.0
1654656240, +3.51, +28.844,  +303.9, +1164.0,  -461.0,  +443.0
1654656840, +3.51, +28.852,  +255.1, +1091.0,  -488.0,  +520.0
1654657440, +3.52, +28.836,  +229.0, +1097.0,  -488.0,  +519.0
1654658040, +3.52, +28.844,  +197.1, +1161.0,  -480.0,  +440.0
1654658640, +3.52, +28.844,  +108.4, +1100.0,  -488.0,  +518.0
1654659240, +3.52, +28.844,  +149.5, +1160.0,  -480.0,  +447.0
1654659840, +3.52, +28.828,  +126.8, +1100.0,  -488.0,  +518.0
1654660440, +3.52, +28.819,   +46.3, +1095.0,  -488.0,  +519.0
1654661040, +3.52, +28.852,   +74.1, +1096.0,  -488.0,  +519.0
1654661640, +3.52, +28.828,   +40.3, +1144.0,  -474.0,  +456.0
1654662240, +3.51, +28.819,   +29.4, +1096.0,  -488.0,  +519.0
1654662840, +3.52, +28.828,   +22.1, +1156.0,  -477.0,  +440.0
1654663440, +3.52, +28.819,   +14.4, +1084.0,  -488.0,  +520.0
1654664040, +3.51, +28.828,    +5.9, +1132.0,  -480.0,  +480.0
1654664640, +3.52, +28.811,    +1.7, +1086.0,  -488.0,  +520.0
1654665240, +3.52, +28.811,    +0.2, +1160.0,  -468.0,  +440.0
1654665840, +3.52, +28.787,    -0.2, +1159.0,  -474.0,  +443.0
1654666440, +3.52, +28.803,    -0.2, +1158.0,  -474.0,  +440.0
1654667040, +3.52, +28.819,    +0.0, +1096.0,  -488.0,  +524.0
1654667640, +3.51, +28.819,    +0.0, +1091.0,  -488.0,  +518.0
1654668240, +3.52, +28.811,    -0.3, +1087.0,  -488.0,  +520.0
1654668840, +3.52, +28.819,    +0.1, +1096.0,  -488.0,  +519.0
1654669440, +3.51, +28.819,    -0.0, +1095.0,  -488.0,  +518.0
1654670040, +3.52, +28.811,    -0.0, +1097.0,  -488.0,  +518.0
1654670640, +3.52, +28.811,    -0.1, +1091.0,  -488.0,  +520.0
1654671240, +3.52, +28.803,    -0.2, +1112.0,  -488.0,  +504.0
1654671840, +3.51, +28.811,    +0.1, +1096.0,  -488.0,  +518.0
1654672440, +3.52, +28.819,    -0.1, +1091.0,  -488.0,  +519.0
1654673040, +3.51, +28.803,    +0.0, +1097.0,  -488.0,  +515.0
1654673640, +3.51, +28.811,    +0.0, +1095.0,  -488.0,  +519.0
1654674240, +3.52, +28.811,    -0.3, +1164.0,  -468.0,  +443.0
1654674840, +3.51, +28.803,    +0.1, +1160.0,  -476.0,  +444.0
1654675440, +3.52, +28.779,    -0.1, +1160.0,  -474.0,  +432.0
1654676040, +3.52, +28.795,    -0.2, +1159.0,  -477.0,  +432.0
1654676640, +3.52, +28.811,    -0.2, +1095.0,  -488.0,  +518.0
1654677240, +3.52, +28.819,    -0.2, +1080.0,  -490.0,  +520.0
1654677840, +3.52, +28.795,    -0.2, +1159.0,  -488.0,  +454.0
1654678440, +3.52, +28.795,    -0.1, +1120.0,  -484.0,  +497.0
1654679040, +3.52, +28.803,    -0.1, +1084.0,  -488.0,  +520.0
1654679640, +3.52, +28.811,    +0.1, +1160.0,  -468.0,  +451.0
1654680240, +3.51, +28.811,    +0.1, +1089.0,  -488.0,  +520.0
1654680840, +3.52, +28.787,    -0.0, +1159.0,  -474.0,  +440.0
1654681440, +3.52, +28.779,    -0.3, +1086.0,  -488.0,  +520.0
1654682040, +3.52, +28.787,    -0.1, +1094.0,  -488.0,  +519.0
1654682640, +3.52, +28.770,    -0.1, +1164.0,  -466.0,  +447.0
1654683240, +3.52, +28.779,    -0.0, +1087.0,  -488.0,  +520.0
1654683840, +3.52, +28.779,    -0.2, +1159.0,  -474.0,  +440.0
1654684440, +3.52, +28.787,    -0.2, +1080.0,  -488.0,  +524.0
1654685040, +3.52, +28.787,    -0.3, +1103.0,  -488.0,  +516.0
1654685640, +3.52, +28.787,    -0.2, +1094.0,  -488.0,  +519.0
1654686240, +3.52, +28.795,    +0.0, +1087.0,  -488.0,  +519.0
1654686840, +3.52, +28.779,    -0.1, +1097.0,  -488.0,  +519.0
1654687440, +3.52, +28.787,    -0.3, +1091.0,  -488.0,  +519.0
1654688040, +3.51, +28.762,    -0.2, +1096.0,  -488.0,  +519.0
1654688640, +3.51, +28.779,    -0.1, +1097.0,  -488.0,  +515.0
1654689240, +3.51, +28.779,    -0.2, +1105.0,  -488.0,  +512.0
1654689840, +3.52, +28.746,    -0.1, +1092.0,  -490.0,  +519.0
1654690440, +3.52, +28.770,    -0.4, +1100.0,  -490.0,  +516.0
1654691040, +3.52, +28.762,    -0.1, +1086.0,  -492.0,  +524.0
1654691640, +3.52, +28.770,    -0.1, +1100.0,  -488.0,  +519.0
1654692240, +3.52, +28.754,    -0.1, +1088.0,  -490.0,  +521.0
1654692840, +3.52, +28.762,    +0.3, +1111.0,  -488.0,  +512.0
1654693440, +3.52, +28.754,    -0.1, +1100.0,  -488.0,  +516.0
1654694040, +3.52, +28.754,    +0.2, +1097.0,  -490.0,  +519.0
1654694640, +3.52, +28.762,    -0.3, +1103.0,  -488.0,  +515.0
1654695240, +3.52, +28.770,    +0.1, +1100.0,  -488.0,  +519.0
1654695840, +3.52, +28.762,    -0.1, +1097.0,  -488.0,  +518.0
1654696440, +3.52, +28.762,    -0.2, +1100.0,  -488.0,  +518.0
1654697040, +3.52, +28.762,    -0.1, +1097.0,  -492.0,  +516.0
1654697640, +3.52, +28.762,    -0.3, +1095.0,  -488.0,  +519.0
1654698240, +3.52, +28.746,    -0.2, +1084.0,  -490.0,  +520.0
1654698840, +3.52, +28.738,    -0.4, +1095.0,  -488.0,  +519.0
1654699440, +3.52, +28.738,    +0.0, +1119.0,  -484.0,  +504.0
1654700040, +3.52, +28.762,    -0.1, +1084.0,  -490.0,  +521.0
1654700640, +3.51, +28.746,    -0.2, +1104.0,  -488.0,  +512.0
1654701240, +3.52, +28.738,    -0.4, +1112.0,  -488.0,  +504.0
1654701840, +3.52, +28.754,    -0.0, +1092.0,  -488.0,  +520.0
1654702440, +3.52, +28.738,    -0.1, +1084.0,  -490.0,  +519.0
1654703040, +3.52, +28.738,    -0.2, +1107.0,  -488.0,  +512.0
1654703640, +3.52, +28.721,    +0.1, +1107.0,  -488.0,  +510.0
1654704240, +3.52, +28.738,    -0.2, +1095.0,  -488.0,  +519.0
1654704840, +3.52, +28.746,    +0.1, +1095.0,  -488.0,  +520.0
1654705440, +3.52, +28.746,    +0.0, +1112.0,  -488.0,  +505.0
1654706040, +3.52, +28.738,    -0.1, +1105.0,  -488.0,  +515.0
1654706640, +3.52, +28.738,    +0.1, +1105.0,  -488.0,  +512.0
1654707240, +3.52, +28.738,    -0.2, +1103.0,  -488.0,  +518.0
1654707840, +3.52, +28.730,    -0.2, +1103.0,  -488.0,  +515.0
1654708440, +3.52, +28.730,    -0.0, +1103.0,  -488.0,  +515.0
1654709040, +3.52, +28.721,    +0.0, +1102.0,  -488.0,  +519.0
1654709640, +3.52, +28.713,    +0.6, +1103.0,  -488.0,  +516.0
1654710240, +3.52, +28.705,    +2.9, +1118.0,  -488.0,  +504.0
1654710840, +3.52, +28.713,    +8.6, +1095.0,  -492.0,  +519.0
1654711440, +3.52, +28.713,   +15.1, +1104.0,  -488.0,  +515.0
1654712040, +3.52, +28.689,   +21.4, +1107.0,  -488.0,  +512.0
1654712640, +3.52, +28.730,   +27.0, +1113.0,  -484.0,  +504.0
1654713240, +3.52, +28.713,   +47.8, +1102.0,  -488.0,  +518.0
1654713840, +3.52, +28.721,   +58.7, +1100.0,  -488.0,  +515.0
1654714440, +3.52, +28.730,   +77.3, +1111.0,  -488.0,  +508.0
1654715040, +3.52, +28.738,   +91.1, +1108.0,  -488.0,  +510.0
1654715640, +3.52, +28.746,  +109.4, +1102.0,  -488.0,  +519.0
1654716240, +3.52, +28.713,   +82.1, +1088.0,  -490.0,  +520.0
1654716840, +3.52, +28.730,  +153.2, +1126.0,  -482.0,  +489.0
1654717440, +3.52, +28.746,  +161.8, +1105.0,  -488.0,  +512.0
1654718040, +3.52, +28.730,  +209.9, +1102.0,  -488.0,  +515.0
1654718640, +3.52, +28.746,  +257.8, +1160.0,  -480.0,  +444.0
1654719240, +3.52, +28.738,  +100.3, +1095.0,  -488.0,  +518.0
1654719840, +3.52, +28.754,  +102.0, +1103.0,  -488.0,  +516.0
1654720440, +3.52, +28.738,  +146.1, +1088.0,  -490.0,  +524.0
1654721040, +3.51, +28.746,  +385.9, +1159.0,  -477.0,  +440.0
1654721640, +3.52, +28.762,  +373.8, +1160.0,  -480.0,  +446.0
1654722240, +3.52, +28.770,  +265.3, +1084.0,  -488.0,  +519.0
1654722840, +3.51, +28.762,  +379.9, +1166.0,  -453.0,  +441.0
1654723440, +3.52, +28.787,  +297.5, +1107.0,  -488.0,  +513.0
1654724040, +3.52, +28.754,  +204.7, +1100.0,  -488.0,  +515.0
1654724640, +3.52, +28.795,  +138.6, +1094.0,  -488.0,  +519.0
1654725240, +3.52, +28.762,  +115.5, +1097.0,  -488.0,  +518.0
1654725840, +3.51, +28.787,  +160.9, +1095.0,  -490.0,  +519.0
1654726440, +3.51, +28.779,  +202.4, +1102.0,  -488.0,  +516.0
1654727040, +3.51, +28.779,  +541.4, +1103.0,  -488.0,  +515.0
1654727640, +3.51, +28.795,  +232.7, +1159.0,  -472.0,  +447.0
1654728240, +3.52, +28.803,  +117.7, +1100.0,  -488.0,  +515.0
1654728840, +3.52, +28.779,  +168.5, +1164.0,  -463.0,  +439.0
1654729440, +3.51, +28.779,  +213.9, +1095.0,  -488.0,  +518.0
1654730040, +3.52, +28.787,  +361.4, +1163.0,  -463.0,  +443.0
1654730640, +3.51, +28.803,  +227.8, +1160.0,  -474.0,  +438.0
1654731240, +3.51, +28.779,  +208.6, +1121.0,  -482.0,  +496.0
1654731840, +3.52, +28.787,  +158.6, +1097.0,  -488.0,  +518.0
1654732440, +3.52, +28.787,  +156.2, +1088.0,  -488.0,  +520.0
