Chamber	Time	Logtime_min	OxyPercent_airsat	Phase	Amp	TempC	per_air-sat	per_oxygen	pO2_hPa	pO2_Torr	cO2_mg_L	cO2_umol_L	Salinity	chlorinity	SalCorcO2_mg_L	SalCorcO2_umol_L
7	9:07:01	0.00	93.050	27.050	15433.000	29.000	93.413075	19.5700391	190.385200	142.801038	7.17208823	224.127757	36	19.8171745	5.77945826	180.608071
7	9:07:04	0.03	93.490	27.000	15421.000	29.000	93.858960	19.6634521	191.293959	143.482665	7.20632251	225.197579	36	19.8171745	5.80704516	181.470161
7	9:07:19	0.29	93.170	27.030	15413.000	29.000	93.591113	19.6073382	190.748061	143.073207	7.18575773	224.554929	36	19.8171745	5.79047351	180.952297
7	9:07:34	0.53	93.160	27.030	15365.000	29.000	93.591113	19.6073382	190.748061	143.073207	7.18575773	224.554929	36	19.8171745	5.79047351	180.952297
7	9:07:49	0.78	92.350	27.120	15433.000	29.000	92.793230	19.4401817	189.121895	141.853479	7.12449769	222.640553	36	19.8171745	5.74110855	179.409642
7	9:08:04	1.05	93.480	27.000	15438.000	29.000	93.858960	19.6634521	191.293959	143.482665	7.20632251	225.197579	36	19.8171745	5.80704516	181.470161
7	9:08:19	1.30	93.340	27.010	15415.000	29.000	93.769572	19.6447254	191.111778	143.346018	7.19945950	224.983109	36	19.8171745	5.80151476	181.297336
7	9:08:34	1.53	92.250	27.140	15436.000	29.000	92.617067	19.4032755	188.762856	141.584177	7.11097219	222.217881	36	19.8171745	5.73020935	179.069042
7	9:08:48	1.78	92.610	27.100	15424.000	29.000	92.969808	19.4771748	189.481778	142.123414	7.13805502	223.064219	36	19.8171745	5.75203340	179.751044
7	9:09:04	2.03	93.150	27.030	15438.000	29.000	93.591113	19.6073382	190.748061	143.073207	7.18575773	224.554929	36	19.8171745	5.79047351	180.952297
7	9:09:19	2.28	93.240	27.020	15432.000	29.000	93.680290	19.6260208	190.929812	143.209532	7.19260457	224.768893	36	19.8171745	5.79599088	181.124715
7	9:09:34	2.54	93.070	27.040	15409.000	29.000	93.502041	19.5886777	190.566523	142.937042	7.17891895	224.341217	36	19.8171745	5.78496264	180.780083
7	9:09:49	2.78	93.510	26.990	15407.000	29.000	93.948453	19.6822009	191.476355	143.619474	7.21319364	225.412301	36	19.8171745	5.81258209	181.643190
7	9:10:04	3.05	92.660	27.090	15385.000	29.000	93.058253	19.4957040	189.662037	142.258620	7.14484565	223.276426	36	19.8171745	5.75750547	179.922046
7	9:10:19	3.30	91.990	27.170	15383.000	29.000	92.353597	19.3480785	188.225877	141.181408	7.09074341	221.585731	36	19.8171745	5.71390846	178.559639
7	9:10:34	3.53	93.390	27.010	15397.000	29.000	93.769572	19.6447254	191.111778	143.346018	7.19945950	224.983109	36	19.8171745	5.80151476	181.297336
7	9:10:49	3.79	93.930	26.950	15386.000	29.000	94.307485	19.7574180	192.208097	144.168327	7.24075942	226.273732	36	19.8171745	5.83479533	182.337354
7	9:11:04	4.03	93.100	27.040	15424.000	29.000	93.502041	19.5886777	190.566523	142.937042	7.17891895	224.341217	36	19.8171745	5.78496264	180.780083
7	9:11:19	4.30	92.360	27.120	15385.000	29.000	92.793230	19.4401817	189.121895	141.853479	7.12449769	222.640553	36	19.8171745	5.74110855	179.409642
7	9:11:34	4.53	92.680	27.090	15397.000	29.000	93.058253	19.4957040	189.662037	142.258620	7.14484565	223.276426	36	19.8171745	5.75750547	179.922046
7	9:11:49	4.80	93.200	27.030	15404.000	29.000	93.591113	19.6073382	190.748061	143.073207	7.18575773	224.554929	36	19.8171745	5.79047351	180.952297
7	9:12:04	5.04	93.170	27.030	15425.000	29.000	93.591113	19.6073382	190.748061	143.073207	7.18575773	224.554929	36	19.8171745	5.79047351	180.952297
7	9:12:19	5.28	94.140	26.920	15430.000	29.000	94.577875	19.8140647	192.759179	144.581673	7.26151948	226.922484	36	19.8171745	5.85152433	182.860135
7	9:12:34	5.54	92.900	27.060	15395.000	29.000	93.324212	19.5514225	190.204090	142.665194	7.16526555	223.914548	36	19.8171745	5.77396037	180.436262
7	9:12:49	5.79	93.130	27.040	15419.000	29.000	93.502041	19.5886777	190.566523	142.937042	7.17891895	224.341217	36	19.8171745	5.78496264	180.780083
7	9:13:04	6.03	92.630	27.090	15404.000	29.000	93.058253	19.4957040	189.662037	142.258620	7.14484565	223.276426	36	19.8171745	5.75750547	179.922046
7	9:13:19	6.28	92.800	27.070	15425.000	29.000	93.235455	19.5328278	190.023193	142.529510	7.15845090	223.701591	36	19.8171745	5.76846895	180.264655
7	9:13:34	6.53	92.590	27.100	15386.000	29.000	92.969808	19.4771748	189.481778	142.123414	7.13805502	223.064219	36	19.8171745	5.75203340	179.751044
7	9:13:49	6.79	93.920	26.950	15409.000	29.000	94.307485	19.7574180	192.208097	144.168327	7.24075942	226.273732	36	19.8171745	5.83479533	182.337354
7	9:14:04	7.05	93.110	27.040	15396.000	29.000	93.502041	19.5886777	190.566523	142.937042	7.17891895	224.341217	36	19.8171745	5.78496264	180.780083
7	9:14:19	7.29	92.970	27.050	15389.000	29.000	93.413075	19.5700391	190.385200	142.801038	7.17208823	224.127757	36	19.8171745	5.77945826	180.608071
7	9:14:34	7.55	93.450	27.000	15393.000	29.000	93.858960	19.6634521	191.293959	143.482665	7.20632251	225.197579	36	19.8171745	5.80704516	181.470161
7	9:14:49	7.79	93.210	27.030	15387.000	29.000	93.591113	19.6073382	190.748061	143.073207	7.18575773	224.554929	36	19.8171745	5.79047351	180.952297
7	9:15:04	8.04	93.550	26.990	15376.000	29.000	93.948453	19.6822009	191.476355	143.619474	7.21319364	225.412301	36	19.8171745	5.81258209	181.643190
7	9:15:19	8.30	92.670	27.090	15412.000	29.000	93.058253	19.4957040	189.662037	142.258620	7.14484565	223.276426	36	19.8171745	5.75750547	179.922046
7	9:15:34	8.55	93.220	27.030	15349.000	29.000	93.591113	19.6073382	190.748061	143.073207	7.18575773	224.554929	36	19.8171745	5.79047351	180.952297
7	9:15:49	8.79	91.970	27.170	15411.000	29.000	92.353597	19.3480785	188.225877	141.181408	7.09074341	221.585731	36	19.8171745	5.71390846	178.559639
7	9:16:04	9.05	92.250	27.140	15383.000	29.000	92.617067	19.4032755	188.762856	141.584177	7.11097219	222.217881	36	19.8171745	5.73020935	179.069042
7	9:16:19	9.30	93.270	27.020	15350.000	29.000	93.680290	19.6260208	190.929812	143.209532	7.19260457	224.768893	36	19.8171745	5.79599088	181.124715
7	9:16:34	9.53	91.480	27.220	15418.000	29.000	91.916534	19.2565139	187.335100	140.513269	7.05718653	220.537079	36	19.8171745	5.68686744	177.714608
7	9:16:49	9.80	92.760	27.080	15415.000	29.000	93.146802	19.5142549	189.842509	142.393985	7.15164427	223.488883	36	19.8171745	5.76298398	180.093249
7	9:17:04	10.04	92.450	27.110	15376.000	29.000	92.881467	19.4586674	189.301731	141.988367	7.13127237	222.852261	36	19.8171745	5.74656777	179.580243
7	9:17:19	10.28	93.220	27.030	15366.000	29.000	93.591113	19.6073382	190.748061	143.073207	7.18575773	224.554929	36	19.8171745	5.79047351	180.952297
7	9:17:34	10.53	93.160	27.030	15423.000	29.000	93.591113	19.6073382	190.748061	143.073207	7.18575773	224.554929	36	19.8171745	5.79047351	180.952297
7	9:17:49	10.79	92.980	27.050	15392.000	29.000	93.413075	19.5700391	190.385200	142.801038	7.17208823	224.127757	36	19.8171745	5.77945826	180.608071
7	9:18:04	11.05	92.820	27.070	15387.000	29.000	93.235455	19.5328278	190.023193	142.529510	7.15845090	223.701591	36	19.8171745	5.76846895	180.264655
7	9:18:19	11.28	91.650	27.200	15445.000	29.000	92.091052	19.2930753	187.690785	140.780055	7.07058569	220.955803	36	19.8171745	5.69766484	178.052026
7	9:18:33	11.53	93.960	26.940	15385.000	29.000	94.397508	19.7762779	192.391574	144.305946	7.24767126	226.489727	36	19.8171745	5.84036507	182.511408
7	9:18:49	11.78	92.700	27.080	15418.000	29.000	93.146802	19.5142549	189.842509	142.393985	7.15164427	223.488883	36	19.8171745	5.76298398	180.093249
7	9:19:03	12.03	92.920	27.060	15428.000	29.000	93.324212	19.5514225	190.204090	142.665194	7.16526555	223.914548	36	19.8171745	5.77396037	180.436262
7	9:19:19	12.28	90.970	27.280	15375.000	29.000	91.395425	19.1473416	186.273029	139.716647	7.01717675	219.286773	36	19.8171745	5.65462650	176.707078
7	9:19:34	12.53	93.550	26.990	15396.000	29.000	93.948453	19.6822009	191.476355	143.619474	7.21319364	225.412301	36	19.8171745	5.81258209	181.643190
7	9:19:48	12.78	93.830	26.960	15418.000	29.000	94.217568	19.7385804	192.024837	144.030870	7.23385576	226.057992	36	19.8171745	5.82923217	182.163505
7	9:20:04	13.03	93.030	27.050	15390.000	29.000	93.413075	19.5700391	190.385200	142.801038	7.17208823	224.127757	36	19.8171745	5.77945826	180.608071
7	9:20:18	13.28	93.020	27.050	15424.000	29.000	93.413075	19.5700391	190.385200	142.801038	7.17208823	224.127757	36	19.8171745	5.77945826	180.608071
7	9:20:33	13.53	91.870	27.180	15386.000	29.000	92.265979	19.3297226	188.047304	141.047467	7.08401629	221.375509	36	19.8171745	5.70848757	178.390236
7	9:20:48	13.78	91.520	27.220	15416.000	29.000	91.916534	19.2565139	187.335100	140.513269	7.05718653	220.537079	36	19.8171745	5.68686744	177.714608
7	9:21:03	14.03	92.400	27.120	15401.000	29.000	92.793230	19.4401817	189.121895	141.853479	7.12449769	222.640553	36	19.8171745	5.74110855	179.409642
7	9:21:18	14.28	92.290	27.130	15438.000	29.000	92.705097	19.4217178	188.942270	141.718749	7.11773097	222.429093	36	19.8171745	5.73565575	179.239242
7	9:21:34	14.53	92.180	27.140	15348.000	29.000	92.617067	19.4032755	188.762856	141.584177	7.11097219	222.217881	36	19.8171745	5.73020935	179.069042
7	9:21:49	14.78	92.600	27.100	15393.000	29.000	92.969808	19.4771748	189.481778	142.123414	7.13805502	223.064219	36	19.8171745	5.75203340	179.751044
7	9:22:03	15.03	93.300	27.020	15375.000	29.000	93.680290	19.6260208	190.929812	143.209532	7.19260457	224.768893	36	19.8171745	5.79599088	181.124715
7	9:22:19	15.28	93.090	27.040	15360.000	29.000	93.502041	19.5886777	190.566523	142.937042	7.17891895	224.341217	36	19.8171745	5.78496264	180.780083
7	9:22:33	15.53	92.610	27.100	15394.000	29.000	92.969808	19.4771748	189.481778	142.123414	7.13805502	223.064219	36	19.8171745	5.75203340	179.751044
7	9:22:49	15.78	93.680	26.970	15392.000	29.000	94.127757	19.7197650	191.841794	143.893576	7.22696025	225.842508	36	19.8171745	5.82367559	181.989862
7	9:23:03	16.03	93.370	27.010	15330.000	29.000	93.769572	19.6447254	191.111778	143.346018	7.19945950	224.983109	36	19.8171745	5.80151476	181.297336
7	9:23:19	16.28	92.560	27.100	15397.000	29.000	92.969808	19.4771748	189.481778	142.123414	7.13805502	223.064219	36	19.8171745	5.75203340	179.751044
7	9:23:34	16.53	92.000	27.160	15408.000	29.000	92.441317	19.3664559	188.404660	141.315507	7.09747842	221.796201	36	19.8171745	5.71933571	178.729241
7	9:23:49	16.79	92.390	27.120	15384.000	29.000	92.793230	19.4401817	189.121895	141.853479	7.12449769	222.640553	36	19.8171745	5.74110855	179.409642
7	9:24:04	17.03	93.880	26.950	15402.000	29.000	94.307485	19.7574180	192.208097	144.168327	7.24075942	226.273732	36	19.8171745	5.83479533	182.337354
7	9:24:18	17.28	92.700	27.080	15374.000	29.000	93.146802	19.5142549	189.842509	142.393985	7.15164427	223.488883	36	19.8171745	5.76298398	180.093249
7	9:24:33	17.53	92.870	27.070	15392.000	29.000	93.235455	19.5328278	190.023193	142.529510	7.15845090	223.701591	36	19.8171745	5.76846895	180.264655
7	9:24:49	17.79	92.810	27.070	15444.000	29.000	93.235455	19.5328278	190.023193	142.529510	7.15845090	223.701591	36	19.8171745	5.76846895	180.264655
7	9:25:03	18.03	91.800	27.190	15389.000	29.000	92.178464	19.3113882	187.868940	140.913683	7.07729705	221.165533	36	19.8171745	5.70307303	178.221032
7	9:25:18	18.28	93.030	27.050	15340.000	29.000	93.413075	19.5700391	190.385200	142.801038	7.17208823	224.127757	36	19.8171745	5.77945826	180.608071
7	9:25:34	18.54	91.970	27.170	15374.000	29.000	92.353597	19.3480785	188.225877	141.181408	7.09074341	221.585731	36	19.8171745	5.71390846	178.559639
7	9:25:49	18.80	92.440	27.110	15351.000	29.000	92.881467	19.4586674	189.301731	141.988367	7.13127237	222.852261	36	19.8171745	5.74656777	179.580243
7	9:26:04	19.05	93.570	26.990	15320.000	29.000	93.948453	19.6822009	191.476355	143.619474	7.21319364	225.412301	36	19.8171745	5.81258209	181.643190
7	9:26:19	19.28	92.250	27.140	15464.000	29.000	92.617067	19.4032755	188.762856	141.584177	7.11097219	222.217881	36	19.8171745	5.73020935	179.069042
7	9:26:34	19.55	91.510	27.220	15473.000	29.000	91.916534	19.2565139	187.335100	140.513269	7.05718653	220.537079	36	19.8171745	5.68686744	177.714608
7	9:26:49	19.78	92.930	27.060	15497.000	29.000	93.324212	19.5514225	190.204090	142.665194	7.16526555	223.914548	36	19.8171745	5.77396037	180.436262
7	9:27:04	20.03	93.110	27.040	15466.000	29.000	93.502041	19.5886777	190.566523	142.937042	7.17891895	224.341217	36	19.8171745	5.78496264	180.780083
7	9:27:18	20.28	92.470	27.110	15486.000	29.000	92.881467	19.4586674	189.301731	141.988367	7.13127237	222.852261	36	19.8171745	5.74656777	179.580243
7	9:27:33	20.53	91.900	27.180	15475.000	29.000	92.265979	19.3297226	188.047304	141.047467	7.08401629	221.375509	36	19.8171745	5.70848757	178.390236
7	9:27:48	20.78	93.520	26.990	15481.000	29.000	93.948453	19.6822009	191.476355	143.619474	7.21319364	225.412301	36	19.8171745	5.81258209	181.643190
7	9:28:03	21.03	92.270	27.130	15472.000	29.000	92.705097	19.4217178	188.942270	141.718749	7.11773097	222.429093	36	19.8171745	5.73565575	179.239242
7	9:28:19	21.28	92.650	27.090	15486.000	29.000	93.058253	19.4957040	189.662037	142.258620	7.14484565	223.276426	36	19.8171745	5.75750547	179.922046
7	9:28:34	21.53	93.180	27.030	15464.000	29.000	93.591113	19.6073382	190.748061	143.073207	7.18575773	224.554929	36	19.8171745	5.79047351	180.952297
7	9:28:49	21.78	92.680	27.090	15470.000	29.000	93.058253	19.4957040	189.662037	142.258620	7.14484565	223.276426	36	19.8171745	5.75750547	179.922046
7	9:29:04	22.03	92.770	27.080	15485.000	29.000	93.146802	19.5142549	189.842509	142.393985	7.15164427	223.488883	36	19.8171745	5.76298398	180.093249
7	9:29:18	22.28	93.130	27.040	15490.000	29.000	93.502041	19.5886777	190.566523	142.937042	7.17891895	224.341217	36	19.8171745	5.78496264	180.780083
7	9:29:33	22.53	91.800	27.190	15480.000	29.000	92.178464	19.3113882	187.868940	140.913683	7.07729705	221.165533	36	19.8171745	5.70307303	178.221032
7	9:29:48	22.78	93.310	27.020	15452.000	29.000	93.680290	19.6260208	190.929812	143.209532	7.19260457	224.768893	36	19.8171745	5.79599088	181.124715
7	9:30:03	23.03	92.270	27.130	15442.000	29.000	92.705097	19.4217178	188.942270	141.718749	7.11773097	222.429093	36	19.8171745	5.73565575	179.239242
7	9:30:19	23.28	92.970	27.050	15478.000	29.000	93.413075	19.5700391	190.385200	142.801038	7.17208823	224.127757	36	19.8171745	5.77945826	180.608071
7	9:30:34	23.53	92.710	27.080	15470.000	29.000	93.146802	19.5142549	189.842509	142.393985	7.15164427	223.488883	36	19.8171745	5.76298398	180.093249
7	9:30:49	23.78	93.400	27.010	15494.000	29.000	93.769572	19.6447254	191.111778	143.346018	7.19945950	224.983109	36	19.8171745	5.80151476	181.297336
7	9:31:04	24.05	92.970	27.050	15464.000	29.000	93.413075	19.5700391	190.385200	142.801038	7.17208823	224.127757	36	19.8171745	5.77945826	180.608071
7	9:31:19	24.28	92.080	27.160	15495.000	29.000	92.441317	19.3664559	188.404660	141.315507	7.09747842	221.796201	36	19.8171745	5.71933571	178.729241
7	9:31:34	24.55	91.980	27.170	15503.000	29.000	92.353597	19.3480785	188.225877	141.181408	7.09074341	221.585731	36	19.8171745	5.71390846	178.559639
7	9:31:49	24.78	92.490	27.110	15488.000	29.000	92.881467	19.4586674	189.301731	141.988367	7.13127237	222.852261	36	19.8171745	5.74656777	179.580243
7	9:32:04	25.05	92.390	27.120	15470.000	29.000	92.793230	19.4401817	189.121895	141.853479	7.12449769	222.640553	36	19.8171745	5.74110855	179.409642
7	9:32:19	25.28	92.420	27.120	15473.000	29.000	92.793230	19.4401817	189.121895	141.853479	7.12449769	222.640553	36	19.8171745	5.74110855	179.409642
7	9:32:34	25.55	91.710	27.200	15468.000	29.000	92.091052	19.2930753	187.690785	140.780055	7.07058569	220.955803	36	19.8171745	5.69766484	178.052026
7	9:32:49	25.78	91.670	27.200	15484.000	29.000	92.091052	19.2930753	187.690785	140.780055	7.07058569	220.955803	36	19.8171745	5.69766484	178.052026
7	9:33:04	26.03	93.450	27.000	15468.000	29.000	93.858960	19.6634521	191.293959	143.482665	7.20632251	225.197579	36	19.8171745	5.80704516	181.470161
7	9:33:19	26.28	92.390	27.120	15486.000	29.000	92.793230	19.4401817	189.121895	141.853479	7.12449769	222.640553	36	19.8171745	5.74110855	179.409642
7	9:33:34	26.53	92.380	27.120	15471.000	29.000	92.793230	19.4401817	189.121895	141.853479	7.12449769	222.640553	36	19.8171745	5.74110855	179.409642
7	9:33:49	26.80	91.620	27.210	15478.000	29.000	92.003742	19.2747839	187.512838	140.646584	7.06388219	220.746318	36	19.8171745	5.69226298	177.883218
7	9:34:04	27.03	92.340	27.130	15475.000	29.000	92.705097	19.4217178	188.942270	141.718749	7.11773097	222.429093	36	19.8171745	5.73565575	179.239242
7	9:34:19	27.28	91.920	27.170	15490.000	29.000	92.353597	19.3480785	188.225877	141.181408	7.09074341	221.585731	36	19.8171745	5.71390846	178.559639
7	9:34:34	27.53	92.300	27.130	15460.000	29.000	92.705097	19.4217178	188.942270	141.718749	7.11773097	222.429093	36	19.8171745	5.73565575	179.239242
7	9:34:49	27.80	92.830	27.070	15509.000	29.000	93.235455	19.5328278	190.023193	142.529510	7.15845090	223.701591	36	19.8171745	5.76846895	180.264655
7	9:35:04	28.04	92.710	27.080	15473.000	29.000	93.146802	19.5142549	189.842509	142.393985	7.15164427	223.488883	36	19.8171745	5.76298398	180.093249
7	9:35:19	28.30	91.780	27.190	15471.000	29.000	92.178464	19.3113882	187.868940	140.913683	7.07729705	221.165533	36	19.8171745	5.70307303	178.221032
7	9:35:34	28.53	92.260	27.130	15486.000	29.000	92.705097	19.4217178	188.942270	141.718749	7.11773097	222.429093	36	19.8171745	5.73565575	179.239242
7	9:35:49	28.78	91.520	27.220	15503.000	29.000	91.916534	19.2565139	187.335100	140.513269	7.05718653	220.537079	36	19.8171745	5.68686744	177.714608
7	9:36:04	29.03	92.570	27.100	15489.000	29.000	92.969808	19.4771748	189.481778	142.123414	7.13805502	223.064219	36	19.8171745	5.75203340	179.751044
7	9:36:19	29.30	91.770	27.190	15499.000	29.000	92.178464	19.3113882	187.868940	140.913683	7.07729705	221.165533	36	19.8171745	5.70307303	178.221032
7	9:36:34	29.54	92.560	27.100	15516.000	29.000	92.969808	19.4771748	189.481778	142.123414	7.13805502	223.064219	36	19.8171745	5.75203340	179.751044
7	9:36:49	29.80	91.970	27.170	15486.000	29.000	92.353597	19.3480785	188.225877	141.181408	7.09074341	221.585731	36	19.8171745	5.71390846	178.559639
7	9:37:04	30.03	92.620	27.090	15496.000	29.000	93.058253	19.4957040	189.662037	142.258620	7.14484565	223.276426	36	19.8171745	5.75750547	179.922046
7	9:37:19	30.29	92.090	27.150	15499.000	29.000	92.529140	19.3848549	188.583653	141.449763	7.10422134	222.006917	36	19.8171745	5.72476934	178.899042
7	9:37:34	30.53	92.070	27.160	15505.000	29.000	92.441317	19.3664559	188.404660	141.315507	7.09747842	221.796201	36	19.8171745	5.71933571	178.729241
7	9:37:48	30.78	91.770	27.190	15497.000	29.000	92.178464	19.3113882	187.868940	140.913683	7.07729705	221.165533	36	19.8171745	5.70307303	178.221032
7	9:38:04	31.05	93.070	27.040	15457.000	29.000	93.502041	19.5886777	190.566523	142.937042	7.17891895	224.341217	36	19.8171745	5.78496264	180.780083
7	9:38:19	31.29	91.130	27.260	15478.000	29.000	91.568722	19.1836473	186.626225	139.981567	7.03048216	219.702567	36	19.8171745	5.66534835	177.042136
7	9:38:34	31.54	92.240	27.140	15499.000	29.000	92.617067	19.4032755	188.762856	141.584177	7.11097219	222.217881	36	19.8171745	5.73020935	179.069042
7	9:38:49	31.78	92.560	27.100	15509.000	29.000	92.969808	19.4771748	189.481778	142.123414	7.13805502	223.064219	36	19.8171745	5.75203340	179.751044
7	9:39:04	32.03	92.170	27.150	15491.000	29.000	92.529140	19.3848549	188.583653	141.449763	7.10422134	222.006917	36	19.8171745	5.72476934	178.899042
7	9:39:19	32.30	93.030	27.050	15498.000	29.000	93.413075	19.5700391	190.385200	142.801038	7.17208823	224.127757	36	19.8171745	5.77945826	180.608071
7	9:39:33	32.53	91.960	27.170	15487.000	29.000	92.353597	19.3480785	188.225877	141.181408	7.09074341	221.585731	36	19.8171745	5.71390846	178.559639
7	9:39:48	32.78	92.460	27.110	15474.000	29.000	92.881467	19.4586674	189.301731	141.988367	7.13127237	222.852261	36	19.8171745	5.74656777	179.580243
7	9:40:04	33.04	91.240	27.250	15454.000	29.000	91.655523	19.2018320	186.803133	140.114259	7.03714654	219.910829	36	19.8171745	5.67071868	177.209959
7	9:40:18	33.28	91.620	27.210	15488.000	29.000	92.003742	19.2747839	187.512838	140.646584	7.06388219	220.746318	36	19.8171745	5.69226298	177.883218
7	9:40:33	33.53	91.610	27.210	15473.000	29.000	92.003742	19.2747839	187.512838	140.646584	7.06388219	220.746318	36	19.8171745	5.69226298	177.883218
7	9:40:48	33.78	92.920	27.060	15484.000	29.000	93.324212	19.5514225	190.204090	142.665194	7.16526555	223.914548	36	19.8171745	5.77396037	180.436262
7	9:41:03	34.03	92.050	27.160	15525.000	29.000	92.441317	19.3664559	188.404660	141.315507	7.09747842	221.796201	36	19.8171745	5.71933571	178.729241
7	9:41:19	34.28	92.170	27.150	15487.000	29.000	92.529140	19.3848549	188.583653	141.449763	7.10422134	222.006917	36	19.8171745	5.72476934	178.899042
7	9:41:33	34.53	92.110	27.150	15516.000	29.000	92.529140	19.3848549	188.583653	141.449763	7.10422134	222.006917	36	19.8171745	5.72476934	178.899042
7	9:41:49	34.79	92.280	27.130	15485.000	29.000	92.705097	19.4217178	188.942270	141.718749	7.11773097	222.429093	36	19.8171745	5.73565575	179.239242
7	9:42:03	35.03	91.990	27.170	15476.000	29.000	92.353597	19.3480785	188.225877	141.181408	7.09074341	221.585731	36	19.8171745	5.71390846	178.559639
7	9:42:18	35.28	91.760	27.190	15527.000	29.000	92.178464	19.3113882	187.868940	140.913683	7.07729705	221.165533	36	19.8171745	5.70307303	178.221032
7	9:42:34	35.53	93.040	27.050	15389.000	29.000	93.413075	19.5700391	190.385200	142.801038	7.17208823	224.127757	36	19.8171745	5.77945826	180.608071
7	9:42:49	35.80	91.240	27.250	15331.000	29.000	91.655523	19.2018320	186.803133	140.114259	7.03714654	219.910829	36	19.8171745	5.67071868	177.209959
7	9:43:04	36.03	92.140	27.150	15361.000	29.000	92.529140	19.3848549	188.583653	141.449763	7.10422134	222.006917	36	19.8171745	5.72476934	178.899042
7	9:43:18	36.28	91.870	27.180	15351.000	29.000	92.265979	19.3297226	188.047304	141.047467	7.08401629	221.375509	36	19.8171745	5.70848757	178.390236
7	9:43:34	36.53	92.490	27.110	15318.000	29.000	92.881467	19.4586674	189.301731	141.988367	7.13127237	222.852261	36	19.8171745	5.74656777	179.580243
7	9:43:49	36.79	92.380	27.120	15283.000	29.000	92.793230	19.4401817	189.121895	141.853479	7.12449769	222.640553	36	19.8171745	5.74110855	179.409642
7	9:44:04	37.04	90.720	27.310	15286.000	29.000	91.136238	19.0930420	185.744780	139.320427	6.99727684	218.664901	36	19.8171745	5.63859063	176.205957
7	9:44:19	37.29	91.840	27.180	15271.000	29.000	92.265979	19.3297226	188.047304	141.047467	7.08401629	221.375509	36	19.8171745	5.70848757	178.390236
7	9:44:34	37.53	92.200	27.140	15276.000	29.000	92.617067	19.4032755	188.762856	141.584177	7.11097219	222.217881	36	19.8171745	5.73020935	179.069042
7	9:44:49	37.78	92.170	27.150	15260.000	29.000	92.529140	19.3848549	188.583653	141.449763	7.10422134	222.006917	36	19.8171745	5.72476934	178.899042
7	9:45:04	38.03	92.870	27.070	15274.000	29.000	93.235455	19.5328278	190.023193	142.529510	7.15845090	223.701591	36	19.8171745	5.76846895	180.264655
7	9:45:19	38.30	93.010	27.050	15272.000	29.000	93.413075	19.5700391	190.385200	142.801038	7.17208823	224.127757	36	19.8171745	5.77945826	180.608071
7	9:45:34	38.53	91.730	27.200	15254.000	29.000	92.091052	19.2930753	187.690785	140.780055	7.07058569	220.955803	36	19.8171745	5.69766484	178.052026
7	9:45:49	38.78	92.240	27.140	15264.000	29.000	92.617067	19.4032755	188.762856	141.584177	7.11097219	222.217881	36	19.8171745	5.73020935	179.069042
7	9:46:04	39.03	91.710	27.200	15257.000	29.000	92.091052	19.2930753	187.690785	140.780055	7.07058569	220.955803	36	19.8171745	5.69766484	178.052026
7	9:46:19	39.29	91.510	27.220	15268.000	29.000	91.916534	19.2565139	187.335100	140.513269	7.05718653	220.537079	36	19.8171745	5.68686744	177.714608
7	9:46:34	39.55	91.270	27.250	15269.000	29.000	91.655523	19.2018320	186.803133	140.114259	7.03714654	219.910829	36	19.8171745	5.67071868	177.209959
7	9:46:49	39.79	92.190	27.140	15246.000	29.000	92.617067	19.4032755	188.762856	141.584177	7.11097219	222.217881	36	19.8171745	5.73020935	179.069042
7	9:47:04	40.05	93.060	27.040	15234.000	29.000	93.502041	19.5886777	190.566523	142.937042	7.17891895	224.341217	36	19.8171745	5.78496264	180.780083
7	9:47:19	40.28	92.470	27.110	15267.000	29.000	92.881467	19.4586674	189.301731	141.988367	7.13127237	222.852261	36	19.8171745	5.74656777	179.580243
7	9:47:34	40.54	91.540	27.220	15226.000	29.000	91.916534	19.2565139	187.335100	140.513269	7.05718653	220.537079	36	19.8171745	5.68686744	177.714608
7	9:47:49	40.78	91.640	27.210	15255.000	29.000	92.003742	19.2747839	187.512838	140.646584	7.06388219	220.746318	36	19.8171745	5.69226298	177.883218
7	9:48:04	41.05	91.960	27.170	15207.000	29.000	92.353597	19.3480785	188.225877	141.181408	7.09074341	221.585731	36	19.8171745	5.71390846	178.559639
7	9:48:19	41.28	91.090	27.270	15232.000	29.000	91.482023	19.1654838	186.449523	139.849030	7.02382556	219.494549	36	19.8171745	5.65998429	176.874509
7	9:48:34	41.55	92.430	27.120	15279.000	29.000	92.793230	19.4401817	189.121895	141.853479	7.12449769	222.640553	36	19.8171745	5.74110855	179.409642
7	9:48:49	41.78	91.040	27.280	15276.000	29.000	91.395425	19.1473416	186.273029	139.716647	7.01717675	219.286773	36	19.8171745	5.65462650	176.707078
7	9:49:04	42.03	92.110	27.150	15268.000	29.000	92.529140	19.3848549	188.583653	141.449763	7.10422134	222.006917	36	19.8171745	5.72476934	178.899042
7	9:49:19	42.28	92.570	27.100	15304.000	29.000	92.969808	19.4771748	189.481778	142.123414	7.13805502	223.064219	36	19.8171745	5.75203340	179.751044
7	9:49:33	42.53	91.780	27.190	15261.000	29.000	92.178464	19.3113882	187.868940	140.913683	7.07729705	221.165533	36	19.8171745	5.70307303	178.221032
7	9:49:48	42.78	91.670	27.200	15272.000	29.000	92.091052	19.2930753	187.690785	140.780055	7.07058569	220.955803	36	19.8171745	5.69766484	178.052026
7	9:50:03	43.03	91.670	27.200	15252.000	29.000	92.091052	19.2930753	187.690785	140.780055	7.07058569	220.955803	36	19.8171745	5.69766484	178.052026
7	9:50:19	43.28	91.440	27.230	15261.000	29.000	91.829428	19.2382652	187.157570	140.380110	7.05049871	220.328085	36	19.8171745	5.68147822	177.546194
7	9:50:33	43.53	92.770	27.080	15254.000	29.000	93.146802	19.5142549	189.842509	142.393985	7.15164427	223.488883	36	19.8171745	5.76298398	180.093249
7	9:50:49	43.78	91.080	27.270	15294.000	29.000	91.482023	19.1654838	186.449523	139.849030	7.02382556	219.494549	36	19.8171745	5.65998429	176.874509
7	9:51:04	44.03	92.000	27.160	15326.000	29.000	92.441317	19.3664559	188.404660	141.315507	7.09747842	221.796201	36	19.8171745	5.71933571	178.729241
7	9:51:19	44.28	90.870	27.290	15299.000	29.000	91.308929	19.1292206	186.096740	139.584420	7.01053570	219.079240	36	19.8171745	5.64927496	176.539843
7	9:51:33	44.53	91.150	27.260	15276.000	29.000	91.568722	19.1836473	186.626225	139.981567	7.03048216	219.702567	36	19.8171745	5.66534835	177.042136
