Chamber	Time/hh:mm:ss	Logtime/min	Oxy/% air sat.	Phase/°	Amp	Temp/°C	% air-sat.	% oxygen	pO2 (hPa)	pO2 (Torr)	cO2 [mg/L]	cO2 [µmol/L]	Salinity	chlorinity	SalCorcO2 [mg/L]	SalCorcO2 [µmol/L]
6	17:13:26 PM	0.00	91.880	27.180	16638.000	29.000	90.314556	18.9208995	184.070109	138.064317	6.93418953	216.693423	35	19.3739612	5.61792659	175.560206
6	17:13:27 PM	0.02	91.540	27.220	16604.000	29.000	89.973654	18.8494805	183.375316	137.543178	6.90801570	215.875491	35	19.3739612	5.59672113	174.897535
6	17:13:36 PM	0.18	91.620	27.210	16605.000	29.000	90.058730	18.8673040	183.548710	137.673235	6.91454768	216.079615	35	19.3739612	5.60201320	175.062912
6	17:13:52 PM	0.44	90.910	27.290	16573.000	29.000	89.380897	18.7252979	182.167218	136.637027	6.86250486	214.453277	35	19.3739612	5.55984926	173.745289
6	17:14:06 PM	0.68	89.380	27.470	16572.000	29.000	87.878676	18.4105827	179.105542	134.340575	6.74716707	210.848971	35	19.3739612	5.46640514	170.825161
6	17:14:21 PM	0.93	90.230	27.370	16574.000	29.000	88.709359	18.5846107	180.798556	135.610444	6.81094539	212.842044	35	19.3739612	5.51807692	172.439904
6	17:14:36 PM	1.18	89.290	27.480	16564.000	29.000	87.796137	18.3932907	178.937319	134.214397	6.74082986	210.650933	35	19.3739612	5.46127087	170.664715
6	17:14:51 PM	1.43	92.500	27.110	16569.000	29.000	90.914990	19.0466904	185.293853	138.982203	6.98028976	218.134055	35	19.3739612	5.65527597	176.727374
6	17:15:06 PM	1.68	91.810	27.190	16593.000	29.000	90.229181	18.9030134	183.896106	137.933804	6.92763459	216.488581	35	19.3739612	5.61261592	175.394247
6	17:15:21 PM	1.93	90.510	27.340	16603.000	29.000	88.960453	18.6372148	181.310311	135.994292	6.83022391	213.444497	35	19.3739612	5.53369595	172.927998
6	17:15:36 PM	2.18	91.870	27.180	16593.000	29.000	90.314556	18.9208995	184.070109	138.064317	6.93418953	216.693423	35	19.3739612	5.61792659	175.560206
6	17:15:51 PM	2.43	92.350	27.120	16596.000	29.000	90.828912	19.0286570	185.118417	138.850615	6.97368084	217.927526	35	19.3739612	5.64992157	176.560049
6	17:16:06 PM	2.68	90.990	27.280	16575.000	29.000	89.465280	18.7429762	182.339199	136.766025	6.86898366	214.655739	35	19.3739612	5.56509824	173.909320
6	17:16:21 PM	2.93	93.350	27.010	16518.000	29.000	91.781354	19.2281937	187.059590	140.306618	7.04680765	220.212739	35	19.3739612	5.70916729	178.411478
6	17:16:36 PM	3.18	91.640	27.210	16542.000	29.000	90.058730	18.8673040	183.548710	137.673235	6.91454768	216.079615	35	19.3739612	5.60201320	175.062912
6	17:16:51 PM	3.43	91.680	27.200	16538.000	29.000	90.143906	18.8851482	183.722306	137.803443	6.92108731	216.283978	35	19.3739612	5.60731146	175.228483
6	17:17:06 PM	3.68	90.800	27.300	16446.000	29.000	89.296612	18.7076402	181.995437	136.508181	6.85603361	214.251050	35	19.3739612	5.55460639	173.581450
6	17:17:21 PM	3.93	92.180	27.140	16528.000	29.000	90.657058	18.9926536	184.768162	138.587901	6.96048621	217.515194	35	19.3739612	5.63923157	176.225987
6	17:17:36 PM	4.18	92.080	27.160	16500.000	29.000	90.485606	18.9567345	184.418726	138.325802	6.94732247	217.103827	35	19.3739612	5.62856660	175.892706
6	17:17:51 PM	4.42	93.310	27.020	16528.000	29.000	91.694259	19.2099472	186.882080	140.173475	7.04012062	220.003769	35	19.3739612	5.70374961	178.242175
6	17:18:06 PM	4.68	91.100	27.270	16459.000	29.000	89.549762	18.7606751	182.511382	136.895172	6.87547002	214.858438	35	19.3739612	5.57035335	174.073542
6	17:18:21 PM	4.93	93.270	27.020	16470.000	29.000	91.694259	19.2099472	186.882080	140.173475	7.04012062	220.003769	35	19.3739612	5.70374961	178.242175
6	17:18:36 PM	5.17	93.870	26.950	16424.000	29.000	92.306086	19.3381250	188.129046	141.108778	7.08709561	221.471738	35	19.3739612	5.74180771	179.431491
6	17:18:51 PM	5.43	93.530	26.990	16439.000	29.000	91.955853	19.2647511	187.415236	140.573375	7.06020535	220.631417	35	19.3739612	5.72002181	178.750681
6	17:19:06 PM	5.67	92.250	27.140	16435.000	29.000	90.657058	18.9926536	184.768162	138.587901	6.96048621	217.515194	35	19.3739612	5.63923157	176.225987
6	17:19:21 PM	5.92	93.200	27.030	16427.000	29.000	91.607266	19.1917221	186.704780	140.040488	7.03344145	219.795045	35	19.3739612	5.69833829	178.073072
6	17:19:36 PM	6.17	94.650	26.870	16380.000	29.000	93.011529	19.4859154	189.566810	142.187194	7.14125831	223.164322	35	19.3739612	5.78568912	180.802785
6	17:19:51 PM	6.42	92.680	27.090	16310.000	29.000	91.087449	19.0828207	185.645343	139.245843	6.99353091	218.547841	35	19.3739612	5.66600365	177.062614
6	17:20:06 PM	6.68	94.790	26.850	16324.000	29.000	93.188935	19.5230818	189.928380	142.458394	7.15487916	223.589974	35	19.3739612	5.79672443	181.147638
6	17:20:21 PM	6.93	93.490	27.000	16368.000	29.000	91.868552	19.2464616	187.237308	140.439918	7.05350255	220.421955	35	19.3739612	5.71459135	178.580980
6	17:20:36 PM	7.18	92.250	27.140	16321.000	29.000	90.657058	18.9926536	184.768162	138.587901	6.96048621	217.515194	35	19.3739612	5.63923157	176.225987
6	17:20:51 PM	7.43	91.410	27.230	16293.000	29.000	89.888677	18.8316779	183.202125	137.413274	6.90149134	215.671605	35	19.3739612	5.59143524	174.732351
6	17:21:06 PM	7.68	93.360	27.010	16301.000	29.000	91.781354	19.2281937	187.059590	140.306618	7.04680765	220.212739	35	19.3739612	5.70916729	178.411478
6	17:21:21 PM	7.93	94.230	26.910	16322.000	29.000	92.657975	19.4118457	188.846231	141.646713	7.11411301	222.316032	35	19.3739612	5.76369660	180.115519
6	17:21:36 PM	8.18	94.320	26.900	16278.000	29.000	92.746207	19.4303303	189.026056	141.781594	7.12088732	222.527729	35	19.3739612	5.76918499	180.287031
6	17:21:51 PM	8.43	95.390	26.790	16213.000	29.000	93.723676	19.6351102	191.018237	143.275856	7.19593566	224.872990	35	19.3739612	5.82998750	182.187109
6	17:22:06 PM	8.68	93.500	26.990	16273.000	29.000	91.955853	19.2647511	187.415236	140.573375	7.06020535	220.631417	35	19.3739612	5.72002181	178.750681
6	17:22:21 PM	8.93	95.290	26.800	16267.000	29.000	93.634289	19.6163834	190.836056	143.139209	7.18907264	224.658520	35	19.3739612	5.82442723	182.013351
6	17:22:36 PM	9.18	93.420	27.000	16214.000	29.000	91.868552	19.2464616	187.237308	140.439918	7.05350255	220.421955	35	19.3739612	5.71459135	178.580980
6	17:22:51 PM	9.42	95.180	26.810	16248.000	29.000	93.545007	19.5976789	190.654091	143.002723	7.18221774	224.444304	35	19.3739612	5.81887354	181.839798
6	17:23:06 PM	9.67	93.030	27.050	16218.000	29.000	91.433586	19.1553363	186.350804	139.774984	7.02010666	219.378333	35	19.3739612	5.68753474	177.735461
6	17:23:21 PM	9.92	94.790	26.850	16241.000	29.000	93.188935	19.5230818	189.928380	142.458394	7.15487916	223.589974	35	19.3739612	5.79672443	181.147638
6	17:23:36 PM	10.17	94.690	26.860	16221.000	29.000	93.100180	19.5044876	189.747488	142.322714	7.14806471	223.377022	35	19.3739612	5.79120351	180.975110
6	17:23:51 PM	10.42	96.440	26.670	16206.000	29.000	94.804642	19.8615726	193.221354	144.928334	7.27893030	227.466572	35	19.3739612	5.89722791	184.288372
6	17:24:06 PM	10.67	94.660	26.870	16158.000	29.000	93.011529	19.4859154	189.566810	142.187194	7.14125831	223.164322	35	19.3739612	5.78568912	180.802785
6	17:24:21 PM	10.92	96.950	26.620	16164.000	29.000	95.259616	19.9568895	194.148635	145.623855	7.31386235	228.558198	35	19.3739612	5.92552908	185.172784
6	17:24:36 PM	11.17	95.920	26.730	16178.000	29.000	94.262234	19.7479380	192.115872	144.099152	7.23728516	226.165161	35	19.3739612	5.86348795	183.233998
6	17:24:51 PM	11.42	96.350	26.680	16130.000	29.000	94.713972	19.8425771	193.036559	144.789726	7.27196880	227.249025	35	19.3739612	5.89158786	184.112121
6	17:25:06 PM	11.67	96.010	26.720	16134.000	29.000	94.352367	19.7668209	192.299572	144.236939	7.24420541	226.381419	35	19.3739612	5.86909458	183.409206
6	17:25:21 PM	11.92	94.840	26.850	16089.000	29.000	93.188935	19.5230818	189.928380	142.458394	7.15487916	223.589974	35	19.3739612	5.79672443	181.147638
6	17:25:36 PM	12.17	97.290	26.580	16065.000	29.000	95.625551	20.0335529	194.894448	146.183262	7.34195819	229.436193	35	19.3739612	5.94829171	185.884116
6	17:25:51 PM	12.42	96.160	26.700	16136.000	29.000	94.532955	19.8046540	192.667627	144.513004	7.25807061	226.814706	35	19.3739612	5.88032785	183.760245
6	17:26:06 PM	12.67	94.060	26.930	16056.000	29.000	92.481823	19.3749418	188.487215	141.377428	7.10058838	221.893387	35	19.3739612	5.75273924	179.773101
6	17:26:21 PM	12.92	95.730	26.750	16032.000	29.000	94.082289	19.7102395	191.749125	143.824069	7.22346928	225.733415	35	19.3739612	5.85229462	182.884207
6	17:26:36 PM	13.17	97.380	26.570	16031.000	29.000	95.717308	20.0527760	195.081458	146.323531	7.34900312	229.656348	35	19.3739612	5.95399936	186.062480
6	17:26:51 PM	13.43	96.640	26.650	16056.000	29.000	94.986307	19.8996313	193.591604	145.206046	7.29287817	227.902443	35	19.3739612	5.90852817	184.641505
6	17:27:06 PM	13.67	98.720	26.430	16043.000	29.000	97.013484	20.3243249	197.723194	148.305002	7.44852119	232.766287	35	19.3739612	6.03462669	188.582084
6	17:27:21 PM	13.92	93.940	26.950	16025.000	29.000	92.306086	19.3381250	188.129046	141.108778	7.08709561	221.471738	35	19.3739612	5.74180771	179.431491
6	17:27:36 PM	14.18	96.530	26.660	15954.000	29.000	94.895420	19.8805906	193.406369	145.067107	7.28590008	227.684378	35	19.3739612	5.90287468	184.464834
6	17:27:51 PM	14.43	96.330	26.680	16037.000	29.000	94.713972	19.8425771	193.036559	144.789726	7.27196880	227.249025	35	19.3739612	5.89158786	184.112121
6	17:28:06 PM	14.68	99.550	26.340	15963.000	29.000	97.858293	20.5013123	199.444999	149.596465	7.51338410	234.793253	35	19.3739612	6.08717718	190.224287
6	17:28:21 PM	14.93	96.910	26.620	15894.000	29.000	95.259616	19.9568895	194.148635	145.623855	7.31386235	228.558198	35	19.3739612	5.92552908	185.172784
6	17:28:36 PM	15.18	98.700	26.430	15891.000	29.000	97.013484	20.3243249	197.723194	148.305002	7.44852119	232.766287	35	19.3739612	6.03462669	188.582084
6	17:28:51 PM	15.43	97.130	26.600	15834.000	29.000	95.442365	19.9951755	194.521097	145.903225	7.32789352	228.996673	35	19.3739612	5.93689683	185.528026
6	17:29:06 PM	15.67	98.200	26.480	15815.000	29.000	96.548070	20.2268207	196.774634	147.593521	7.41278755	231.649611	35	19.3739612	6.00567609	187.677378
6	17:29:21 PM	15.92	97.050	26.610	15825.000	29.000	95.350936	19.9760211	194.334755	145.763456	7.32087375	228.777305	35	19.3739612	5.93120957	185.350299
6	17:29:36 PM	16.17	99.830	26.310	15826.000	29.000	98.141931	20.5607346	200.023083	150.030065	7.53516136	235.473792	35	19.3739612	6.10482063	190.775645
6	17:29:51 PM	16.42	98.920	26.410	15827.000	29.000	97.200431	20.3634904	198.104212	148.590789	7.46287469	233.214834	35	19.3739612	6.04625558	188.945487
6	17:30:06 PM	16.67	97.170	26.590	15777.000	29.000	95.533903	20.0143528	194.707661	146.043160	7.33492166	229.216302	35	19.3739612	5.94259087	185.705965
6	17:30:21 PM	16.92	97.760	26.530	15807.000	29.000	96.085433	20.1298981	195.831733	146.886285	7.37726708	230.539596	35	19.3739612	5.97689819	186.778069
6	17:30:36 PM	17.17	96.470	26.670	15802.000	29.000	94.804642	19.8615726	193.221354	144.928334	7.27893030	227.466572	35	19.3739612	5.89722791	184.288372
6	17:30:51 PM	17.42	99.160	26.380	15766.000	29.000	97.481695	20.4224151	198.677456	149.020759	7.48446962	233.889676	35	19.3739612	6.06375131	189.492228
6	17:31:06 PM	17.67	98.990	26.400	15802.000	29.000	97.294074	20.3831084	198.295064	148.733941	7.47006437	233.439511	35	19.3739612	6.05208050	189.127516
6	17:31:21 PM	17.92	96.750	26.640	15810.000	29.000	95.077301	19.9186946	193.777060	145.345150	7.29986457	228.120768	35	19.3739612	5.91418839	184.818387
6	17:31:36 PM	18.17	98.210	26.480	15834.000	29.000	96.548070	20.2268207	196.774634	147.593521	7.41278755	231.649611	35	19.3739612	6.00567609	187.677378
6	17:31:51 PM	18.42	97.800	26.530	15814.000	29.000	96.085433	20.1298981	195.831733	146.886285	7.37726708	230.539596	35	19.3739612	5.97689819	186.778069
6	17:32:06 PM	18.67	97.370	26.570	15808.000	29.000	95.717308	20.0527760	195.081458	146.323531	7.34900312	229.656348	35	19.3739612	5.95399936	186.062480
6	17:32:21 PM	18.92	97.650	26.540	15802.000	29.000	95.993236	20.1105830	195.643828	146.745344	7.37018843	230.318388	35	19.3739612	5.97116323	186.598851
6	17:32:36 PM	19.17	97.930	26.510	15826.000	29.000	96.270156	20.1685976	196.208217	147.168672	7.39144979	230.982806	35	19.3739612	5.98838871	187.137147
6	17:32:51 PM	19.42	98.430	26.460	15805.000	29.000	96.733901	20.2657523	197.153377	147.877602	7.42705533	232.095479	35	19.3739612	6.01723553	188.038610
6	17:33:06 PM	19.68	97.400	26.570	15856.000	29.000	95.717308	20.0527760	195.081458	146.323531	7.34900312	229.656348	35	19.3739612	5.95399936	186.062480
6	17:33:21 PM	19.92	96.230	26.690	15858.000	29.000	94.623409	19.8236043	192.851983	144.651283	7.26501557	227.031737	35	19.3739612	5.88595451	183.936078
6	17:33:36 PM	20.17	98.120	26.490	15858.000	29.000	96.455321	20.2073898	196.585603	147.451735	7.40566645	231.427077	35	19.3739612	5.99990673	187.497085
6	17:33:51 PM	20.42	100.860	26.210	15790.000	29.000	99.094826	20.7603660	201.965177	151.486759	7.60832288	237.760090	35	19.3739612	6.16409448	192.627952
6	17:34:06 PM	20.67	97.740	26.530	15884.000	29.000	96.085433	20.1298981	195.831733	146.886285	7.37726708	230.539596	35	19.3739612	5.97689819	186.778069
6	17:34:21 PM	20.92	97.060	26.600	15848.000	29.000	95.442365	19.9951755	194.521097	145.903225	7.32789352	228.996673	35	19.3739612	5.93689683	185.528026
6	17:34:36 PM	21.17	98.370	26.470	15881.000	29.000	96.640930	20.2462748	196.963892	147.735477	7.41991717	231.872412	35	19.3739612	6.01145235	187.857886
6	17:34:51 PM	21.42	96.380	26.680	15913.000	29.000	94.713972	19.8425771	193.036559	144.789726	7.27196880	227.249025	35	19.3739612	5.89158786	184.112121
6	17:35:06 PM	21.67	96.440	26.670	15827.000	29.000	94.804642	19.8615726	193.221354	144.928334	7.27893030	227.466572	35	19.3739612	5.89722791	184.288372
6	17:35:21 PM	21.92	97.970	26.510	15831.000	29.000	96.270156	20.1685976	196.208217	147.168672	7.39144979	230.982806	35	19.3739612	5.98838871	187.137147
6	17:35:36 PM	22.17	94.950	26.830	15867.000	29.000	93.366760	19.5603362	190.290806	142.730236	7.16853227	224.016633	35	19.3739612	5.80778588	181.493309
6	17:35:51 PM	22.42	97.740	26.530	15864.000	29.000	96.085433	20.1298981	195.831733	146.886285	7.37726708	230.539596	35	19.3739612	5.97689819	186.778069
6	17:36:06 PM	22.67	98.160	26.490	15934.000	29.000	96.455321	20.2073898	196.585603	147.451735	7.40566645	231.427077	35	19.3739612	5.99990673	187.497085
6	17:36:21 PM	22.92	96.400	26.680	15917.000	29.000	94.713972	19.8425771	193.036559	144.789726	7.27196880	227.249025	35	19.3739612	5.89158786	184.112121
6	17:36:36 PM	23.17	95.880	26.730	15933.000	29.000	94.262234	19.7479380	192.115872	144.099152	7.23728516	226.165161	35	19.3739612	5.86348795	183.233998
6	17:36:51 PM	23.42	96.850	26.630	15918.000	29.000	95.168404	19.9377807	193.962737	145.484419	7.30685929	228.339353	35	19.3739612	5.91985536	184.995480
6	17:37:06 PM	23.67	96.180	26.700	15951.000	29.000	94.532955	19.8046540	192.667627	144.513004	7.25807061	226.814706	35	19.3739612	5.88032785	183.760245
6	17:37:21 PM	23.92	96.010	26.720	16010.000	29.000	94.352367	19.7668209	192.299572	144.236939	7.24420541	226.381419	35	19.3739612	5.86909458	183.409206
6	17:37:36 PM	24.17	96.250	26.690	15961.000	29.000	94.623409	19.8236043	192.851983	144.651283	7.26501557	227.031737	35	19.3739612	5.88595451	183.936078
6	17:37:51 PM	24.42	95.910	26.730	16004.000	29.000	94.262234	19.7479380	192.115872	144.099152	7.23728516	226.165161	35	19.3739612	5.86348795	183.233998
6	17:38:06 PM	24.67	96.340	26.680	16018.000	29.000	94.713972	19.8425771	193.036559	144.789726	7.27196880	227.249025	35	19.3739612	5.89158786	184.112121
6	17:38:21 PM	24.92	94.980	26.830	16019.000	29.000	93.366760	19.5603362	190.290806	142.730236	7.16853227	224.016633	35	19.3739612	5.80778588	181.493309
6	17:38:36 PM	25.18	96.080	26.710	16053.000	29.000	94.442607	19.7857262	192.483490	144.374890	7.25113389	226.597934	35	19.3739612	5.87470788	183.584621
6	17:38:51 PM	25.42	94.030	26.940	16064.000	29.000	92.393902	19.3565225	188.308025	141.243024	7.09383802	221.682438	35	19.3739612	5.74727025	179.602195
6	17:39:06 PM	25.67	95.950	26.720	16030.000	29.000	94.352367	19.7668209	192.299572	144.236939	7.24420541	226.381419	35	19.3739612	5.86909458	183.409206
6	17:39:21 PM	25.92	96.040	26.710	16018.000	29.000	94.442607	19.7857262	192.483490	144.374890	7.25113389	226.597934	35	19.3739612	5.87470788	183.584621
6	17:39:36 PM	26.17	95.950	26.720	16043.000	29.000	94.352367	19.7668209	192.299572	144.236939	7.24420541	226.381419	35	19.3739612	5.86909458	183.409206
6	17:39:51 PM	26.42	94.380	26.900	16068.000	29.000	92.746207	19.4303303	189.026056	141.781594	7.12088732	222.527729	35	19.3739612	5.76918499	180.287031
6	17:40:06 PM	26.67	95.680	26.750	16073.000	29.000	94.082289	19.7102395	191.749125	143.824069	7.22346928	225.733415	35	19.3739612	5.85229462	182.884207
6	17:40:21 PM	26.92	96.340	26.680	16103.000	29.000	94.713972	19.8425771	193.036559	144.789726	7.27196880	227.249025	35	19.3739612	5.89158786	184.112121
6	17:40:36 PM	27.17	95.310	26.790	16102.000	29.000	93.723676	19.6351102	191.018237	143.275856	7.19593566	224.872990	35	19.3739612	5.82998750	182.187109
6	17:40:51 PM	27.42	95.480	26.780	16105.000	29.000	93.813170	19.6538591	191.200634	143.412666	7.20280683	225.087713	35	19.3739612	5.83555437	182.361074
6	17:41:06 PM	27.67	94.840	26.850	16093.000	29.000	93.188935	19.5230818	189.928380	142.458394	7.15487916	223.589974	35	19.3739612	5.79672443	181.147638
6	17:41:21 PM	27.92	94.220	26.910	16088.000	29.000	92.657975	19.4118457	188.846231	141.646713	7.11411301	222.316032	35	19.3739612	5.76369660	180.115519
6	17:41:36 PM	28.17	95.970	26.720	16128.000	29.000	94.352367	19.7668209	192.299572	144.236939	7.24420541	226.381419	35	19.3739612	5.86909458	183.409206
6	17:41:51 PM	28.42	95.640	26.760	16123.000	29.000	93.992476	19.6914237	191.566078	143.686772	7.21657362	225.517926	35	19.3739612	5.84670792	182.709622
6	17:42:06 PM	28.67	95.110	26.820	16220.000	29.000	93.455831	19.5789965	190.472341	142.866399	7.17537095	224.230342	35	19.3739612	5.81332643	181.666451
6	17:42:21 PM	28.92	94.350	26.900	16194.000	29.000	92.746207	19.4303303	189.026056	141.781594	7.12088732	222.527729	35	19.3739612	5.76918499	180.287031
6	17:42:36 PM	29.17	93.020	27.050	16183.000	29.000	91.433586	19.1553363	186.350804	139.774984	7.02010666	219.378333	35	19.3739612	5.68753474	177.735461
6	17:42:51 PM	29.42	94.700	26.860	16211.000	29.000	93.100180	19.5044876	189.747488	142.322714	7.14806471	223.377022	35	19.3739612	5.79120351	180.975110
6	17:43:06 PM	29.67	93.890	26.950	16204.000	29.000	92.306086	19.3381250	188.129046	141.108778	7.08709561	221.471738	35	19.3739612	5.74180771	179.431491
6	17:43:21 PM	29.92	92.810	27.070	16201.000	29.000	91.260314	19.1190359	185.997659	139.510103	7.00680317	218.962599	35	19.3739612	5.67675655	177.398642
6	17:43:36 PM	30.17	92.840	27.070	16181.000	29.000	91.260314	19.1190359	185.997659	139.510103	7.00680317	218.962599	35	19.3739612	5.67675655	177.398642
6	17:43:51 PM	30.42	93.550	26.990	16268.000	29.000	91.955853	19.2647511	187.415236	140.573375	7.06020535	220.631417	35	19.3739612	5.72002181	178.750681
6	17:44:06 PM	30.67	93.920	26.950	16243.000	29.000	92.306086	19.3381250	188.129046	141.108778	7.08709561	221.471738	35	19.3739612	5.74180771	179.431491
6	17:44:21 PM	30.92	93.350	27.010	16262.000	29.000	91.781354	19.2281937	187.059590	140.306618	7.04680765	220.212739	35	19.3739612	5.70916729	178.411478
6	17:44:36 PM	31.17	94.690	26.860	16257.000	29.000	93.100180	19.5044876	189.747488	142.322714	7.14806471	223.377022	35	19.3739612	5.79120351	180.975110
6	17:44:51 PM	31.42	93.230	27.020	16252.000	29.000	91.694259	19.2099472	186.882080	140.173475	7.04012062	220.003769	35	19.3739612	5.70374961	178.242175
6	17:45:06 PM	31.67	91.030	27.280	16300.000	29.000	89.465280	18.7429762	182.339199	136.766025	6.86898366	214.655739	35	19.3739612	5.56509824	173.909320
6	17:45:21 PM	31.93	92.750	27.080	16284.000	29.000	91.173831	19.1009176	185.821398	139.377895	7.00016314	218.755098	35	19.3739612	5.67137695	177.230530
