Chamber	Time/hh:mm:ss	Logtime/min	Oxy/% air sat.	Phase/°	Amp	Temp/°C	% air-sat.	% oxygen	pO2 (hPa)	pO2 (Torr)	cO2 [mg/L]	cO2 [µmol/L]	Salinity	chlorinity	SalCorcO2 [mg/L]	SalCorcO2 [µmol/L]
5	17:13:25 PM	0.00	76.760	28.940	7681.000	29.000	76.702129	16.0690961	156.326620	117.254932	5.88905185	184.032870	35	19.3739612	4.77117921	149.099350
5	17:13:26 PM	0.02	77.450	28.840	7715.000	29.000	77.405302	16.2164108	157.759757	118.329876	5.94304020	185.720006	35	19.3739612	4.81491938	150.466231
5	17:13:37 PM	0.21	78.040	28.760	7693.000	29.000	77.973474	16.3354429	158.917748	119.198443	5.98666343	187.083232	35	19.3739612	4.85026195	151.570686
5	17:13:53 PM	0.46	78.860	28.650	7701.000	29.000	78.763003	16.5008491	160.526886	120.405399	6.04728200	188.977562	35	19.3739612	4.89937377	153.105430
5	17:14:07 PM	0.71	78.830	28.650	7688.000	29.000	78.763003	16.5008491	160.526886	120.405399	6.04728200	188.977562	35	19.3739612	4.89937377	153.105430
5	17:14:22 PM	0.96	77.990	28.770	7718.000	29.000	77.902177	16.3205060	158.772437	119.089450	5.98118932	186.912166	35	19.3739612	4.84582695	151.432092
5	17:14:37 PM	1.20	79.570	28.550	7689.000	29.000	79.489205	16.6529885	162.006960	121.515549	6.10303854	190.719954	35	19.3739612	4.94454649	154.517078
5	17:14:52 PM	1.46	77.530	28.830	7690.000	29.000	77.476049	16.2312322	157.903945	118.438026	5.94847197	185.889749	35	19.3739612	4.81932008	150.603752
5	17:15:07 PM	1.71	78.440	28.710	7710.000	29.000	78.331153	16.4103766	159.646733	119.745228	6.01412536	187.941418	35	19.3739612	4.87251100	152.265969
5	17:15:22 PM	1.96	77.680	28.810	7686.000	29.000	77.617776	16.2609241	158.192800	118.654686	5.95935357	186.229799	35	19.3739612	4.82813611	150.879254
5	17:15:37 PM	2.21	77.790	28.800	7697.000	29.000	77.688758	16.2757948	158.337468	118.763196	5.96480343	186.400107	35	19.3739612	4.83255147	151.017233
5	17:15:52 PM	2.46	77.590	28.820	7694.000	29.000	77.546873	16.2460699	158.048292	118.546296	5.95390976	186.059680	35	19.3739612	4.82372565	150.741427
5	17:16:07 PM	2.71	78.300	28.730	7706.000	29.000	78.187843	16.3803531	159.354653	119.526150	6.00312227	187.597571	35	19.3739612	4.86359654	151.987392
5	17:16:22 PM	2.96	76.490	28.980	7690.000	29.000	76.423028	16.0106243	155.757783	116.828268	5.86762293	183.363217	35	19.3739612	4.75381798	148.556812
5	17:16:37 PM	3.21	78.690	28.670	7708.000	29.000	78.618732	16.4706244	160.232848	120.184852	6.03620516	188.631411	35	19.3739612	4.89039956	152.824986
5	17:16:52 PM	3.46	78.530	28.690	7714.000	29.000	78.474782	16.4404669	159.939465	119.964795	6.02515297	188.286030	35	19.3739612	4.88144532	152.545166
5	17:17:07 PM	3.71	77.770	28.800	7676.000	29.000	77.688758	16.2757948	158.337468	118.763196	5.96480343	186.400107	35	19.3739612	4.83255147	151.017233
5	17:17:22 PM	3.96	77.990	28.770	7720.000	29.000	77.902177	16.3205060	158.772437	119.089450	5.98118932	186.912166	35	19.3739612	4.84582695	151.432092
5	17:17:37 PM	4.21	77.880	28.780	7688.000	29.000	77.830958	16.3055857	158.627286	118.980578	5.97572130	186.741291	35	19.3739612	4.84139688	151.293652
5	17:17:52 PM	4.45	78.870	28.650	7715.000	29.000	78.763003	16.5008491	160.526886	120.405399	6.04728200	188.977562	35	19.3739612	4.89937377	153.105430
5	17:18:07 PM	4.70	77.600	28.820	7697.000	29.000	77.546873	16.2460699	158.048292	118.546296	5.95390976	186.059680	35	19.3739612	4.82372565	150.741427
5	17:18:22 PM	4.95	77.040	28.900	7725.000	29.000	76.982466	16.1278266	156.897974	117.683484	5.91057559	184.705487	35	19.3739612	4.78861727	149.644290
5	17:18:37 PM	5.20	77.890	28.780	7698.000	29.000	77.830958	16.3055857	158.627286	118.980578	5.97572130	186.741291	35	19.3739612	4.84139688	151.293652
5	17:18:52 PM	5.45	78.190	28.740	7715.000	29.000	78.116307	16.3653664	159.208856	119.416793	5.99762989	187.425934	35	19.3739612	4.85914673	151.848335
5	17:19:07 PM	5.70	77.510	28.840	7700.000	29.000	77.405302	16.2164108	157.759757	118.329876	5.94304020	185.720006	35	19.3739612	4.81491938	150.466231
5	17:19:22 PM	5.95	77.960	28.770	7722.000	29.000	77.902177	16.3205060	158.772437	119.089450	5.98118932	186.912166	35	19.3739612	4.84582695	151.432092
5	17:19:37 PM	6.20	78.260	28.730	7716.000	29.000	78.187843	16.3803531	159.354653	119.526150	6.00312227	187.597571	35	19.3739612	4.86359654	151.987392
5	17:19:52 PM	6.45	77.470	28.840	7696.000	29.000	77.405302	16.2164108	157.759757	118.329876	5.94304020	185.720006	35	19.3739612	4.81491938	150.466231
5	17:20:07 PM	6.71	78.280	28.730	7676.000	29.000	78.187843	16.3803531	159.354653	119.526150	6.00312227	187.597571	35	19.3739612	4.86359654	151.987392
5	17:20:22 PM	6.96	79.070	28.620	7701.000	29.000	78.980013	16.5463127	160.969175	120.737144	6.06394364	189.498239	35	19.3739612	4.91287267	153.527271
5	17:20:37 PM	7.21	78.640	28.680	7692.000	29.000	78.546717	16.4555372	160.086075	120.074762	6.03067598	188.458625	35	19.3739612	4.88591995	152.684998
5	17:20:52 PM	7.46	79.470	28.560	7671.000	29.000	79.416219	16.6376980	161.858207	121.403975	6.09743481	190.544838	35	19.3739612	4.94000647	154.375202
5	17:21:07 PM	7.71	79.570	28.550	7692.000	29.000	79.489205	16.6529885	162.006960	121.515549	6.10303854	190.719954	35	19.3739612	4.94454649	154.517078
5	17:21:22 PM	7.96	79.390	28.570	7695.000	29.000	79.343315	16.6224245	161.709621	121.292526	6.09183735	190.369917	35	19.3739612	4.93547153	154.233485
5	17:21:37 PM	8.21	79.170	28.610	7719.000	29.000	79.052511	16.5615011	161.116933	120.847972	6.06950993	189.672185	35	19.3739612	4.91738235	153.668198
5	17:21:52 PM	8.46	78.230	28.730	7708.000	29.000	78.187843	16.3803531	159.354653	119.526150	6.00312227	187.597571	35	19.3739612	4.86359654	151.987392
5	17:22:07 PM	8.71	79.590	28.550	7698.000	29.000	79.489205	16.6529885	162.006960	121.515549	6.10303854	190.719954	35	19.3739612	4.94454649	154.517078
5	17:22:22 PM	8.96	78.510	28.700	7713.000	29.000	78.402928	16.4254134	159.793018	119.854951	6.01963610	188.113628	35	19.3739612	4.87697568	152.405490
5	17:22:37 PM	9.21	78.420	28.710	7692.000	29.000	78.331153	16.4103766	159.646733	119.745228	6.01412536	187.941418	35	19.3739612	4.87251100	152.265969
5	17:22:52 PM	9.45	79.120	28.610	7700.000	29.000	79.052511	16.5615011	161.116933	120.847972	6.06950993	189.672185	35	19.3739612	4.91738235	153.668198
5	17:23:07 PM	9.71	78.510	28.700	7737.000	29.000	78.402928	16.4254134	159.793018	119.854951	6.01963610	188.113628	35	19.3739612	4.87697568	152.405490
5	17:23:22 PM	9.96	79.050	28.620	7728.000	29.000	78.980013	16.5463127	160.969175	120.737144	6.06394364	189.498239	35	19.3739612	4.91287267	153.527271
5	17:23:37 PM	10.21	78.740	28.660	7726.000	29.000	78.690827	16.4857283	160.379785	120.295064	6.04174049	188.804390	35	19.3739612	4.89488417	152.965130
5	17:23:52 PM	10.46	79.880	28.510	7715.000	29.000	79.781967	16.7143221	162.603638	121.963095	6.12551627	191.422383	35	19.3739612	4.96275744	155.086170
5	17:24:07 PM	10.71	78.510	28.700	7713.000	29.000	78.402928	16.4254134	159.793018	119.854951	6.01963610	188.113628	35	19.3739612	4.87697568	152.405490
5	17:24:22 PM	10.96	79.740	28.530	7719.000	29.000	79.635422	16.6836210	162.304965	121.739072	6.11426482	191.070776	35	19.3739612	4.95364177	154.801305
5	17:24:37 PM	11.20	79.420	28.570	7703.000	29.000	79.343315	16.6224245	161.709621	121.292526	6.09183735	190.369917	35	19.3739612	4.93547153	154.233485
5	17:24:52 PM	11.46	79.410	28.570	7749.000	29.000	79.343315	16.6224245	161.709621	121.292526	6.09183735	190.369917	35	19.3739612	4.93547153	154.233485
5	17:25:07 PM	11.70	80.650	28.400	7749.000	29.000	80.593864	16.8844146	164.258366	123.204247	6.18785227	193.370384	35	19.3739612	5.01326069	156.664397
5	17:25:22 PM	11.95	79.150	28.610	7738.000	29.000	79.052511	16.5615011	161.116933	120.847972	6.06950993	189.672185	35	19.3739612	4.91738235	153.668198
5	17:25:37 PM	12.20	79.930	28.500	7729.000	29.000	79.855363	16.7296985	162.753225	122.075295	6.13115145	191.598483	35	19.3739612	4.96732294	155.228842
5	17:25:52 PM	12.46	79.920	28.500	7751.000	29.000	79.855363	16.7296985	162.753225	122.075295	6.13115145	191.598483	35	19.3739612	4.96732294	155.228842
5	17:26:07 PM	12.70	78.880	28.640	7758.000	29.000	78.835259	16.5159867	160.674151	120.515857	6.05282969	189.150928	35	19.3739612	4.90386839	153.245887
5	17:26:22 PM	12.95	78.770	28.660	7734.000	29.000	78.690827	16.4857283	160.379785	120.295064	6.04174049	188.804390	35	19.3739612	4.89488417	152.965130
5	17:26:37 PM	13.21	78.690	28.670	7716.000	29.000	78.618732	16.4706244	160.232848	120.184852	6.03620516	188.631411	35	19.3739612	4.89039956	152.824986
5	17:26:52 PM	13.46	79.690	28.530	7750.000	29.000	79.635422	16.6836210	162.304965	121.739072	6.11426482	191.070776	35	19.3739612	4.95364177	154.801305
5	17:27:07 PM	13.70	79.570	28.550	7721.000	29.000	79.489205	16.6529885	162.006960	121.515549	6.10303854	190.719954	35	19.3739612	4.94454649	154.517078
5	17:27:22 PM	13.95	77.790	28.800	7715.000	29.000	77.688758	16.2757948	158.337468	118.763196	5.96480343	186.400107	35	19.3739612	4.83255147	151.017233
5	17:27:37 PM	14.21	81.440	28.300	7765.000	29.000	81.340716	17.0408800	165.780524	124.345963	6.24519421	195.162319	35	19.3739612	5.05971786	158.116183
5	17:27:52 PM	14.46	78.690	28.670	7750.000	29.000	78.618732	16.4706244	160.232848	120.184852	6.03620516	188.631411	35	19.3739612	4.89039956	152.824986
5	17:28:07 PM	14.71	80.070	28.480	7891.000	29.000	80.002401	16.7605030	163.052904	122.300073	6.14244077	191.951274	35	19.3739612	4.97646930	155.514666
5	17:28:22 PM	14.96	80.180	28.470	7910.000	29.000	80.076044	16.7759312	163.202995	122.412652	6.14809493	192.127967	35	19.3739612	4.98105018	155.657818
5	17:28:37 PM	15.21	80.750	28.390	7847.000	29.000	80.668172	16.8999820	164.409812	123.317841	6.19355746	193.548671	35	19.3739612	5.01788291	156.808841
5	17:28:52 PM	15.45	79.370	28.580	7865.000	29.000	79.270492	16.6071681	161.561201	121.181201	6.08624613	190.195192	35	19.3739612	4.93094165	154.091927
5	17:29:07 PM	15.70	79.500	28.560	7839.000	29.000	79.416219	16.6376980	161.858207	121.403975	6.09743481	190.544838	35	19.3739612	4.94000647	154.375202
5	17:29:22 PM	15.96	79.170	28.600	7858.000	29.000	79.125090	16.5767064	161.264857	120.958924	6.07508244	189.846326	35	19.3739612	4.92189707	153.809283
5	17:29:37 PM	16.21	80.170	28.470	7874.000	29.000	80.076044	16.7759312	163.202995	122.412652	6.14809493	192.127967	35	19.3739612	4.98105018	155.657818
5	17:29:52 PM	16.45	80.130	28.470	7864.000	29.000	80.076044	16.7759312	163.202995	122.412652	6.14809493	192.127967	35	19.3739612	4.98105018	155.657818
5	17:30:07 PM	16.71	78.770	28.660	7879.000	29.000	78.690827	16.4857283	160.379785	120.295064	6.04174049	188.804390	35	19.3739612	4.89488417	152.965130
5	17:30:22 PM	16.95	79.810	28.520	7862.000	29.000	79.708654	16.6989630	162.454218	121.851021	6.11988739	191.246481	35	19.3739612	4.95819705	154.943658
5	17:30:37 PM	17.21	79.830	28.510	7867.000	29.000	79.781967	16.7143221	162.603638	121.963095	6.12551627	191.422383	35	19.3739612	4.96275744	155.086170
5	17:30:52 PM	17.45	79.450	28.570	7867.000	29.000	79.343315	16.6224245	161.709621	121.292526	6.09183735	190.369917	35	19.3739612	4.93547153	154.233485
5	17:31:07 PM	17.71	79.840	28.510	7862.000	29.000	79.781967	16.7143221	162.603638	121.963095	6.12551627	191.422383	35	19.3739612	4.96275744	155.086170
5	17:31:22 PM	17.96	79.030	28.620	7887.000	29.000	78.980013	16.5463127	160.969175	120.737144	6.06394364	189.498239	35	19.3739612	4.91287267	153.527271
5	17:31:37 PM	18.21	79.760	28.520	7879.000	29.000	79.708654	16.6989630	162.454218	121.851021	6.11988739	191.246481	35	19.3739612	4.95819705	154.943658
5	17:31:52 PM	18.46	79.120	28.610	7880.000	29.000	79.052511	16.5615011	161.116933	120.847972	6.06950993	189.672185	35	19.3739612	4.91738235	153.668198
5	17:32:07 PM	18.70	78.660	28.680	7881.000	29.000	78.546717	16.4555372	160.086075	120.074762	6.03067598	188.458625	35	19.3739612	4.88591995	152.684998
5	17:32:22 PM	18.96	78.980	28.630	7894.000	29.000	78.907595	16.5311412	160.821581	120.626439	6.05838357	189.324486	35	19.3739612	4.90836802	153.386501
5	17:32:37 PM	19.21	79.430	28.570	7894.000	29.000	79.343315	16.6224245	161.709621	121.292526	6.09183735	190.369917	35	19.3739612	4.93547153	154.233485
5	17:32:52 PM	19.45	79.070	28.620	7905.000	29.000	78.980013	16.5463127	160.969175	120.737144	6.06394364	189.498239	35	19.3739612	4.91287267	153.527271
5	17:33:07 PM	19.70	78.600	28.680	7913.000	29.000	78.546717	16.4555372	160.086075	120.074762	6.03067598	188.458625	35	19.3739612	4.88591995	152.684998
5	17:33:22 PM	19.96	79.600	28.550	7918.000	29.000	79.489205	16.6529885	162.006960	121.515549	6.10303854	190.719954	35	19.3739612	4.94454649	154.517078
5	17:33:37 PM	20.20	78.550	28.690	7938.000	29.000	78.474782	16.4404669	159.939465	119.964795	6.02515297	188.286030	35	19.3739612	4.88144532	152.545166
5	17:33:52 PM	20.45	78.500	28.700	7935.000	29.000	78.402928	16.4254134	159.793018	119.854951	6.01963610	188.113628	35	19.3739612	4.87697568	152.405490
5	17:34:07 PM	20.71	78.140	28.750	7915.000	29.000	78.044851	16.3503963	159.063221	119.307557	5.99214361	187.254488	35	19.3739612	4.85470187	151.709434
5	17:34:22 PM	20.96	78.370	28.720	7944.000	29.000	78.259458	16.3953565	159.500612	119.635628	6.00862075	187.769399	35	19.3739612	4.86805129	152.126603
5	17:34:37 PM	21.20	78.190	28.740	7935.000	29.000	78.116307	16.3653664	159.208856	119.416793	5.99762989	187.425934	35	19.3739612	4.85914673	151.848335
5	17:34:52 PM	21.45	77.510	28.840	7929.000	29.000	77.405302	16.2164108	157.759757	118.329876	5.94304020	185.720006	35	19.3739612	4.81491938	150.466231
5	17:35:07 PM	21.70	78.130	28.750	7944.000	29.000	78.044851	16.3503963	159.063221	119.307557	5.99214361	187.254488	35	19.3739612	4.85470187	151.709434
5	17:35:22 PM	21.95	78.440	28.710	7951.000	29.000	78.331153	16.4103766	159.646733	119.745228	6.01412536	187.941418	35	19.3739612	4.87251100	152.265969
5	17:35:37 PM	22.21	78.660	28.680	7947.000	29.000	78.546717	16.4555372	160.086075	120.074762	6.03067598	188.458625	35	19.3739612	4.88591995	152.684998
5	17:35:52 PM	22.45	78.440	28.710	7956.000	29.000	78.331153	16.4103766	159.646733	119.745228	6.01412536	187.941418	35	19.3739612	4.87251100	152.265969
5	17:36:07 PM	22.70	77.920	28.780	7946.000	29.000	77.830958	16.3055857	158.627286	118.980578	5.97572130	186.741291	35	19.3739612	4.84139688	151.293652
5	17:36:22 PM	22.96	78.200	28.740	7959.000	29.000	78.116307	16.3653664	159.208856	119.416793	5.99762989	187.425934	35	19.3739612	4.85914673	151.848335
5	17:36:37 PM	23.20	77.300	28.870	7954.000	29.000	77.193533	16.1720452	157.328150	118.006143	5.92678095	185.211905	35	19.3739612	4.80174650	150.054578
5	17:36:52 PM	23.45	77.340	28.860	7966.000	29.000	77.264045	16.1868174	157.471860	118.113935	5.93219471	185.381085	35	19.3739612	4.80613260	150.191644
5	17:37:07 PM	23.70	77.670	28.810	7961.000	29.000	77.617776	16.2609241	158.192800	118.654686	5.95935357	186.229799	35	19.3739612	4.82813611	150.879254
5	17:37:22 PM	23.95	77.400	28.850	7972.000	29.000	77.334634	16.2016059	157.615729	118.221845	5.93761445	185.550452	35	19.3739612	4.81052356	150.328861
5	17:37:37 PM	24.21	76.910	28.920	7996.000	29.000	76.842143	16.0984289	156.611982	117.468971	5.89980183	184.368807	35	19.3739612	4.77988861	149.371519
5	17:37:52 PM	24.46	77.290	28.870	7990.000	29.000	77.193533	16.1720452	157.328150	118.006143	5.92678095	185.211905	35	19.3739612	4.80174650	150.054578
5	17:38:07 PM	24.70	76.410	28.990	7985.000	29.000	76.353445	15.9960466	155.615966	116.721896	5.86228045	183.196264	35	19.3739612	4.74948962	148.421551
5	17:38:22 PM	24.95	77.090	28.890	7995.000	29.000	77.052744	16.1425499	157.041208	117.790918	5.91597140	184.874106	35	19.3739612	4.79298884	149.780901
5	17:38:37 PM	25.20	76.680	28.950	7982.000	29.000	76.632238	16.0544540	156.184175	117.148089	5.88368575	183.865180	35	19.3739612	4.76683172	148.963491
5	17:38:52 PM	25.46	77.170	28.880	7992.000	29.000	77.123100	16.1572894	157.184600	117.898471	5.92137319	185.042912	35	19.3739612	4.79736525	149.917664
5	17:39:07 PM	25.71	76.340	29.000	7984.000	29.000	76.283938	15.9814850	155.474304	116.615640	5.85694386	183.029496	35	19.3739612	4.74516603	148.286439
5	17:39:22 PM	25.96	76.560	28.970	8007.000	29.000	76.492688	16.0252181	155.899757	116.934757	5.87297130	183.530353	35	19.3739612	4.75815111	148.692222
5	17:39:37 PM	26.20	76.950	28.910	8028.000	29.000	76.912266	16.1131197	156.754899	117.576168	5.90518573	184.537054	35	19.3739612	4.78425053	149.507829
5	17:39:52 PM	26.45	75.820	29.080	8033.000	29.000	75.730631	15.8655671	154.346609	115.769797	5.81446192	181.701935	35	19.3739612	4.71074811	147.210878
5	17:40:07 PM	26.70	75.480	29.130	8038.000	29.000	75.387276	15.7936343	153.646817	115.244908	5.78809974	180.878117	35	19.3739612	4.68939006	146.543439
5	17:40:22 PM	26.95	76.300	29.010	8049.000	29.000	76.214508	15.9669394	155.332799	116.509502	5.85161314	182.862911	35	19.3739612	4.74084721	148.151475
5	17:40:37 PM	27.20	76.130	29.030	8028.000	29.000	76.075877	15.9378962	155.050255	116.297576	5.84096930	182.530291	35	19.3739612	4.73222380	147.881994
5	17:40:52 PM	27.45	75.980	29.050	8050.000	29.000	75.937551	15.9089169	154.768332	116.086116	5.83034886	182.198402	35	19.3739612	4.72361935	147.613105
5	17:41:07 PM	27.70	76.190	29.020	8075.000	29.000	76.145154	15.9524098	155.191449	116.403481	5.84628829	182.696509	35	19.3739612	4.73653313	148.016660
5	17:41:22 PM	27.95	76.080	29.040	8052.000	29.000	76.006676	15.9233986	154.909216	116.191788	5.83565616	182.364255	35	19.3739612	4.72791921	147.747475
5	17:41:37 PM	28.20	75.560	29.110	8072.000	29.000	75.524392	15.8223601	153.926273	115.454518	5.79862726	181.207102	35	19.3739612	4.69791922	146.809975
5	17:41:52 PM	28.45	75.830	29.070	8101.000	29.000	75.799528	15.8800012	154.487029	115.875121	5.81975175	181.867242	35	19.3739612	4.71503381	147.344807
5	17:42:07 PM	28.70	75.760	29.080	8079.000	29.000	75.730631	15.8655671	154.346609	115.769797	5.81446192	181.701935	35	19.3739612	4.71074811	147.210878
5	17:42:22 PM	28.95	75.290	29.150	8074.000	29.000	75.250460	15.7649714	153.367973	115.035758	5.77759529	180.549853	35	19.3739612	4.68087958	146.277487
5	17:42:37 PM	29.20	75.190	29.170	8104.000	29.000	75.113944	15.7363713	153.089740	114.827065	5.76711384	180.222307	35	19.3739612	4.67238774	146.012117
5	17:42:52 PM	29.45	75.660	29.100	8103.000	29.000	75.593063	15.8367466	154.066231	115.559496	5.80389969	181.371865	35	19.3739612	4.70219082	146.943463
5	17:43:07 PM	29.70	74.860	29.220	8121.000	29.000	74.773959	15.6651444	152.396816	114.307328	5.74101039	179.406575	35	19.3739612	4.65123931	145.351228
5	17:43:22 PM	29.95	75.410	29.140	8107.000	29.000	75.318830	15.7792950	153.507318	115.140276	5.78284464	180.713895	35	19.3739612	4.68513249	146.410390
5	17:43:37 PM	30.20	75.500	29.120	8113.000	29.000	75.455796	15.8079893	153.786468	115.349656	5.79336061	181.042519	35	19.3739612	4.69365230	146.676634
5	17:43:52 PM	30.45	75.510	29.120	8092.000	29.000	75.455796	15.8079893	153.786468	115.349656	5.79336061	181.042519	35	19.3739612	4.69365230	146.676634
5	17:44:07 PM	30.70	75.270	29.160	8121.000	29.000	75.182165	15.7506635	153.228780	114.931354	5.77235169	180.385990	35	19.3739612	4.67663134	146.144729
5	17:44:22 PM	30.95	74.430	29.280	8113.000	29.000	74.368422	15.5801844	151.570291	113.687382	5.70987399	178.433562	35	19.3739612	4.62601329	144.562915
5	17:44:37 PM	31.20	74.980	29.200	8128.000	29.000	74.909730	15.6935884	152.673531	114.514882	5.75143464	179.732332	35	19.3739612	4.65968480	145.615150
5	17:44:52 PM	31.45	74.190	29.310	8162.000	29.000	74.166647	15.5379126	151.159054	113.378927	5.69438208	177.949440	35	19.3739612	4.61346208	144.170690
5	17:45:07 PM	31.70	75.220	29.160	8157.000	29.000	75.182165	15.7506635	153.228780	114.931354	5.77235169	180.385990	35	19.3739612	4.67663134	146.144729
5	17:45:22 PM	31.95	74.920	29.210	8157.000	29.000	74.841807	15.6793586	152.535098	114.411048	5.74621966	179.569364	35	19.3739612	4.65545974	145.483117
