Chamber	Time	Logtime_min	OxyPercent_airsat	Phase	Amp	TempC	per_air-sat	per_oxygen	pO2_hPa	pO2_Torr	cO2_mg_L	cO2_umol_L	Salinity	chlorinity	SalCorcO2_mg_L	SalCorcO2_umol_L
8	11:13:54	0.00	89.690	27.220	7151.000	29.000	91.916534	19.2565139	187.335100	140.513269	7.05718653	220.537079	36	19.8171745	5.68686744	177.714608
8	11:14:01	0.12	87.480	27.480	7159.000	29.000	89.684505	18.7889038	182.786001	137.101155	6.88581534	215.181730	36	19.8171745	5.54877201	173.399125
8	11:14:16	0.37	88.780	27.320	7136.000	29.000	91.050044	19.0749843	185.569107	139.188662	6.99065901	218.458094	36	19.8171745	5.63325780	176.039306
8	11:14:31	0.62	88.940	27.310	7153.000	29.000	91.136238	19.0930420	185.744780	139.320427	6.99727684	218.664901	36	19.8171745	5.63859063	176.205957
8	11:14:46	0.87	87.870	27.430	7168.000	29.000	90.108510	18.8777327	183.650165	137.749333	6.91836965	216.199052	36	19.8171745	5.57500513	174.218910
8	11:15:01	1.12	89.260	27.270	7110.000	29.000	91.482023	19.1654838	186.449523	139.849030	7.02382556	219.494549	36	19.8171745	5.65998429	176.874509
8	11:15:16	1.37	89.520	27.240	7156.000	29.000	91.742425	19.2200379	186.980248	140.247107	7.04381872	220.119335	36	19.8171745	5.67609530	177.377978
8	11:15:31	1.62	90.520	27.120	7162.000	29.000	92.793230	19.4401817	189.121895	141.853479	7.12449769	222.640553	36	19.8171745	5.74110855	179.409642
8	11:15:46	1.87	88.550	27.350	7097.000	29.000	90.792064	19.0209375	185.043319	138.794287	6.97085178	217.839118	36	19.8171745	5.61729661	175.540519
8	11:16:01	2.12	88.460	27.360	7130.000	29.000	90.706272	19.0029639	184.868464	138.663134	6.96426475	217.633273	36	19.8171745	5.61198861	175.374644
8	11:16:16	2.37	90.520	27.120	7143.000	29.000	92.793230	19.4401817	189.121895	141.853479	7.12449769	222.640553	36	19.8171745	5.74110855	179.409642
8	11:16:31	2.62	88.650	27.340	7128.000	29.000	90.877958	19.0389321	185.218377	138.925592	6.97744649	218.045203	36	19.8171745	5.62261081	175.706588
8	11:16:46	2.87	91.470	27.010	7133.000	29.000	93.769572	19.6447254	191.111778	143.346018	7.19945950	224.983109	36	19.8171745	5.80151476	181.297336
8	11:17:01	3.12	90.320	27.140	7130.000	29.000	92.617067	19.4032755	188.762856	141.584177	7.11097219	222.217881	36	19.8171745	5.73020935	179.069042
8	11:17:16	3.37	87.860	27.440	7119.000	29.000	90.023512	18.8599257	183.476931	137.619396	6.91184366	215.995114	36	19.8171745	5.56974631	174.054572
8	11:17:31	3.62	88.160	27.400	7136.000	29.000	90.364097	18.9312784	184.171078	138.140051	6.93799321	216.812288	36	19.8171745	5.59081832	174.713072
8	11:17:46	3.87	90.010	27.180	7154.000	29.000	92.265979	19.3297226	188.047304	141.047467	7.08401629	221.375509	36	19.8171745	5.70848757	178.390236
8	11:18:01	4.12	88.780	27.330	7130.000	29.000	90.963951	19.0569477	185.393640	139.057050	6.98404890	218.251528	36	19.8171745	5.62793120	175.872850
8	11:18:16	4.37	86.760	27.570	7144.000	29.000	88.927464	18.6303037	181.243077	135.943863	6.82769111	213.365347	36	19.8171745	5.50193397	171.935436
8	11:18:31	4.62	90.230	27.150	7169.000	29.000	92.529140	19.3848549	188.583653	141.449763	7.10422134	222.006917	36	19.8171745	5.72476934	178.899042
8	11:18:46	4.87	90.070	27.170	7122.000	29.000	92.353597	19.3480785	188.225877	141.181408	7.09074341	221.585731	36	19.8171745	5.71390846	178.559639
8	11:19:01	5.12	89.950	27.190	7133.000	29.000	92.178464	19.3113882	187.868940	140.913683	7.07729705	221.165533	36	19.8171745	5.70307303	178.221032
8	11:19:16	5.37	88.650	27.340	7128.000	29.000	90.877958	19.0389321	185.218377	138.925592	6.97744649	218.045203	36	19.8171745	5.62261081	175.706588
8	11:19:31	5.62	89.960	27.190	7121.000	29.000	92.178464	19.3113882	187.868940	140.913683	7.07729705	221.165533	36	19.8171745	5.70307303	178.221032
8	11:19:46	5.87	89.520	27.240	7127.000	29.000	91.742425	19.2200379	186.980248	140.247107	7.04381872	220.119335	36	19.8171745	5.67609530	177.377978
8	11:20:01	6.12	90.410	27.130	7126.000	29.000	92.705097	19.4217178	188.942270	141.718749	7.11773097	222.429093	36	19.8171745	5.73565575	179.239242
8	11:20:16	6.37	91.370	27.020	7115.000	29.000	93.680290	19.6260208	190.929812	143.209532	7.19260457	224.768893	36	19.8171745	5.79599088	181.124715
8	11:20:31	6.62	88.860	27.320	7110.000	29.000	91.050044	19.0749843	185.569107	139.188662	6.99065901	218.458094	36	19.8171745	5.63325780	176.039306
8	11:20:46	6.87	89.330	27.260	7122.000	29.000	91.568722	19.1836473	186.626225	139.981567	7.03048216	219.702567	36	19.8171745	5.66534835	177.042136
8	11:21:01	7.12	89.970	27.180	7103.000	29.000	92.265979	19.3297226	188.047304	141.047467	7.08401629	221.375509	36	19.8171745	5.70848757	178.390236
8	11:21:16	7.37	87.780	27.440	7115.000	29.000	90.023512	18.8599257	183.476931	137.619396	6.91184366	215.995114	36	19.8171745	5.56974631	174.054572
8	11:21:31	7.62	88.990	27.300	7089.000	29.000	91.222533	19.1111207	185.920657	139.452346	7.00390240	218.871950	36	19.8171745	5.64392968	176.372802
8	11:21:46	7.87	88.920	27.310	7113.000	29.000	91.136238	19.0930420	185.744780	139.320427	6.99727684	218.664901	36	19.8171745	5.63859063	176.205957
8	11:22:01	8.12	90.290	27.150	7123.000	29.000	92.529140	19.3848549	188.583653	141.449763	7.10422134	222.006917	36	19.8171745	5.72476934	178.899042
8	11:22:16	8.37	89.320	27.260	7095.000	29.000	91.568722	19.1836473	186.626225	139.981567	7.03048216	219.702567	36	19.8171745	5.66534835	177.042136
8	11:22:31	8.62	89.400	27.250	7121.000	29.000	91.655523	19.2018320	186.803133	140.114259	7.03714654	219.910829	36	19.8171745	5.67071868	177.209959
8	11:22:46	8.87	88.110	27.410	7081.000	29.000	90.278802	18.9134091	183.997239	138.009660	6.93144442	216.607638	36	19.8171745	5.58554112	174.548160
8	11:23:01	9.12	90.340	27.140	7109.000	29.000	92.617067	19.4032755	188.762856	141.584177	7.11097219	222.217881	36	19.8171745	5.73020935	179.069042
8	11:23:16	9.37	88.320	27.380	7101.000	29.000	90.534985	18.9670794	184.519365	138.401288	6.95111369	217.222303	36	19.8171745	5.60139114	175.043473
8	11:23:31	9.62	88.520	27.360	7148.000	29.000	90.706272	19.0029639	184.868464	138.663134	6.96426475	217.633273	36	19.8171745	5.61198861	175.374644
8	11:23:46	9.87	89.400	27.250	7109.000	29.000	91.655523	19.2018320	186.803133	140.114259	7.03714654	219.910829	36	19.8171745	5.67071868	177.209959
8	11:24:01	10.12	91.140	27.050	7106.000	29.000	93.413075	19.5700391	190.385200	142.801038	7.17208823	224.127757	36	19.8171745	5.77945826	180.608071
8	11:24:16	10.37	89.650	27.220	7138.000	29.000	91.916534	19.2565139	187.335100	140.513269	7.05718653	220.537079	36	19.8171745	5.68686744	177.714608
8	11:24:31	10.62	88.740	27.330	7135.000	29.000	90.963951	19.0569477	185.393640	139.057050	6.98404890	218.251528	36	19.8171745	5.62793120	175.872850
8	11:24:46	10.87	88.080	27.410	7104.000	29.000	90.278802	18.9134091	183.997239	138.009660	6.93144442	216.607638	36	19.8171745	5.58554112	174.548160
8	11:25:01	11.12	90.090	27.170	7118.000	29.000	92.353597	19.3480785	188.225877	141.181408	7.09074341	221.585731	36	19.8171745	5.71390846	178.559639
8	11:25:16	11.37	91.440	27.010	7105.000	29.000	93.769572	19.6447254	191.111778	143.346018	7.19945950	224.983109	36	19.8171745	5.80151476	181.297336
8	11:25:31	11.62	89.240	27.270	7124.000	29.000	91.482023	19.1654838	186.449523	139.849030	7.02382556	219.494549	36	19.8171745	5.65998429	176.874509
8	11:25:46	11.87	89.660	27.220	7119.000	29.000	91.916534	19.2565139	187.335100	140.513269	7.05718653	220.537079	36	19.8171745	5.68686744	177.714608
8	11:26:01	12.12	91.370	27.020	7099.000	29.000	93.680290	19.6260208	190.929812	143.209532	7.19260457	224.768893	36	19.8171745	5.79599088	181.124715
8	11:26:16	12.37	91.680	26.990	7113.000	29.000	93.948453	19.6822009	191.476355	143.619474	7.21319364	225.412301	36	19.8171745	5.81258209	181.643190
8	11:26:31	12.62	86.910	27.550	7090.000	29.000	89.095014	18.6654055	181.584561	136.199997	6.84055531	213.767354	36	19.8171745	5.51230028	172.259384
8	11:26:46	12.87	88.370	27.370	7119.000	29.000	90.620578	18.9850112	184.693813	138.532135	6.95768539	217.427668	36	19.8171745	5.60668679	175.208962
8	11:27:01	13.12	89.770	27.210	7119.000	29.000	92.003742	19.2747839	187.512838	140.646584	7.06388219	220.746318	36	19.8171745	5.69226298	177.883218
8	11:27:16	13.37	89.940	27.190	7126.000	29.000	92.178464	19.3113882	187.868940	140.913683	7.07729705	221.165533	36	19.8171745	5.70307303	178.221032
8	11:27:31	13.62	91.700	26.980	7129.000	29.000	94.038052	19.7009719	191.658966	143.756444	7.22007288	225.627277	36	19.8171745	5.81812556	181.816424
8	11:27:46	13.87	88.530	27.350	7125.000	29.000	90.792064	19.0209375	185.043319	138.794287	6.97085178	217.839118	36	19.8171745	5.61729661	175.540519
8	11:28:01	14.12	89.820	27.200	7122.000	29.000	92.091052	19.2930753	187.690785	140.780055	7.07058569	220.955803	36	19.8171745	5.69766484	178.052026
8	11:28:16	14.37	90.610	27.110	7137.000	29.000	92.881467	19.4586674	189.301731	141.988367	7.13127237	222.852261	36	19.8171745	5.74656777	179.580243
8	11:28:31	14.62	89.940	27.190	7109.000	29.000	92.178464	19.3113882	187.868940	140.913683	7.07729705	221.165533	36	19.8171745	5.70307303	178.221032
8	11:28:46	14.87	87.890	27.430	7084.000	29.000	90.108510	18.8777327	183.650165	137.749333	6.91836965	216.199052	36	19.8171745	5.57500513	174.218910
8	11:29:01	15.12	88.210	27.390	7098.000	29.000	90.449491	18.9491685	184.345120	138.270593	6.94454963	217.017176	36	19.8171745	5.59610165	174.878177
8	11:29:16	15.37	88.670	27.340	7116.000	29.000	90.877958	19.0389321	185.218377	138.925592	6.97744649	218.045203	36	19.8171745	5.62261081	175.706588
8	11:29:31	15.62	91.270	27.030	7121.000	29.000	93.591113	19.6073382	190.748061	143.073207	7.18575773	224.554929	36	19.8171745	5.79047351	180.952297
8	11:29:46	15.87	90.260	27.150	7118.000	29.000	92.529140	19.3848549	188.583653	141.449763	7.10422134	222.006917	36	19.8171745	5.72476934	178.899042
8	11:30:01	16.12	91.860	26.970	7099.000	29.000	94.127757	19.7197650	191.841794	143.893576	7.22696025	225.842508	36	19.8171745	5.82367559	181.989862
8	11:30:16	16.37	90.520	27.120	7162.000	29.000	92.793230	19.4401817	189.121895	141.853479	7.12449769	222.640553	36	19.8171745	5.74110855	179.409642
8	11:30:31	16.62	89.320	27.260	7148.000	29.000	91.568722	19.1836473	186.626225	139.981567	7.03048216	219.702567	36	19.8171745	5.66534835	177.042136
8	11:30:46	16.87	89.320	27.260	7148.000	29.000	91.568722	19.1836473	186.626225	139.981567	7.03048216	219.702567	36	19.8171745	5.66534835	177.042136
8	11:31:01	17.12	89.490	27.240	7143.000	29.000	91.742425	19.2200379	186.980248	140.247107	7.04381872	220.119335	36	19.8171745	5.67609530	177.377978
8	11:31:16	17.37	89.820	27.200	7140.000	29.000	92.091052	19.2930753	187.690785	140.780055	7.07058569	220.955803	36	19.8171745	5.69766484	178.052026
8	11:31:31	17.62	90.300	27.150	7143.000	29.000	92.529140	19.3848549	188.583653	141.449763	7.10422134	222.006917	36	19.8171745	5.72476934	178.899042
8	11:31:46	17.87	90.860	27.080	7131.000	29.000	93.146802	19.5142549	189.842509	142.393985	7.15164427	223.488883	36	19.8171745	5.76298398	180.093249
8	11:32:01	18.12	90.740	27.090	7119.000	29.000	93.058253	19.4957040	189.662037	142.258620	7.14484565	223.276426	36	19.8171745	5.75750547	179.922046
8	11:32:16	18.37	89.200	27.280	7123.000	29.000	91.395425	19.1473416	186.273029	139.716647	7.01717675	219.286773	36	19.8171745	5.65462650	176.707078
8	11:32:31	18.62	89.630	27.220	7121.000	29.000	91.916534	19.2565139	187.335100	140.513269	7.05718653	220.537079	36	19.8171745	5.68686744	177.714608
8	11:32:46	18.87	89.290	27.260	7119.000	29.000	91.568722	19.1836473	186.626225	139.981567	7.03048216	219.702567	36	19.8171745	5.66534835	177.042136
8	11:33:01	19.12	89.710	27.220	7127.000	29.000	91.916534	19.2565139	187.335100	140.513269	7.05718653	220.537079	36	19.8171745	5.68686744	177.714608
8	11:33:16	19.37	88.910	27.310	7112.000	29.000	91.136238	19.0930420	185.744780	139.320427	6.99727684	218.664901	36	19.8171745	5.63859063	176.205957
8	11:33:31	19.62	89.720	27.210	7130.000	29.000	92.003742	19.2747839	187.512838	140.646584	7.06388219	220.746318	36	19.8171745	5.69226298	177.883218
8	11:33:46	19.87	90.660	27.100	7113.000	29.000	92.969808	19.4771748	189.481778	142.123414	7.13805502	223.064219	36	19.8171745	5.75203340	179.751044
8	11:34:01	20.12	90.600	27.110	7102.000	29.000	92.881467	19.4586674	189.301731	141.988367	7.13127237	222.852261	36	19.8171745	5.74656777	179.580243
8	11:34:16	20.37	89.890	27.190	7120.000	29.000	92.178464	19.3113882	187.868940	140.913683	7.07729705	221.165533	36	19.8171745	5.70307303	178.221032
8	11:34:31	20.62	89.300	27.260	7111.000	29.000	91.568722	19.1836473	186.626225	139.981567	7.03048216	219.702567	36	19.8171745	5.66534835	177.042136
8	11:34:46	20.87	88.370	27.370	7113.000	29.000	90.620578	18.9850112	184.693813	138.532135	6.95768539	217.427668	36	19.8171745	5.60668679	175.208962
8	11:35:01	21.12	90.890	27.080	7109.000	29.000	93.146802	19.5142549	189.842509	142.393985	7.15164427	223.488883	36	19.8171745	5.76298398	180.093249
8	11:35:16	21.37	90.060	27.170	7110.000	29.000	92.353597	19.3480785	188.225877	141.181408	7.09074341	221.585731	36	19.8171745	5.71390846	178.559639
8	11:35:31	21.62	90.800	27.090	7122.000	29.000	93.058253	19.4957040	189.662037	142.258620	7.14484565	223.276426	36	19.8171745	5.75750547	179.922046
8	11:35:46	21.87	89.760	27.210	7130.000	29.000	92.003742	19.2747839	187.512838	140.646584	7.06388219	220.746318	36	19.8171745	5.69226298	177.883218
8	11:36:01	22.12	90.420	27.130	7097.000	29.000	92.705097	19.4217178	188.942270	141.718749	7.11773097	222.429093	36	19.8171745	5.73565575	179.239242
8	11:36:16	22.37	89.460	27.240	7113.000	29.000	91.742425	19.2200379	186.980248	140.247107	7.04381872	220.119335	36	19.8171745	5.67609530	177.377978
8	11:36:31	22.62	90.340	27.140	7115.000	29.000	92.617067	19.4032755	188.762856	141.584177	7.11097219	222.217881	36	19.8171745	5.73020935	179.069042
8	11:36:46	22.87	90.650	27.110	7102.000	29.000	92.881467	19.4586674	189.301731	141.988367	7.13127237	222.852261	36	19.8171745	5.74656777	179.580243
8	11:37:01	23.12	89.000	27.300	7124.000	29.000	91.222533	19.1111207	185.920657	139.452346	7.00390240	218.871950	36	19.8171745	5.64392968	176.372802
8	11:37:16	23.37	90.340	27.140	7110.000	29.000	92.617067	19.4032755	188.762856	141.584177	7.11097219	222.217881	36	19.8171745	5.73020935	179.069042
8	11:37:31	23.62	88.870	27.310	7107.000	29.000	91.136238	19.0930420	185.744780	139.320427	6.99727684	218.664901	36	19.8171745	5.63859063	176.205957
8	11:37:46	23.87	88.710	27.330	7104.000	29.000	90.963951	19.0569477	185.393640	139.057050	6.98404890	218.251528	36	19.8171745	5.62793120	175.872850
8	11:38:01	24.12	89.430	27.250	7120.000	29.000	91.655523	19.2018320	186.803133	140.114259	7.03714654	219.910829	36	19.8171745	5.67071868	177.209959
8	11:38:16	24.37	89.310	27.260	7114.000	29.000	91.568722	19.1836473	186.626225	139.981567	7.03048216	219.702567	36	19.8171745	5.66534835	177.042136
8	11:38:31	24.62	89.080	27.290	7112.000	29.000	91.308929	19.1292206	186.096740	139.584420	7.01053570	219.079240	36	19.8171745	5.64927496	176.539843
8	11:38:46	24.87	88.860	27.320	7113.000	29.000	91.050044	19.0749843	185.569107	139.188662	6.99065901	218.458094	36	19.8171745	5.63325780	176.039306
8	11:39:01	25.12	88.920	27.310	7126.000	29.000	91.136238	19.0930420	185.744780	139.320427	6.99727684	218.664901	36	19.8171745	5.63859063	176.205957
8	11:39:16	25.37	88.340	27.380	7134.000	29.000	90.534985	18.9670794	184.519365	138.401288	6.95111369	217.222303	36	19.8171745	5.60139114	175.043473
8	11:39:31	25.62	88.880	27.310	7116.000	29.000	91.136238	19.0930420	185.744780	139.320427	6.99727684	218.664901	36	19.8171745	5.63859063	176.205957
8	11:39:46	25.87	89.880	27.200	7112.000	29.000	92.091052	19.2930753	187.690785	140.780055	7.07058569	220.955803	36	19.8171745	5.69766484	178.052026
8	11:40:01	26.12	89.650	27.220	7108.000	29.000	91.916534	19.2565139	187.335100	140.513269	7.05718653	220.537079	36	19.8171745	5.68686744	177.714608
8	11:40:16	26.37	88.550	27.350	7152.000	29.000	90.792064	19.0209375	185.043319	138.794287	6.97085178	217.839118	36	19.8171745	5.61729661	175.540519
8	11:40:31	26.62	90.600	27.110	7145.000	29.000	92.881467	19.4586674	189.301731	141.988367	7.13127237	222.852261	36	19.8171745	5.74656777	179.580243
8	11:40:46	26.87	90.260	27.150	7115.000	29.000	92.529140	19.3848549	188.583653	141.449763	7.10422134	222.006917	36	19.8171745	5.72476934	178.899042
8	11:41:01	27.12	89.380	27.250	7143.000	29.000	91.655523	19.2018320	186.803133	140.114259	7.03714654	219.910829	36	19.8171745	5.67071868	177.209959
8	11:41:16	27.37	88.670	27.340	7148.000	29.000	90.877958	19.0389321	185.218377	138.925592	6.97744649	218.045203	36	19.8171745	5.62261081	175.706588
8	11:41:31	27.62	88.880	27.310	7127.000	29.000	91.136238	19.0930420	185.744780	139.320427	6.99727684	218.664901	36	19.8171745	5.63859063	176.205957
8	11:41:46	27.87	89.180	27.280	7147.000	29.000	91.395425	19.1473416	186.273029	139.716647	7.01717675	219.286773	36	19.8171745	5.65462650	176.707078
8	11:42:01	28.12	90.540	27.120	7144.000	29.000	92.793230	19.4401817	189.121895	141.853479	7.12449769	222.640553	36	19.8171745	5.74110855	179.409642
8	11:42:16	28.37	88.550	27.350	7135.000	29.000	90.792064	19.0209375	185.043319	138.794287	6.97085178	217.839118	36	19.8171745	5.61729661	175.540519
8	11:42:31	28.62	89.370	27.260	7125.000	29.000	91.568722	19.1836473	186.626225	139.981567	7.03048216	219.702567	36	19.8171745	5.66534835	177.042136
8	11:42:46	28.87	89.060	27.290	7141.000	29.000	91.308929	19.1292206	186.096740	139.584420	7.01053570	219.079240	36	19.8171745	5.64927496	176.539843
8	11:43:01	29.12	90.730	27.100	7142.000	29.000	92.969808	19.4771748	189.481778	142.123414	7.13805502	223.064219	36	19.8171745	5.75203340	179.751044
8	11:43:16	29.37	88.460	27.360	7146.000	29.000	90.706272	19.0029639	184.868464	138.663134	6.96426475	217.633273	36	19.8171745	5.61198861	175.374644
8	11:43:31	29.62	88.990	27.300	7142.000	29.000	91.222533	19.1111207	185.920657	139.452346	7.00390240	218.871950	36	19.8171745	5.64392968	176.372802
8	11:43:46	29.87	90.460	27.130	7134.000	29.000	92.705097	19.4217178	188.942270	141.718749	7.11773097	222.429093	36	19.8171745	5.73565575	179.239242
8	11:44:01	30.12	89.240	27.270	7132.000	29.000	91.482023	19.1654838	186.449523	139.849030	7.02382556	219.494549	36	19.8171745	5.65998429	176.874509
8	11:44:16	30.37	89.150	27.280	7153.000	29.000	91.395425	19.1473416	186.273029	139.716647	7.01717675	219.286773	36	19.8171745	5.65462650	176.707078
8	11:44:31	30.62	90.220	27.160	7138.000	29.000	92.441317	19.3664559	188.404660	141.315507	7.09747842	221.796201	36	19.8171745	5.71933571	178.729241
8	11:44:46	30.87	89.980	27.180	7139.000	29.000	92.265979	19.3297226	188.047304	141.047467	7.08401629	221.375509	36	19.8171745	5.70848757	178.390236
8	11:45:01	31.12	88.860	27.320	7110.000	29.000	91.050044	19.0749843	185.569107	139.188662	6.99065901	218.458094	36	19.8171745	5.63325780	176.039306
8	11:45:16	31.37	90.270	27.150	7113.000	29.000	92.529140	19.3848549	188.583653	141.449763	7.10422134	222.006917	36	19.8171745	5.72476934	178.899042
8	11:45:31	31.62	90.080	27.170	7124.000	29.000	92.353597	19.3480785	188.225877	141.181408	7.09074341	221.585731	36	19.8171745	5.71390846	178.559639
8	11:45:46	31.87	89.460	27.240	7118.000	29.000	91.742425	19.2200379	186.980248	140.247107	7.04381872	220.119335	36	19.8171745	5.67609530	177.377978
8	11:46:01	32.12	89.230	27.270	7113.000	29.000	91.482023	19.1654838	186.449523	139.849030	7.02382556	219.494549	36	19.8171745	5.65998429	176.874509
8	11:46:16	32.37	88.760	27.330	7113.000	29.000	90.963951	19.0569477	185.393640	139.057050	6.98404890	218.251528	36	19.8171745	5.62793120	175.872850
8	11:46:31	32.62	88.850	27.320	7122.000	29.000	91.050044	19.0749843	185.569107	139.188662	6.99065901	218.458094	36	19.8171745	5.63325780	176.039306
8	11:46:46	32.87	89.660	27.220	7131.000	29.000	91.916534	19.2565139	187.335100	140.513269	7.05718653	220.537079	36	19.8171745	5.68686744	177.714608
8	11:47:01	33.12	89.820	27.200	7087.000	29.000	92.091052	19.2930753	187.690785	140.780055	7.07058569	220.955803	36	19.8171745	5.69766484	178.052026
8	11:47:16	33.37	89.740	27.210	7084.000	29.000	92.003742	19.2747839	187.512838	140.646584	7.06388219	220.746318	36	19.8171745	5.69226298	177.883218
