Chamber	Time	Logtime_min	OxyPercent_airsat	Phase	Amp	TempC	per_air-sat	per_oxygen	pO2_hPa	pO2_Torr	cO2_mg_L	cO2_umol_L	Salinity	chlorinity	SalCorcO2_mg_L	SalCorcO2_umol_L
1	11:13:51	0.00	70.160	30.150	15431.000	29.000	70.180999	14.7029192	143.035903	107.286046	5.38837114	168.386598	36	19.8171745	4.34209189	135.690371
1	11:14:05	0.23	72.240	29.820	15398.000	29.000	72.295134	15.1458307	147.344723	110.517936	5.55069068	173.459084	36	19.8171745	4.47289326	139.777915
1	11:14:20	0.48	70.640	30.070	15411.000	29.000	70.686774	14.8088791	144.066723	108.059227	5.42720362	169.600113	36	19.8171745	4.37338413	136.668254
1	11:14:35	0.73	70.220	30.140	15337.000	29.000	70.243988	14.7161155	143.164282	107.382339	5.39320735	168.537730	36	19.8171745	4.34598904	135.812157
1	11:14:50	0.98	69.960	30.180	15384.000	29.000	69.992427	14.6634134	142.651574	106.997775	5.37389292	167.934154	36	19.8171745	4.33042495	135.325780
1	11:15:05	1.23	71.080	30.000	15327.000	29.000	71.132836	14.9023291	144.975843	108.741125	5.46145150	170.670359	36	19.8171745	4.40098197	137.530687
1	11:15:20	1.48	70.520	30.090	15311.000	29.000	70.559930	14.7823054	143.808204	107.865321	5.41746484	169.295776	36	19.8171745	4.36553636	136.423011
1	11:15:35	1.73	71.620	29.920	15266.000	29.000	71.646677	15.0099788	146.023102	109.526636	5.50090328	171.903228	36	19.8171745	4.43277326	138.524164
1	11:15:50	1.98	71.350	29.960	15325.000	29.000	71.389213	14.9560401	145.498364	109.133050	5.48113566	171.285489	36	19.8171745	4.41684399	138.026375
1	11:16:05	2.23	71.290	29.970	15276.000	29.000	71.325017	14.9425911	145.367527	109.034913	5.47620681	171.131463	36	19.8171745	4.41287219	137.902256
1	11:16:20	2.48	71.670	29.910	15269.000	29.000	71.711214	15.0234992	146.154634	109.625294	5.50585829	172.058071	36	19.8171745	4.43676614	138.648942
1	11:16:35	2.73	71.850	29.880	15255.000	29.000	71.905234	15.0641466	146.550068	109.921894	5.52075486	172.523589	36	19.8171745	4.44877019	139.024068
1	11:16:50	2.98	71.970	29.860	15298.000	29.000	72.034925	15.0913168	146.814390	110.120153	5.53071227	172.834759	36	19.8171745	4.45679414	139.274817
1	11:17:05	3.23	72.330	29.810	15239.000	29.000	72.360360	15.1594954	147.477659	110.617647	5.55569857	173.615580	36	19.8171745	4.47692875	139.904024
1	11:17:20	3.48	72.430	29.790	15240.000	29.000	72.491019	15.1868685	147.743955	110.817386	5.56573035	173.929073	36	19.8171745	4.48501263	140.156645
1	11:17:35	3.73	72.300	29.810	15227.000	29.000	72.360360	15.1594954	147.477659	110.617647	5.55569857	173.615580	36	19.8171745	4.47692875	139.904024
1	11:17:50	3.98	72.630	29.760	15257.000	29.000	72.687530	15.2280376	148.144465	111.117794	5.58081813	174.400567	36	19.8171745	4.49717076	140.536586
1	11:18:05	4.23	72.640	29.760	15237.000	29.000	72.687530	15.2280376	148.144465	111.117794	5.58081813	174.400567	36	19.8171745	4.49717076	140.536586
1	11:18:20	4.48	71.830	29.890	15169.000	29.000	71.840492	15.0505831	146.418117	109.822922	5.51578407	172.368252	36	19.8171745	4.44476459	138.898893
1	11:18:35	4.73	71.330	29.960	15211.000	29.000	71.389213	14.9560401	145.498364	109.133050	5.48113566	171.285489	36	19.8171745	4.41684399	138.026375
1	11:18:50	4.98	71.930	29.870	15173.000	29.000	71.970045	15.0777245	146.682159	110.020971	5.52573092	172.679091	36	19.8171745	4.45278003	139.149376
1	11:19:05	5.23	72.310	29.810	15145.000	29.000	72.360360	15.1594954	147.477659	110.617647	5.55569857	173.615580	36	19.8171745	4.47692875	139.904024
1	11:19:20	5.48	71.930	29.870	15227.000	29.000	71.970045	15.0777245	146.682159	110.020971	5.52573092	172.679091	36	19.8171745	4.45278003	139.149376
1	11:19:35	5.73	73.510	29.630	15150.000	29.000	73.546387	15.4079681	149.894902	112.430733	5.64675962	176.461238	36	19.8171745	4.55030816	142.197130
1	11:19:50	5.98	72.600	29.770	15188.000	29.000	72.621957	15.2142999	148.010820	111.017551	5.57578351	174.243235	36	19.8171745	4.49311373	140.409804
1	11:20:05	6.23	72.010	29.860	15146.000	29.000	72.034925	15.0913168	146.814390	110.120153	5.53071227	172.834759	36	19.8171745	4.45679414	139.274817
1	11:20:20	6.48	73.090	29.690	15144.000	29.000	73.148509	15.3246126	149.083986	111.822494	5.61621124	175.506601	36	19.8171745	4.52569147	141.427858
1	11:20:35	6.73	73.750	29.590	15061.000	29.000	73.813063	15.4638367	150.438414	112.838402	5.66723453	177.101079	36	19.8171745	4.56680738	142.712731
1	11:20:50	6.98	73.570	29.620	15098.000	29.000	73.612949	15.4219128	150.030561	112.532486	5.65187013	176.620941	36	19.8171745	4.55442634	142.325823
1	11:21:05	7.23	74.560	29.470	15086.000	29.000	74.619999	15.6328898	152.083030	114.071968	5.72918960	179.037175	36	19.8171745	4.61673241	144.272888
1	11:21:20	7.48	73.580	29.620	15115.000	29.000	73.612949	15.4219128	150.030561	112.532486	5.65187013	176.620941	36	19.8171745	4.55442634	142.325823
1	11:21:35	7.73	74.060	29.550	15064.000	29.000	74.080886	15.5199456	150.984264	113.247824	5.68779749	177.743672	36	19.8171745	4.58337755	143.230549
1	11:21:50	7.98	74.070	29.550	15075.000	29.000	74.080886	15.5199456	150.984264	113.247824	5.68779749	177.743672	36	19.8171745	4.58337755	143.230549
1	11:22:05	8.23	73.310	29.660	15058.000	29.000	73.347129	15.3662235	149.488793	112.126125	5.63146092	175.983154	36	19.8171745	4.53798006	141.811877
1	11:22:20	8.48	73.680	29.600	15052.000	29.000	73.746287	15.4498471	150.302317	112.736321	5.66210757	176.940862	36	19.8171745	4.56267594	142.583623
1	11:22:35	8.73	75.080	29.400	15033.000	29.000	75.095550	15.7325177	153.052250	114.798946	5.76570156	180.178174	36	19.8171745	4.64615471	145.192335
1	11:22:50	8.98	75.200	29.380	14983.000	29.000	75.232083	15.7611214	153.330519	115.007665	5.77618433	180.505760	36	19.8171745	4.65460201	145.456313
1	11:23:05	9.23	75.640	29.320	14970.000	29.000	75.643460	15.8473049	154.168946	115.636538	5.80776911	181.492785	36	19.8171745	4.68005386	146.251683
1	11:23:20	9.48	74.840	29.430	14937.000	29.000	74.891302	15.6897278	152.635973	114.486711	5.75001980	179.688119	36	19.8171745	4.63351794	144.797435
1	11:23:35	9.73	74.840	29.430	14934.000	29.000	74.891302	15.6897278	152.635973	114.486711	5.75001980	179.688119	36	19.8171745	4.63351794	144.797435
1	11:23:50	9.98	74.600	29.470	14916.000	29.000	74.619999	15.6328898	152.083030	114.071968	5.72918960	179.037175	36	19.8171745	4.61673241	144.272888
1	11:24:05	10.23	74.210	29.530	14921.000	29.000	74.215230	15.5480906	151.258069	113.453196	5.69811215	178.066005	36	19.8171745	4.59168938	143.490293
1	11:24:20	10.48	74.550	29.480	14929.000	29.000	74.552356	15.6187185	151.945166	113.968562	5.72399607	178.874877	36	19.8171745	4.61254733	144.142104
1	11:24:35	10.73	74.430	29.490	14880.000	29.000	74.484785	15.6045625	151.807451	113.865266	5.71880814	178.712754	36	19.8171745	4.60836676	144.011461
1	11:24:50	10.98	75.380	29.350	14883.000	29.000	75.437438	15.8041432	153.749051	115.321591	5.79195108	180.998471	36	19.8171745	4.66730727	145.853352
1	11:25:05	11.23	74.500	29.480	14919.000	29.000	74.552356	15.6187185	151.945166	113.968562	5.72399607	178.874877	36	19.8171745	4.61254733	144.142104
1	11:25:20	11.48	74.450	29.490	14856.000	29.000	74.484785	15.6045625	151.807451	113.865266	5.71880814	178.712754	36	19.8171745	4.60836676	144.011461
1	11:25:35	11.73	75.540	29.330	14856.000	29.000	75.574711	15.8329020	154.028829	115.531442	5.80249072	181.327835	36	19.8171745	4.67580039	146.118762
1	11:25:50	11.98	75.360	29.360	14864.000	29.000	75.368912	15.7897871	153.609390	115.216836	5.78668981	180.834057	36	19.8171745	4.66306760	145.720862
1	11:26:05	12.23	74.740	29.450	14836.000	29.000	74.755504	15.6612782	152.359203	114.279116	5.73959347	179.362296	36	19.8171745	4.62511612	144.534879
1	11:26:20	12.48	76.720	29.160	14814.000	29.000	76.753650	16.0798896	156.431623	117.333691	5.89300747	184.156484	36	19.8171745	4.74874118	148.398162
1	11:26:35	12.73	76.690	29.160	14818.000	29.000	76.753650	16.0798896	156.431623	117.333691	5.89300747	184.156484	36	19.8171745	4.74874118	148.398162
1	11:26:50	12.98	76.570	29.180	14785.000	29.000	76.613817	16.0505946	156.146630	117.119928	5.88227136	183.820980	36	19.8171745	4.74008974	148.127805
1	11:27:05	13.23	75.870	29.280	14786.000	29.000	75.919201	15.9050725	154.730933	116.058065	5.82893998	182.154374	36	19.8171745	4.69711391	146.784810
1	11:27:20	13.48	75.740	29.300	14796.000	29.000	75.781181	15.8761574	154.449635	115.847073	5.81834306	181.823221	36	19.8171745	4.68857463	146.517957
1	11:27:35	13.73	75.470	29.340	14795.000	29.000	75.506037	15.8185148	153.888865	115.426460	5.79721804	181.163064	36	19.8171745	4.67155153	145.985985
1	11:27:50	13.98	76.590	29.180	14752.000	29.000	76.613817	16.0505946	156.146630	117.119928	5.88227136	183.820980	36	19.8171745	4.74008974	148.127805
1	11:28:05	14.23	76.480	29.190	14779.000	29.000	76.544015	16.0359711	156.004366	117.013221	5.87691208	183.653502	36	19.8171745	4.73577109	147.992847
1	11:28:20	14.48	77.160	29.100	14747.000	29.000	77.174983	16.1681589	157.290343	117.977785	5.92535670	185.167397	36	19.8171745	4.77480905	149.212783
1	11:28:35	14.73	75.890	29.280	14703.000	29.000	75.919201	15.9050725	154.730933	116.058065	5.82893998	182.154374	36	19.8171745	4.69711391	146.784810
1	11:28:50	14.98	77.150	29.100	14679.000	29.000	77.174983	16.1681589	157.290343	117.977785	5.92535670	185.167397	36	19.8171745	4.77480905	149.212783
1	11:29:05	15.23	76.440	29.200	14728.000	29.000	76.474288	16.0213634	155.862257	116.906630	5.87155862	183.486207	36	19.8171745	4.73145713	147.858035
1	11:29:20	15.48	76.760	29.150	14653.000	29.000	76.823680	16.0945610	156.574353	117.440747	5.89838431	184.324510	36	19.8171745	4.75307398	148.533562
1	11:29:35	15.73	76.830	29.140	14730.000	29.000	76.893788	16.1092485	156.717239	117.547921	5.90376702	184.492719	36	19.8171745	4.75741151	148.669110
1	11:29:50	15.98	77.230	29.090	14674.000	29.000	77.245474	16.1829268	157.434011	118.085545	5.93076887	185.336527	36	19.8171745	4.77917032	149.349072
1	11:30:05	16.23	77.780	29.010	14668.000	29.000	77.812188	16.3016533	158.589030	118.951883	5.97428013	186.696254	36	19.8171745	4.81423284	150.444776
1	11:30:20	16.48	78.520	28.910	14274.000	29.000	78.527608	16.4515338	160.047128	120.045550	6.02920881	188.412775	36	19.8171745	4.85849582	151.827994
1	11:30:35	16.73	77.350	29.070	14242.000	29.000	77.386688	16.2125110	157.721818	118.301419	5.94161099	185.675344	36	19.8171745	4.78790719	149.622100
1	11:30:50	16.98	77.370	29.070	14214.000	29.000	77.386688	16.2125110	157.721818	118.301419	5.94161099	185.675344	36	19.8171745	4.78790719	149.622100
1	11:31:05	17.23	79.100	28.830	11668.000	29.000	79.105639	16.5726314	161.225213	120.929189	6.07358900	189.799656	36	19.8171745	4.89425855	152.945580
1	11:31:20	17.48	78.090	28.970	11678.000	29.000	78.097413	16.3614080	159.170348	119.387909	5.99617923	187.380601	36	19.8171745	4.83187971	150.996241
1	11:31:35	17.73	78.640	28.890	11639.000	29.000	78.671638	16.4817082	160.340676	120.265730	6.04026720	188.758350	36	19.8171745	4.86740697	152.106468
1	11:31:50	17.98	78.620	28.890	11617.000	29.000	78.671638	16.4817082	160.340676	120.265730	6.04026720	188.758350	36	19.8171745	4.86740697	152.106468
1	11:32:05	18.23	78.670	28.880	11584.000	29.000	78.743772	16.4968203	160.487693	120.376002	6.04580554	188.931423	36	19.8171745	4.87186991	152.245935
1	11:32:20	18.48	79.550	28.760	11602.000	29.000	79.615620	16.6794724	162.264606	121.708799	6.11274443	191.023263	36	19.8171745	4.92581103	153.931595
1	11:32:35	18.73	79.010	28.840	11568.000	29.000	79.033106	16.5574357	161.077384	120.818307	6.06802004	189.625626	36	19.8171745	4.88977094	152.805342
1	11:32:50	18.98	79.330	28.790	11570.000	29.000	79.396573	16.6335821	161.818167	121.373942	6.09592642	190.497701	36	19.8171745	4.91225864	153.508082
1	11:33:05	19.23	79.730	28.740	11555.000	29.000	79.762056	16.7101506	162.563056	121.932656	6.12398749	191.374609	36	19.8171745	4.93487099	154.214718
1	11:33:20	19.48	79.360	28.790	11557.000	29.000	79.396573	16.6335821	161.818167	121.373942	6.09592642	190.497701	36	19.8171745	4.91225864	153.508082
1	11:33:35	19.73	80.550	28.630	11541.000	29.000	80.573282	16.8801026	164.216417	123.172782	6.18627200	193.321000	36	19.8171745	4.98506149	155.783172
1	11:33:50	19.98	79.840	28.720	11548.000	29.000	79.908816	16.7408969	162.862168	122.157010	6.13525548	191.726734	36	19.8171745	4.94395103	154.498470
1	11:34:05	20.23	79.710	28.740	11549.000	29.000	79.762056	16.7101506	162.563056	121.932656	6.12398749	191.374609	36	19.8171745	4.93487099	154.214718
1	11:34:20	20.48	79.280	28.800	11544.000	29.000	79.323719	16.6183192	161.669683	121.262569	6.09033281	190.322900	36	19.8171745	4.90775115	153.367224
1	11:34:35	20.73	79.460	28.780	11529.000	29.000	79.469508	16.6488620	161.966815	121.485438	6.10152622	190.672694	36	19.8171745	4.91677110	153.649097
1	11:34:50	20.98	80.610	28.620	11531.000	29.000	80.647523	16.8956560	164.367726	123.286274	6.19197206	193.499127	36	19.8171745	4.98965475	155.926711
1	11:35:05	21.23	79.730	28.740	11549.000	29.000	79.762056	16.7101506	162.563056	121.932656	6.12398749	191.374609	36	19.8171745	4.93487099	154.214718
1	11:35:20	21.48	79.790	28.730	11516.000	29.000	79.835395	16.7255153	162.712529	122.044771	6.12961836	191.550574	36	19.8171745	4.93940849	154.356515
1	11:35:35	21.73	80.180	28.680	11519.000	29.000	80.203315	16.8025944	163.462386	122.607211	6.15786657	192.433330	36	19.8171745	4.96217164	155.067864
1	11:35:50	21.98	79.530	28.770	11535.000	29.000	79.542524	16.6641587	162.115628	121.597057	6.10713222	190.847882	36	19.8171745	4.92128857	153.790268
1	11:36:05	22.23	79.070	28.830	11531.000	29.000	79.105639	16.5726314	161.225213	120.929189	6.07358900	189.799656	36	19.8171745	4.89425855	152.945580
1	11:36:20	22.48	78.770	28.870	11561.000	29.000	78.815986	16.5119491	160.634872	120.486395	6.05134998	189.104687	36	19.8171745	4.87633776	152.385555
1	11:36:35	22.73	80.270	28.670	11525.000	29.000	80.277144	16.8180616	163.612858	122.720074	6.16353504	192.610470	36	19.8171745	4.96673945	155.210608
1	11:36:50	22.98	79.450	28.780	11548.000	29.000	79.469508	16.6488620	161.966815	121.485438	6.10152622	190.672694	36	19.8171745	4.91677110	153.649097
1	11:37:05	23.23	79.250	28.800	11560.000	29.000	79.323719	16.6183192	161.669683	121.262569	6.09033281	190.322900	36	19.8171745	4.90775115	153.367224
1	11:37:20	23.48	79.390	28.790	11547.000	29.000	79.396573	16.6335821	161.818167	121.373942	6.09592642	190.497701	36	19.8171745	4.91225864	153.508082
1	11:37:35	23.73	79.890	28.720	11559.000	29.000	79.908816	16.7408969	162.862168	122.157010	6.13525548	191.726734	36	19.8171745	4.94395103	154.498470
1	11:37:50	23.98	79.640	28.750	11557.000	29.000	79.688797	16.6948030	162.413748	121.820666	6.11836284	191.198839	36	19.8171745	4.93033850	154.073078
1	11:38:05	24.23	79.720	28.740	11556.000	29.000	79.762056	16.7101506	162.563056	121.932656	6.12398749	191.374609	36	19.8171745	4.93487099	154.214718
1	11:38:20	24.48	78.890	28.850	11604.000	29.000	78.960653	16.5422568	160.929717	120.707548	6.06245722	189.451788	36	19.8171745	4.88528827	152.665259
1	11:38:35	24.73	78.880	28.860	11551.000	29.000	78.888280	16.5270946	160.782213	120.596911	6.05690054	189.278142	36	19.8171745	4.88081055	152.525330
1	11:38:50	24.98	79.270	28.800	11562.000	29.000	79.323719	16.6183192	161.669683	121.262569	6.09033281	190.322900	36	19.8171745	4.90775115	153.367224
1	11:39:05	25.23	79.180	28.810	11553.000	29.000	79.250945	16.6030731	161.521362	121.151320	6.08474537	190.148293	36	19.8171745	4.90324865	153.226520
1	11:39:20	25.48	78.590	28.900	11576.000	29.000	78.599583	16.4666127	160.193821	120.155579	6.03473496	188.585468	36	19.8171745	4.86294894	151.967154
1	11:39:35	25.73	78.620	28.890	11586.000	29.000	78.671638	16.4817082	160.340676	120.265730	6.04026720	188.758350	36	19.8171745	4.86740697	152.106468
1	11:39:50	25.98	79.260	28.800	11596.000	29.000	79.323719	16.6183192	161.669683	121.262569	6.09033281	190.322900	36	19.8171745	4.90775115	153.367224
1	11:40:05	26.23	79.460	28.780	11602.000	29.000	79.469508	16.6488620	161.966815	121.485438	6.10152622	190.672694	36	19.8171745	4.91677110	153.649097
1	11:40:20	26.48	79.200	28.810	11602.000	29.000	79.250945	16.6030731	161.521362	121.151320	6.08474537	190.148293	36	19.8171745	4.90324865	153.226520
1	11:40:35	26.73	78.880	28.860	11599.000	29.000	78.888280	16.5270946	160.782213	120.596911	6.05690054	189.278142	36	19.8171745	4.88081055	152.525330
1	11:40:50	26.98	78.060	28.970	11591.000	29.000	78.097413	16.3614080	159.170348	119.387909	5.99617923	187.380601	36	19.8171745	4.83187971	150.996241
1	11:41:05	27.23	77.720	29.020	11599.000	29.000	77.741077	16.2867555	158.444098	118.843176	5.96882035	186.525636	36	19.8171745	4.80983320	150.307288
1	11:41:20	27.48	78.530	28.900	11618.000	29.000	78.599583	16.4666127	160.193821	120.155579	6.03473496	188.585468	36	19.8171745	4.86294894	151.967154
1	11:41:35	27.73	78.240	28.940	11655.000	29.000	78.312156	16.4063966	159.608015	119.716187	6.01266678	187.895837	36	19.8171745	4.84516582	151.411432
1	11:41:50	27.98	78.360	28.930	11631.000	29.000	78.383894	16.4214258	159.754225	119.825854	6.01817473	188.067960	36	19.8171745	4.84960427	151.550133
1	11:42:05	28.23	77.510	29.050	11605.000	29.000	77.528210	16.2421601	158.010256	118.517766	5.95247686	186.014902	36	19.8171745	4.79666319	149.895725
1	11:42:20	28.48	77.830	29.000	11642.000	29.000	77.883377	16.3165674	158.734120	119.060710	5.97974589	186.867059	36	19.8171745	4.81863730	150.582416
1	11:42:35	28.73	78.120	28.960	11626.000	29.000	78.168915	16.3763878	159.316077	119.497215	6.00166904	187.552158	36	19.8171745	4.83630355	151.134486
1	11:42:50	28.98	77.760	29.010	11655.000	29.000	77.812188	16.3016533	158.589030	118.951883	5.97428013	186.696254	36	19.8171745	4.81423284	150.444776
1	11:43:05	29.23	77.160	29.100	11661.000	29.000	77.174983	16.1681589	157.290343	117.977785	5.92535670	185.167397	36	19.8171745	4.77480905	149.212783
1	11:43:20	29.48	77.660	29.030	11665.000	29.000	77.670043	16.2718741	158.299326	118.734587	5.96336655	186.355205	36	19.8171745	4.80543839	150.169950
1	11:43:35	29.73	78.260	28.940	11702.000	29.000	78.312156	16.4063966	159.608015	119.716187	6.01266678	187.895837	36	19.8171745	4.84516582	151.411432
1	11:43:50	29.98	77.650	29.030	11705.000	29.000	77.670043	16.2718741	158.299326	118.734587	5.96336655	186.355205	36	19.8171745	4.80543839	150.169950
1	11:44:05	30.23	77.570	29.040	11684.000	29.000	77.599088	16.2570090	158.154712	118.626117	5.95791872	186.184960	36	19.8171745	4.80104839	150.032762
1	11:44:20	30.48	78.140	28.960	11680.000	29.000	78.168915	16.3763878	159.316077	119.497215	6.00166904	187.552158	36	19.8171745	4.83630355	151.134486
1	11:44:35	30.73	76.920	29.130	11710.000	29.000	76.963971	16.1239520	156.860280	117.655211	5.90915560	184.661113	36	19.8171745	4.76175377	148.804805
1	11:44:50	30.98	77.320	29.070	11724.000	29.000	77.386688	16.2125110	157.721818	118.301419	5.94161099	185.675344	36	19.8171745	4.78790719	149.622100
1	11:45:05	31.23	77.320	29.070	11686.000	29.000	77.386688	16.2125110	157.721818	118.301419	5.94161099	185.675344	36	19.8171745	4.78790719	149.622100
1	11:45:20	31.48	76.500	29.190	11722.000	29.000	76.544015	16.0359711	156.004366	117.013221	5.87691208	183.653502	36	19.8171745	4.73577109	147.992847
1	11:45:35	31.73	78.090	28.970	11728.000	29.000	78.097413	16.3614080	159.170348	119.387909	5.99617923	187.380601	36	19.8171745	4.83187971	150.996241
1	11:45:50	31.98	77.050	29.110	11733.000	29.000	77.104569	16.1534072	157.146832	117.870143	5.91995043	184.998451	36	19.8171745	4.77045253	149.076642
1	11:46:05	32.23	76.770	29.150	11741.000	29.000	76.823680	16.0945610	156.574353	117.440747	5.89838431	184.324510	36	19.8171745	4.75307398	148.533562
1	11:46:20	32.48	76.290	29.220	11742.000	29.000	76.335063	15.9921958	155.578503	116.693796	5.86086918	183.152162	36	19.8171745	4.72284330	147.588853
1	11:46:35	32.73	76.930	29.130	11755.000	29.000	76.963971	16.1239520	156.860280	117.655211	5.90915560	184.661113	36	19.8171745	4.76175377	148.804805
1	11:46:50	32.98	76.670	29.170	11742.000	29.000	76.683695	16.0652341	156.289049	117.226751	5.88763649	183.988640	36	19.8171745	4.74441311	148.262910
1	11:47:05	33.23	76.050	29.260	11760.000	29.000	76.057520	15.9340505	155.012843	116.269515	5.83955993	182.486248	36	19.8171745	4.70567174	147.052242
1	11:47:20	33.48	76.050	-5.060	89.000	29.000	-3052.183100	-639.4323595	-6220.654782	-4665.887687	-234.34114105	-7323.160658	36	19.8171745	-188.83828550	-5901.196422
