Chamber	Time	Logtime_min	OxyPercent_airsat	Phase	Amp	TempC	per_air-sat	per_oxygen	pO2_hPa	pO2_Torr	cO2_mg_L	cO2_umol_L	Salinity	chlorinity	SalCorcO2_mg_L	SalCorcO2_umol_L
6	11:13:53	0.00	69.400	30.230	19075.000	29.000	69.679455	14.5978459	142.013707	106.519335	5.34986354	167.183236	36	19.8171745	4.31106145	134.720670
6	11:14:08	0.24	69.520	30.210	19025.000	29.000	69.804447	14.6240317	142.268453	106.710410	5.35946019	167.483131	36	19.8171745	4.31879468	134.962334
6	11:14:23	0.49	70.470	30.060	19042.000	29.000	70.750295	14.8221869	144.196186	108.156333	5.43208071	169.752522	36	19.8171745	4.37731421	136.791069
6	11:14:38	0.74	69.370	30.230	18999.000	29.000	69.679455	14.5978459	142.013707	106.519335	5.34986354	167.183236	36	19.8171745	4.31106145	134.720670
6	11:14:53	0.99	69.520	30.210	18924.000	29.000	69.804447	14.6240317	142.268453	106.710410	5.35946019	167.483131	36	19.8171745	4.31879468	134.962334
6	11:15:08	1.24	69.220	30.260	18931.000	29.000	69.492458	14.5586699	141.632587	106.233470	5.33550620	166.734569	36	19.8171745	4.29949192	134.359123
6	11:15:23	1.49	69.400	30.230	18898.000	29.000	69.679455	14.5978459	142.013707	106.519335	5.34986354	167.183236	36	19.8171745	4.31106145	134.720670
6	11:15:38	1.74	69.050	30.280	18949.000	29.000	69.368118	14.5326208	141.379171	106.043392	5.32595964	166.436239	36	19.8171745	4.29179905	134.118720
6	11:15:53	1.99	71.980	29.820	18891.000	29.000	72.295134	15.1458307	147.344723	110.517936	5.55069068	173.459084	36	19.8171745	4.47289326	139.777915
6	11:16:08	2.24	69.550	30.200	18946.000	29.000	69.867041	14.6371452	142.396026	106.806098	5.36426605	167.633314	36	19.8171745	4.32266737	135.083355
6	11:16:23	2.49	71.570	29.880	18808.000	29.000	71.905234	15.0641466	146.550068	109.921894	5.52075486	172.523589	36	19.8171745	4.44877019	139.024068
6	11:16:38	2.74	68.860	30.310	18906.000	29.000	69.182096	14.4936490	141.000038	105.759018	5.31167715	165.989911	36	19.8171745	4.28028984	133.759058
6	11:16:53	2.99	71.640	29.870	18862.000	29.000	71.970045	15.0777245	146.682159	110.020971	5.52573092	172.679091	36	19.8171745	4.45278003	139.149376
6	11:17:08	3.24	71.090	29.960	18761.000	29.000	71.389213	14.9560401	145.498364	109.133050	5.48113566	171.285489	36	19.8171745	4.41684399	138.026375
6	11:17:23	3.49	71.480	29.900	18704.000	29.000	71.775819	15.0370340	146.286305	109.724056	5.51081854	172.213080	36	19.8171745	4.44076324	138.773851
6	11:17:38	3.74	69.900	30.150	18717.000	29.000	70.180999	14.7029192	143.035903	107.286046	5.38837114	168.386598	36	19.8171745	4.34209189	135.690371
6	11:17:53	3.99	70.740	30.010	18751.000	29.000	71.068911	14.8889368	144.845557	108.643402	5.45654344	170.516983	36	19.8171745	4.39702693	137.407092
6	11:18:08	4.24	72.630	29.720	18768.000	29.000	72.950525	15.2831349	148.680474	111.519835	5.60101038	175.031574	36	19.8171745	4.51344221	141.045069
6	11:18:23	4.49	72.310	29.770	18715.000	29.000	72.621957	15.2142999	148.010820	111.017551	5.57578351	174.243235	36	19.8171745	4.49311373	140.409804
6	11:18:38	4.74	72.780	29.700	18744.000	29.000	73.082444	15.3107720	148.949338	111.721500	5.61113887	175.348090	36	19.8171745	4.52160402	141.300126
6	11:18:53	4.99	71.320	29.920	18687.000	29.000	71.646677	15.0099788	146.023102	109.526636	5.50090328	171.903228	36	19.8171745	4.43277326	138.524164
6	11:19:08	5.24	72.140	29.800	18648.000	29.000	72.425655	15.1731746	147.610736	110.717463	5.56071179	173.772243	36	19.8171745	4.48096854	140.030267
6	11:19:23	5.49	72.800	29.690	18638.000	29.000	73.148509	15.3246126	149.083986	111.822494	5.61621124	175.506601	36	19.8171745	4.52569147	141.427858
6	11:19:38	5.74	73.140	29.640	18660.000	29.000	73.479897	15.3940383	149.759387	112.329088	5.64165460	176.301706	36	19.8171745	4.54619439	142.068575
6	11:19:53	5.99	71.880	29.840	18625.000	29.000	72.164891	15.1185448	147.079275	110.318833	5.54069086	173.146589	36	19.8171745	4.46483515	139.526098
6	11:20:08	6.24	74.210	29.480	18577.000	29.000	74.552356	15.6187185	151.945166	113.968562	5.72399607	178.874877	36	19.8171745	4.61254733	144.142104
6	11:20:23	6.49	72.380	29.760	18688.000	29.000	72.687530	15.2280376	148.144465	111.117794	5.58081813	174.400567	36	19.8171745	4.49717076	140.536586
6	11:20:38	6.74	72.580	29.730	18551.000	29.000	72.884671	15.2693386	148.546257	111.419164	5.59595424	174.873570	36	19.8171745	4.50936783	140.917745
6	11:20:53	6.99	73.730	29.560	18521.000	29.000	74.013822	15.5058958	150.847581	113.145303	5.68264847	177.582765	36	19.8171745	4.57922834	143.100886
6	11:21:08	7.24	74.190	29.490	18536.000	29.000	74.484785	15.6045625	151.807451	113.865266	5.71880814	178.712754	36	19.8171745	4.60836676	144.011461
6	11:21:23	7.49	73.180	29.640	18499.000	29.000	73.479897	15.3940383	149.759387	112.329088	5.64165460	176.301706	36	19.8171745	4.54619439	142.068575
6	11:21:38	7.74	73.710	29.560	18489.000	29.000	74.013822	15.5058958	150.847581	113.145303	5.68264847	177.582765	36	19.8171745	4.57922834	143.100886
6	11:21:53	7.99	73.930	29.530	18443.000	29.000	74.215230	15.5480906	151.258069	113.453196	5.69811215	178.066005	36	19.8171745	4.59168938	143.490293
6	11:22:08	8.24	73.530	29.580	18461.000	29.000	73.879911	15.4778414	150.574657	112.940593	5.67236700	177.261469	36	19.8171745	4.57094326	142.841977
6	11:22:23	8.49	73.910	29.530	18437.000	29.000	74.215230	15.5480906	151.258069	113.453196	5.69811215	178.066005	36	19.8171745	4.59168938	143.490293
6	11:22:38	8.74	73.410	29.600	18460.000	29.000	73.746287	15.4498471	150.302317	112.736321	5.66210757	176.940862	36	19.8171745	4.56267594	142.583623
6	11:22:53	8.99	73.830	29.540	18384.000	29.000	74.148022	15.5340106	151.121093	113.350455	5.69295205	177.904751	36	19.8171745	4.58753123	143.360351
6	11:23:08	9.24	73.430	29.600	18347.000	29.000	73.746287	15.4498471	150.302317	112.736321	5.66210757	176.940862	36	19.8171745	4.56267594	142.583623
6	11:23:23	9.49	73.510	29.590	18387.000	29.000	73.813063	15.4638367	150.438414	112.838402	5.66723453	177.101079	36	19.8171745	4.56680738	142.712731
6	11:23:38	9.74	73.660	29.570	18261.000	29.000	73.946831	15.4918611	150.711046	113.042893	5.67750497	177.422030	36	19.8171745	4.57508357	142.971362
6	11:23:53	9.99	74.410	29.450	18363.000	29.000	74.755504	15.6612782	152.359203	114.279116	5.73959347	179.362296	36	19.8171745	4.62511612	144.534879
6	11:24:08	10.24	74.020	29.510	18357.000	29.000	74.349862	15.5762962	151.532464	113.659009	5.70844901	178.389031	36	19.8171745	4.60001909	143.750597
6	11:24:23	10.49	74.620	29.420	18416.000	29.000	74.959311	15.7039757	152.774582	114.590677	5.75524141	179.851294	36	19.8171745	4.63772565	144.928926
6	11:24:38	10.74	75.020	29.360	18258.000	29.000	75.368912	15.7897871	153.609390	115.216836	5.78668981	180.834057	36	19.8171745	4.66306760	145.720862
6	11:24:53	10.99	74.900	29.380	18331.000	29.000	75.232083	15.7611214	153.330519	115.007665	5.77618433	180.505760	36	19.8171745	4.65460201	145.456313
6	11:25:08	11.24	75.860	29.240	18219.000	29.000	76.196141	15.9630916	155.295365	116.481425	5.85020298	182.818843	36	19.8171745	4.71424819	147.320256
6	11:25:23	11.49	76.290	29.180	18288.000	29.000	76.613817	16.0505946	156.146630	117.119928	5.88227136	183.820980	36	19.8171745	4.74008974	148.127805
6	11:25:38	11.74	74.520	29.440	18256.000	29.000	74.823367	15.6754953	152.497514	114.382858	5.74480382	179.525119	36	19.8171745	4.62931476	144.666086
6	11:25:53	11.99	76.060	29.210	18247.000	29.000	76.404638	16.0067717	155.720303	116.800155	5.86621100	183.319094	36	19.8171745	4.72714787	147.723371
6	11:26:08	12.24	76.160	29.200	18228.000	29.000	76.474288	16.0213634	155.862257	116.906630	5.87155862	183.486207	36	19.8171745	4.73145713	147.858035
6	11:26:23	12.49	77.850	28.960	18198.000	29.000	78.168915	16.3763878	159.316077	119.497215	6.00166904	187.552158	36	19.8171745	4.83630355	151.134486
6	11:26:38	12.74	75.660	29.270	18221.000	29.000	75.988323	15.9195537	154.871811	116.163732	5.83424707	182.320221	36	19.8171745	4.70139050	146.918453
6	11:26:53	12.99	76.070	29.210	18161.000	29.000	76.404638	16.0067717	155.720303	116.800155	5.86621100	183.319094	36	19.8171745	4.72714787	147.723371
6	11:27:08	13.24	74.970	29.370	18181.000	29.000	75.300461	15.7754465	153.469879	115.112194	5.78143423	180.669820	36	19.8171745	4.65883252	145.588516
6	11:27:23	13.49	74.770	29.400	18210.000	29.000	75.095550	15.7325177	153.052250	114.798946	5.76570156	180.178174	36	19.8171745	4.64615471	145.192335
6	11:27:38	13.74	75.070	29.360	18112.000	29.000	75.368912	15.7897871	153.609390	115.216836	5.78668981	180.834057	36	19.8171745	4.66306760	145.720862
6	11:27:53	13.99	75.470	29.300	18134.000	29.000	75.781181	15.8761574	154.449635	115.847073	5.81834306	181.823221	36	19.8171745	4.68857463	146.517957
6	11:28:08	14.24	76.900	29.090	18147.000	29.000	77.245474	16.1829268	157.434011	118.085545	5.93076887	185.336527	36	19.8171745	4.77917032	149.349072
6	11:28:23	14.49	74.980	29.370	18090.000	29.000	75.300461	15.7754465	153.469879	115.112194	5.78143423	180.669820	36	19.8171745	4.65883252	145.588516
6	11:28:38	14.74	76.430	29.160	18051.000	29.000	76.753650	16.0798896	156.431623	117.333691	5.89300747	184.156484	36	19.8171745	4.74874118	148.398162
6	11:28:53	14.99	76.850	29.100	18145.000	29.000	77.174983	16.1681589	157.290343	117.977785	5.92535670	185.167397	36	19.8171745	4.77480905	149.212783
6	11:29:08	15.24	78.410	28.880	18017.000	29.000	78.743772	16.4968203	160.487693	120.376002	6.04580554	188.931423	36	19.8171745	4.87186991	152.245935
6	11:29:23	15.49	77.920	28.950	18069.000	29.000	78.240496	16.3913840	159.461966	119.606641	6.00716489	187.723903	36	19.8171745	4.84073225	151.272883
6	11:29:38	15.74	76.800	29.110	18027.000	29.000	77.104569	16.1534072	157.146832	117.870143	5.91995043	184.998451	36	19.8171745	4.77045253	149.076642
6	11:29:53	15.99	79.350	28.750	17958.000	29.000	79.688797	16.6948030	162.413748	121.820666	6.11836284	191.198839	36	19.8171745	4.93033850	154.073078
6	11:30:08	16.24	77.090	29.060	17992.000	29.000	77.457410	16.2273274	157.865958	118.409533	5.94704096	185.845030	36	19.8171745	4.79228279	149.758837
6	11:30:23	16.49	79.130	28.780	17972.000	29.000	79.469508	16.6488620	161.966815	121.485438	6.10152622	190.672694	36	19.8171745	4.91677110	153.649097
6	11:30:38	16.74	78.490	28.870	17940.000	29.000	78.815986	16.5119491	160.634872	120.486395	6.05134998	189.104687	36	19.8171745	4.87633776	152.385555
6	11:30:53	17.00	78.910	28.810	17953.000	29.000	79.250945	16.6030731	161.521362	121.151320	6.08474537	190.148293	36	19.8171745	4.90324865	153.226520
6	11:31:08	17.24	78.830	28.820	17835.000	29.000	79.178252	16.5878438	161.373206	121.040193	6.07916410	189.973878	36	19.8171745	4.89875112	153.085972
6	11:31:23	17.49	78.520	28.860	17753.000	29.000	78.888280	16.5270946	160.782213	120.596911	6.05690054	189.278142	36	19.8171745	4.88081055	152.525330
6	11:31:38	17.74	78.350	28.890	17803.000	29.000	78.671638	16.4817082	160.340676	120.265730	6.04026720	188.758350	36	19.8171745	4.86740697	152.106468
6	11:31:53	17.99	78.500	28.870	17765.000	29.000	78.815986	16.5119491	160.634872	120.486395	6.05134998	189.104687	36	19.8171745	4.87633776	152.385555
6	11:32:08	18.24	77.870	28.950	17863.000	29.000	78.240496	16.3913840	159.461966	119.606641	6.00716489	187.723903	36	19.8171745	4.84073225	151.272883
6	11:32:23	18.49	78.020	28.930	17785.000	29.000	78.383894	16.4214258	159.754225	119.825854	6.01817473	188.067960	36	19.8171745	4.84960427	151.550133
6	11:32:38	18.74	78.230	28.900	17849.000	29.000	78.599583	16.4666127	160.193821	120.155579	6.03473496	188.585468	36	19.8171745	4.86294894	151.967154
6	11:32:53	18.99	79.130	28.780	17804.000	29.000	79.469508	16.6488620	161.966815	121.485438	6.10152622	190.672694	36	19.8171745	4.91677110	153.649097
6	11:33:08	19.24	78.240	28.900	17788.000	29.000	78.599583	16.4666127	160.193821	120.155579	6.03473496	188.585468	36	19.8171745	4.86294894	151.967154
6	11:33:23	19.49	78.710	28.840	17813.000	29.000	79.033106	16.5574357	161.077384	120.818307	6.06802004	189.625626	36	19.8171745	4.88977094	152.805342
6	11:33:38	19.74	78.700	28.840	17821.000	29.000	79.033106	16.5574357	161.077384	120.818307	6.06802004	189.625626	36	19.8171745	4.88977094	152.805342
6	11:33:53	19.99	78.660	28.840	17798.000	29.000	79.033106	16.5574357	161.077384	120.818307	6.06802004	189.625626	36	19.8171745	4.88977094	152.805342
6	11:34:08	20.24	78.500	28.870	17791.000	29.000	78.815986	16.5119491	160.634872	120.486395	6.05134998	189.104687	36	19.8171745	4.87633776	152.385555
6	11:34:23	20.49	78.320	28.890	17831.000	29.000	78.671638	16.4817082	160.340676	120.265730	6.04026720	188.758350	36	19.8171745	4.86740697	152.106468
6	11:34:38	20.74	79.220	28.770	17875.000	29.000	79.542524	16.6641587	162.115628	121.597057	6.10713222	190.847882	36	19.8171745	4.92128857	153.790268
6	11:34:53	20.99	78.340	28.890	17909.000	29.000	78.671638	16.4817082	160.340676	120.265730	6.04026720	188.758350	36	19.8171745	4.86740697	152.106468
6	11:35:08	21.24	78.060	28.930	17877.000	29.000	78.383894	16.4214258	159.754225	119.825854	6.01817473	188.067960	36	19.8171745	4.84960427	151.550133
6	11:35:23	21.49	78.770	28.830	17905.000	29.000	79.105639	16.5726314	161.225213	120.929189	6.07358900	189.799656	36	19.8171745	4.89425855	152.945580
6	11:35:38	21.74	77.800	28.960	17873.000	29.000	78.168915	16.3763878	159.316077	119.497215	6.00166904	187.552158	36	19.8171745	4.83630355	151.134486
6	11:35:53	21.99	77.840	28.960	17886.000	29.000	78.168915	16.3763878	159.316077	119.497215	6.00166904	187.552158	36	19.8171745	4.83630355	151.134486
6	11:36:08	22.24	78.110	28.920	17920.000	29.000	78.455711	16.4364716	159.900596	119.935642	6.02368873	188.240273	36	19.8171745	4.85404760	151.688987
6	11:36:23	22.49	77.050	29.070	17963.000	29.000	77.386688	16.2125110	157.721818	118.301419	5.94161099	185.675344	36	19.8171745	4.78790719	149.622100
6	11:36:38	22.74	76.820	29.100	17967.000	29.000	77.174983	16.1681589	157.290343	117.977785	5.92535670	185.167397	36	19.8171745	4.77480905	149.212783
6	11:36:53	22.99	78.360	28.890	17948.000	29.000	78.671638	16.4817082	160.340676	120.265730	6.04026720	188.758350	36	19.8171745	4.86740697	152.106468
6	11:37:08	23.24	77.070	29.070	17973.000	29.000	77.386688	16.2125110	157.721818	118.301419	5.94161099	185.675344	36	19.8171745	4.78790719	149.622100
6	11:37:23	23.49	77.230	29.040	17984.000	29.000	77.599088	16.2570090	158.154712	118.626117	5.95791872	186.184960	36	19.8171745	4.80104839	150.032762
6	11:37:38	23.74	76.630	29.130	17982.000	29.000	76.963971	16.1239520	156.860280	117.655211	5.90915560	184.661113	36	19.8171745	4.76175377	148.804805
6	11:37:53	23.99	76.590	29.140	18010.000	29.000	76.893788	16.1092485	156.717239	117.547921	5.90376702	184.492719	36	19.8171745	4.75741151	148.669110
6	11:38:08	24.24	76.350	29.170	18022.000	29.000	76.683695	16.0652341	156.289049	117.226751	5.88763649	183.988640	36	19.8171745	4.74441311	148.262910
6	11:38:23	24.49	75.310	29.320	18001.000	29.000	75.643460	15.8473049	154.168946	115.636538	5.80776911	181.492785	36	19.8171745	4.68005386	146.251683
6	11:38:38	24.74	75.910	29.230	18052.000	29.000	76.265565	15.9776358	155.436857	116.587553	5.85553318	182.985412	36	19.8171745	4.71854341	147.454482
6	11:38:53	24.99	75.570	29.280	18060.000	29.000	75.919201	15.9050725	154.730933	116.058065	5.82893998	182.154374	36	19.8171745	4.69711391	146.784810
6	11:39:08	25.24	75.610	29.280	18090.000	29.000	75.919201	15.9050725	154.730933	116.058065	5.82893998	182.154374	36	19.8171745	4.69711391	146.784810
6	11:39:23	25.49	75.620	29.280	18134.000	29.000	75.919201	15.9050725	154.730933	116.058065	5.82893998	182.154374	36	19.8171745	4.69711391	146.784810
6	11:39:38	25.74	77.280	29.040	18121.000	29.000	77.599088	16.2570090	158.154712	118.626117	5.95791872	186.184960	36	19.8171745	4.80104839	150.032762
6	11:39:53	25.99	75.570	29.280	18133.000	29.000	75.919201	15.9050725	154.730933	116.058065	5.82893998	182.154374	36	19.8171745	4.69711391	146.784810
6	11:40:08	26.24	75.350	29.320	18128.000	29.000	75.643460	15.8473049	154.168946	115.636538	5.80776911	181.492785	36	19.8171745	4.68005386	146.251683
6	11:40:23	26.49	74.990	29.370	18139.000	29.000	75.300461	15.7754465	153.469879	115.112194	5.78143423	180.669820	36	19.8171745	4.65883252	145.588516
6	11:40:38	26.74	75.670	29.270	18207.000	29.000	75.988323	15.9195537	154.871811	116.163732	5.83424707	182.320221	36	19.8171745	4.70139050	146.918453
6	11:40:53	26.99	75.820	29.250	18265.000	29.000	76.126793	15.9485632	155.154027	116.375412	5.84487856	182.652455	36	19.8171745	4.70995764	147.186176
6	11:41:08	27.24	75.070	29.360	18207.000	29.000	75.368912	15.7897871	153.609390	115.216836	5.78668981	180.834057	36	19.8171745	4.66306760	145.720862
6	11:41:23	27.49	75.180	29.340	18276.000	29.000	75.506037	15.8185148	153.888865	115.426460	5.79721804	181.163064	36	19.8171745	4.67155153	145.985985
6	11:41:38	27.74	75.210	29.340	18222.000	29.000	75.506037	15.8185148	153.888865	115.426460	5.79721804	181.163064	36	19.8171745	4.67155153	145.985985
6	11:41:53	27.99	74.340	29.460	18289.000	29.000	74.687715	15.6470763	152.221042	114.175486	5.73438873	179.199648	36	19.8171745	4.62092201	144.403813
6	11:42:08	28.24	74.280	29.470	18251.000	29.000	74.619999	15.6328898	152.083030	114.071968	5.72918960	179.037175	36	19.8171745	4.61673241	144.272888
6	11:42:23	28.49	73.790	29.550	18310.000	29.000	74.080886	15.5199456	150.984264	113.247824	5.68779749	177.743672	36	19.8171745	4.58337755	143.230549
6	11:42:38	28.74	72.940	29.670	18298.000	29.000	73.280851	15.3523384	149.353713	112.024807	5.62637226	175.824133	36	19.8171745	4.53387948	141.683734
6	11:42:53	28.99	73.950	29.520	18300.000	29.000	74.282510	15.5621858	151.395193	113.556047	5.70327780	178.227431	36	19.8171745	4.59585200	143.620375
6	11:43:08	29.24	73.030	29.660	18309.000	29.000	73.347129	15.3662235	149.488793	112.126125	5.63146092	175.983154	36	19.8171745	4.53798006	141.811877
6	11:43:23	29.49	74.870	29.390	18397.000	29.000	75.163780	15.7468118	153.191309	114.903249	5.77094011	180.341879	36	19.8171745	4.65037608	145.324252
6	11:43:38	29.74	73.410	29.600	18418.000	29.000	73.746287	15.4498471	150.302317	112.736321	5.66210757	176.940862	36	19.8171745	4.56267594	142.583623
6	11:43:53	29.99	73.160	29.640	18371.000	29.000	73.479897	15.3940383	149.759387	112.329088	5.64165460	176.301706	36	19.8171745	4.54619439	142.068575
6	11:44:08	30.24	73.170	29.640	18416.000	29.000	73.479897	15.3940383	149.759387	112.329088	5.64165460	176.301706	36	19.8171745	4.54619439	142.068575
6	11:44:23	30.49	73.930	29.530	18421.000	29.000	74.215230	15.5480906	151.258069	113.453196	5.69811215	178.066005	36	19.8171745	4.59168938	143.490293
6	11:44:38	30.74	72.980	29.670	18484.000	29.000	73.280851	15.3523384	149.353713	112.024807	5.62637226	175.824133	36	19.8171745	4.53387948	141.683734
6	11:44:53	30.99	72.400	29.760	18449.000	29.000	72.687530	15.2280376	148.144465	111.117794	5.58081813	174.400567	36	19.8171745	4.49717076	140.536586
6	11:45:08	31.24	72.040	29.810	18506.000	29.000	72.360360	15.1594954	147.477659	110.617647	5.55569857	173.615580	36	19.8171745	4.47692875	139.904024
6	11:45:23	31.49	72.400	29.760	18535.000	29.000	72.687530	15.2280376	148.144465	111.117794	5.58081813	174.400567	36	19.8171745	4.49717076	140.536586
6	11:45:38	31.74	74.010	29.510	18532.000	29.000	74.349862	15.5762962	151.532464	113.659009	5.70844901	178.389031	36	19.8171745	4.60001909	143.750597
6	11:45:53	31.99	70.690	30.020	18553.000	29.000	71.005053	14.8755587	144.715408	108.545783	5.45164057	170.363768	36	19.8171745	4.39307606	137.283627
6	11:46:08	32.24	70.460	30.060	18563.000	29.000	70.750295	14.8221869	144.196186	108.156333	5.43208071	169.752522	36	19.8171745	4.37731421	136.791069
6	11:46:23	32.49	71.630	29.880	18625.000	29.000	71.905234	15.0641466	146.550068	109.921894	5.52075486	172.523589	36	19.8171745	4.44877019	139.024068
6	11:46:38	32.74	72.380	29.760	18591.000	29.000	72.687530	15.2280376	148.144465	111.117794	5.58081813	174.400567	36	19.8171745	4.49717076	140.536586
6	11:46:53	32.99	71.440	29.900	18679.000	29.000	71.775819	15.0370340	146.286305	109.724056	5.51081854	172.213080	36	19.8171745	4.44076324	138.773851
6	11:47:08	33.24	70.950	29.980	18628.000	29.000	71.260889	14.9291562	145.236827	108.936880	5.47128317	170.977599	36	19.8171745	4.40890460	137.778269
