7530-432503
OS REV: 1.07 Sensor Cal: 1628751600 Averages: 30
Time (sec),  Bat (Volts),   T (deg C),  PAR (umol/(s m^2))  Ax (mg), Ay (mg), Az (mg)
1664738340, +3.48, +27.532,   +27.8, +1313.0,  -144.0,  +484.0
1664738940, +3.48, +27.515,   +31.2, +1292.0,  -154.0,  +548.0
1664739540, +3.48, +27.507,   +21.5, +1283.0,  -160.0,  +566.0
1664740140, +3.48, +27.507,   +42.2, +1295.0,  -154.0,  +542.0
1664740740, +3.49, +27.515,   +40.4, +1295.0,  -152.0,  +544.0
1664741340, +3.49, +27.507,   +47.3, +1283.0,  -160.0,  +572.0
1664741940, +3.49, +27.507,   +49.5, +1299.0,  -148.0,  +536.0
1664742540, +3.49, +27.507,   +56.4, +1302.0,  -148.0,  +528.0
1664743140, +3.48, +27.507,   +60.1, +1287.0,  -157.0,  +556.0
1664743740, +3.48, +27.474,   +62.1, +1308.0,  -144.0,  +504.0
1664744340, +3.49, +27.474,   +65.8, +1328.0,  -116.0,  +399.0
1664744940, +3.49, +27.490,   +73.1, +1304.0,  -148.0,  +515.0
1664745540, +3.48, +27.499,   +78.5, +1278.0,  -160.0,  +572.0
1664746140, +3.48, +27.474,   +84.8, +1302.0,  -148.0,  +528.0
1664746740, +3.49, +27.490,   +87.0, +1310.0,  -144.0,  +499.0
1664747340, +3.49, +27.523,  +100.1, +1296.0,  -152.0,  +536.0
1664747940, +3.49, +27.507,  +104.1, +1294.0,  -154.0,  +544.0
1664748540, +3.49, +27.499,  +101.1, +1302.0,  -148.0,  +524.0
1664749140, +3.49, +27.532,  +104.1, +1272.0,  -168.0,  +579.0
1664749740, +3.49, +27.556,  +105.4, +1209.0,  -180.0,  +608.0
1664750340, +3.49, +27.523,  +110.2, +1289.0,  -160.0,  +560.0
1664750940, +3.49, +27.532,  +116.1, +1265.0,  -168.0,  +588.0
1664751540, +3.49, +27.523,  +113.7, +1297.0,  -152.0,  +536.0
1664752140, +3.49, +27.515,  +117.3, +1299.0,  -148.0,  +528.0
1664752740, +3.49, +27.515,  +118.4, +1307.0,  -144.0,  +512.0
1664753340, +3.49, +27.540,  +120.4, +1292.0,  -154.0,  +550.0
1664753940, +3.49, +27.532,  +129.2, +1295.0,  -154.0,  +540.0
1664754540, +3.49, +27.540,   +64.6, +1272.0,  -164.0,  +576.0
1664755140, +3.49, +27.507,  +116.1, +1300.0,  -152.0,  +526.0
1664755740, +3.49, +27.540,  +130.2, +1292.0,  -154.0,  +552.0
1664756340, +3.49, +27.540,   +51.3, +1299.0,  -154.0,  +536.0
1664756940, +3.49, +27.523,  +110.5, +1295.0,  -152.0,  +542.0
1664757540, +3.49, +27.548,   +93.4, +1260.0,  -168.0,  +594.0
1664758140, +3.49, +27.540,  +107.1, +1308.0,  -148.0,  +504.0
1664758740, +3.49, +27.565,  +101.7, +1305.0,  -144.0,  +515.0
1664759340, +3.49, +27.556,   +95.3, +1270.0,  -168.0,  +584.0
1664759940, +3.49, +27.548,   +91.6, +1240.0,  -176.0,  +608.0
1664760540, +3.49, +27.532,   +85.1, +1288.0,  -157.0,  +560.0
1664761140, +3.49, +27.565,   +87.5, +1267.0,  -168.0,  +584.0
1664761740, +3.49, +27.573,   +76.7, +1294.0,  -154.0,  +551.0
1664762340, +3.49, +27.589,   +72.1, +1300.0,  -148.0,  +528.0
1664762940, +3.49, +27.573,   +71.8, +1268.0,  -160.0,  +582.0
1664763540, +3.49, +27.556,   +65.8, +1240.0,  -176.0,  +601.0
1664764140, +3.49, +27.556,   +60.4, +1257.0,  -170.0,  +592.0
1664764740, +3.49, +27.565,   +53.7, +1223.0,  -180.0,  +608.0
1664765340, +3.49, +27.581,   +45.2, +1225.0,  -176.0,  +608.0
1664765940, +3.49, +27.556,   +38.0, +1304.0,  -152.0,  +524.0
1664766540, +3.49, +27.565,   +32.5, +1296.0,  -152.0,  +544.0
1664767140, +3.49, +27.556,   +29.0, +1265.0,  -168.0,  +588.0
1664767740, +3.49, +27.548,   +26.4, +1223.0,  -178.0,  +611.0
1664768340, +3.49, +27.548,   +22.4, +1231.0,  -178.0,  +608.0
1664768940, +3.49, +27.565,   +20.0, +1239.0,  -176.0,  +604.0
1664769540, +3.49, +27.556,   +17.0, +1286.0,  -160.0,  +563.0
1664770140, +3.49, +27.540,   +11.7, +1296.0,  -152.0,  +542.0
1664770740, +3.49, +27.532,    +9.6, +1273.0,  -164.0,  +579.0
1664771340, +3.49, +27.573,    +6.6, +1295.0,  -152.0,  +540.0
1664771940, +3.49, +27.556,    +4.2, +1297.0,  -152.0,  +536.0
1664772540, +3.49, +27.532,    +3.5, +1295.0,  -152.0,  +544.0
1664773140, +3.49, +27.581,    +2.0, +1283.0,  -160.0,  +560.0
1664773740, +3.49, +27.556,    +0.8, +1302.0,  -148.0,  +526.0
1664774340, +3.49, +27.556,    -0.1, +1292.0,  -152.0,  +550.0
1664774940, +3.49, +27.565,    -0.5, +1307.0,  -144.0,  +512.0
1664775540, +3.49, +27.589,    -0.4, +1289.0,  -154.0,  +552.0
1664776140, +3.49, +27.581,    +0.3, +1235.0,  -177.0,  +608.0
1664776740, +3.49, +27.581,    +0.6, +1283.0,  -160.0,  +568.0
1664777340, +3.49, +27.573,    -0.5, +1264.0,  -168.0,  +584.0
1664777940, +3.49, +27.548,    -0.0, +1294.0,  -156.0,  +550.0
1664778540, +3.49, +27.581,    +0.2, +1307.0,  -148.0,  +519.0
1664779140, +3.49, +27.548,    -0.3, +1316.0,  -140.0,  +464.0
1664779740, +3.49, +27.565,    -0.7, +1303.0,  -152.0,  +528.0
1664780340, +3.49, +27.565,    -0.7, +1289.0,  -157.0,  +560.0
1664780940, +3.49, +27.565,    -0.3, +1287.0,  -157.0,  +560.0
1664781540, +3.49, +27.548,    +0.1, +1255.0,  -172.0,  +596.0
1664782140, +3.49, +27.540,    +0.2, +1295.0,  -152.0,  +544.0
1664782740, +3.49, +27.540,    -0.5, +1308.0,  -119.0,  +406.0
1664783340, +3.49, +27.540,    -0.4, +1295.0,  -120.0,  +395.0
1664783940, +3.49, +27.532,    +0.2, +1304.0,  -123.0,  +399.0
1664784540, +3.49, +27.523,    +0.1, +1219.0,  -180.0,  +608.0
1664785140, +3.49, +27.548,    -0.1, +1222.0,  -180.0,  +608.0
1664785740, +3.49, +27.548,    +0.2, +1291.0,  -117.0,  +399.0
1664786340, +3.49, +27.556,    +0.0, +1204.0,  -184.0,  +608.0
1664786940, +3.49, +27.573,    +0.5, +1201.0,  -184.0,  +608.0
1664787540, +3.49, +27.573,    -0.5, +1283.0,  -114.0,  +391.0
1664788140, +3.49, +27.597,    -0.1, +1201.0,  -184.0,  +608.0
1664788740, +3.49, +27.581,    -0.5, +1200.0,  -184.0,  +606.0
1664789340, +3.49, +27.573,    -0.4, +1257.0,  -170.0,  +596.0
1664789940, +3.49, +27.556,    -0.7, +1315.0,  -144.0,  +472.0
1664790540, +3.49, +27.581,    -0.4, +1324.0,  -116.0,  +412.0
1664791140, +3.49, +27.581,    +0.2, +1316.0,  -144.0,  +468.0
1664791740, +3.49, +27.573,    +0.2, +1284.0,  -157.0,  +563.0
1664792340, +3.49, +27.597,    -0.4, +1295.0,  -154.0,  +550.0
1664792940, +3.49, +27.565,    -0.4, +1287.0,  -156.0,  +560.0
1664793540, +3.49, +27.573,    -0.1, +1292.0,  -153.0,  +547.0
1664794140, +3.49, +27.565,    -0.4, +1273.0,  -160.0,  +576.0
1664794740, +3.49, +27.581,    +0.4, +1272.0,  -160.0,  +580.0
1664795340, +3.49, +27.589,    -0.3, +1308.0,  -148.0,  +512.0
1664795940, +3.49, +27.606,    +0.1, +1289.0,  -154.0,  +556.0
1664796540, +3.49, +27.589,    -0.4, +1295.0,  -152.0,  +536.0
1664797140, +3.49, +27.589,    -0.2, +1304.0,  -152.0,  +524.0
1664797740, +3.49, +27.589,    -0.5, +1304.0,  -148.0,  +519.0
1664798340, +3.49, +27.556,    -0.2, +1295.0,  -152.0,  +542.0
1664798940, +3.49, +27.573,    -0.6, +1288.0,  -157.0,  +560.0
1664799540, +3.49, +27.565,    +0.0, +1267.0,  -168.0,  +588.0
1664800140, +3.49, +27.565,    -0.1, +1296.0,  -152.0,  +536.0
1664800740, +3.49, +27.573,    -0.0, +1304.0,  -148.0,  +515.0
1664801340, +3.49, +27.581,    -0.1, +1270.0,  -168.0,  +584.0
1664801940, +3.49, +27.565,    +0.4, +1264.0,  -168.0,  +590.0
1664802540, +3.49, +27.589,    -0.1, +1300.0,  -148.0,  +534.0
1664803140, +3.49, +27.581,    -0.4, +1286.0,  -160.0,  +563.0
1664803740, +3.49, +27.581,    -0.2, +1281.0,  -160.0,  +572.0
1664804340, +3.49, +27.573,    -0.2, +1267.0,  -168.0,  +588.0
1664804940, +3.49, +27.556,    -0.2, +1288.0,  -157.0,  +560.0
1664805540, +3.49, +27.565,    +0.1, +1249.0,  -168.0,  +596.0
1664806140, +3.49, +27.581,    -0.2, +1294.0,  -156.0,  +548.0
1664806740, +3.49, +27.540,    -0.5, +1292.0,  -154.0,  +550.0
1664807340, +3.49, +27.573,    +0.0, +1294.0,  -152.0,  +544.0
1664807940, +3.49, +27.573,    -0.2, +1302.0,  -148.0,  +528.0
1664808540, +3.49, +27.573,    -0.2, +1291.0,  -154.0,  +552.0
1664809140, +3.49, +27.565,    -0.1, +1240.0,  -176.0,  +606.0
1664809740, +3.49, +27.565,    -0.3, +1288.0,  -159.0,  +556.0
1664810340, +3.49, +27.556,    -0.3, +1262.0,  -168.0,  +592.0
1664810940, +3.49, +27.573,    -0.1, +1276.0,  -160.0,  +576.0
1664811540, +3.49, +27.565,    +0.1, +1300.0,  -152.0,  +531.0
1664812140, +3.49, +27.548,    +0.0, +1286.0,  -160.0,  +560.0
1664812740, +3.49, +27.515,    -0.4, +1275.0,  -164.0,  +574.0
1664813340, +3.49, +27.548,    -0.2, +1296.0,  -152.0,  +540.0
1664813940, +3.49, +27.540,    -0.4, +1292.0,  -154.0,  +556.0
1664814540, +3.49, +27.523,    -0.5, +1304.0,  -148.0,  +520.0
1664815140, +3.49, +27.540,    -0.9, +1292.0,  -152.0,  +550.0
1664815740, +3.49, +27.540,    -0.5, +1304.0,  -148.0,  +524.0
1664816340, +3.49, +27.507,    +0.0, +1272.0,  -164.0,  +582.0
1664816940, +3.49, +27.548,    +1.0, +1292.0,  -154.0,  +552.0
1664817540, +3.49, +27.523,    +2.0, +1304.0,  -148.0,  +528.0
1664818140, +3.49, +27.532,    +2.7, +1272.0,  -164.0,  +580.0
1664818740, +3.49, +27.540,    +4.5, +1287.0,  -156.0,  +560.0
1664819340, +3.49, +27.532,    +7.2, +1233.0,  -178.0,  +608.0
1664819940, +3.49, +27.532,    +8.5, +1288.0,  -154.0,  +552.0
1664820540, +3.49, +27.548,   +10.4, +1288.0,  -154.0,  +556.0
1664821140, +3.49, +27.556,   +15.0, +1264.0,  -168.0,  +590.0
1664821740, +3.49, +27.540,   +13.5, +1283.0,  -160.0,  +568.0
1664822340, +3.49, +27.556,   +15.6, +1292.0,  -153.0,  +550.0
1664822940, +3.49, +27.565,   +15.7, +1294.0,  -152.0,  +550.0
1664823540, +3.49, +27.548,   +20.0, +1294.0,  -152.0,  +544.0
1664824140, +3.49, +27.556,   +24.0, +1272.0,  -160.0,  +577.0
1664824740, +3.49, +27.556,   +17.6, +1295.0,  -154.0,  +544.0
