7530-432503
OS REV: 1.07 Sensor Cal: 1628751600 Averages: 30
Time (sec),  Bat (Volts),   T (deg C),  PAR (umol/(s m^2))  Ax (mg), Ay (mg), Az (mg)
1674933660, +3.41, +29.129,   +93.6, +1057.0,   +63.0,  +515.0
1674934260, +3.42, +29.121,   +94.9, +1100.0,   +80.0,  +456.0
1674934860, +3.41, +29.113,  +112.4, +1068.0,   +65.0,  +476.0
1674935460, +3.41, +29.137,  +225.0, +1100.0,   +58.0,  +495.0
1674936060, +3.41, +29.146,  +199.3, +1103.0,   +71.0,  +511.0
1674936660, +3.42, +29.129,  +262.3, +1084.0,   +43.0,  +503.0
1674937260, +3.41, +29.137,  +295.5, +1063.0,   +62.0,  +476.0
1674937860, +3.41, +29.146,  +335.5, +1071.0,   +61.0,  +464.0
1674938460, +3.42, +29.129,  +343.4, +1070.0,   +67.0,  +487.0
1674939060, +3.41, +29.170,  +369.0, +1065.0,   +57.0,  +527.0
1674939660, +3.41, +29.178,  +450.7, +1080.0,   +56.0,  +519.0
1674940260, +3.41, +29.186,  +502.7,  +993.0,   +48.0,  +527.0
1674940860, +3.41, +29.178,  +602.3, +1223.0,  +112.0,  +664.0
1674941460, +3.41, +29.194,  +732.5, +1257.0,  +139.0,  +578.0
1674942060, +3.41, +29.203,  +226.2, +1152.0,   +78.0,  +668.0
1674942660, +3.41, +29.194,  +901.1, +1153.0,   +80.0,  +670.0
1674943260, +3.41, +29.170,  +660.1, +1270.0,  +135.0,  +615.0
1674943860, +3.41, +29.194,  +169.3, +1166.0,   +84.0,  +670.0
1674944460, +3.41, +29.186,  +154.7, +1052.0,   +57.0,  +504.0
1674945060, +3.41, +29.194,  +171.4, +1043.0,   +79.0,  +543.0
1674945660, +3.41, +29.194,  +218.4, +1270.0,  +153.0,  +601.0
1674946260, +3.41, +29.211,  +204.3, +1031.0,   +19.0,  +540.0
1674946860, +3.41, +29.186,  +265.5, +1243.0,  +141.0,  +557.0
1674947460, +3.41, +29.194,  +322.6, +1208.0,  +100.0,  +672.0
1674948060, +3.41, +29.219,  +958.4, +1187.0,   +88.0,  +672.0
1674948660, +3.41, +29.235,  +842.8, +1264.0,  +144.0,  +598.0
1674949260, +3.41, +29.227, +1049.8, +1161.0,   +80.0,  +672.0
1674949860, +3.41, +29.243,  +974.6, +1256.0,  +125.0,  +640.0
1674950460, +3.41, +29.243, +1095.4, +1068.0,   +47.0,  +467.0
1674951060, +3.41, +29.251,  +947.7, +1176.0,   +88.0,  +672.0
1674951660, +3.41, +29.251,  +733.7, +1257.0,  +146.0,  +591.0
1674952260, +3.41, +29.260,  +974.3, +1172.0,   +84.0,  +668.0
1674952860, +3.41, +29.235,  +302.9, +1078.0,   +35.0,  +508.0
1674953460, +3.41, +29.227,  +188.0, +1228.0,  +112.0,  +632.0
1674954060, +3.41, +29.260,  +151.3, +1072.0,   +52.0,  +543.0
1674954660, +3.41, +29.251,  +255.3, +1202.0,  +124.0,  +467.0
1674955260, +3.41, +29.251,  +733.5, +1084.0,   +25.0,  +536.0
1674955860, +3.41, +29.260,  +328.9, +1068.0,   +68.0,  +540.0
1674956460, +3.41, +29.268,   +77.6, +1076.0,  +112.0,  +521.0
1674957060, +3.41, +29.251,   +81.9, +1089.0,   +41.0,  +561.0
1674957660, +3.42, +29.260,  +119.6, +1086.0,   +51.0,  +504.0
1674958260, +3.42, +29.243,  +127.2, +1088.0,   +40.0,  +527.0
1674958860, +3.41, +29.235,  +103.2, +1078.0,   +40.0,  +495.0
1674959460, +3.41, +29.243,   +91.2, +1072.0,   +62.0,  +511.0
1674960060, +3.41, +29.251,   +96.3, +1072.0,   +78.0,  +539.0
1674960660, +3.42, +29.251,  +182.2, +1236.0,  +135.0,  +505.0
1674961260, +3.41, +29.268,  +334.9, +1144.0,  +104.0,  +492.0
1674961860, +3.42, +29.260,  +597.9, +1095.0,   +76.0,  +496.0
1674962460, +3.42, +29.268,  +470.9, +1233.0,  +112.0,  +600.0
1674963060, +3.42, +29.260,  +191.3, +1203.0,   +72.0,  +689.0
1674963660, +3.42, +29.300,  +486.4, +1117.0,  +119.0,  +472.0
1674964260, +3.42, +29.292,  +528.5, +1225.0,  +139.0,  +487.0
1674964860, +3.42, +29.300,  +420.1, +1191.0,  +124.0,  +496.0
1674965460, +3.42, +29.284,  +193.5, +1219.0,  +104.0,  +664.0
1674966060, +3.42, +29.292,  +192.0, +1184.0,  +126.0,  +491.0
1674966660, +3.42, +29.268,  +110.4, +1095.0,   +84.0,  +472.0
1674967260, +3.42, +29.284,  +205.1, +1263.0,  +143.0,  +543.0
1674967860, +3.42, +29.268,  +165.2, +1251.0,  +164.0,  +519.0
1674968460, +3.42, +29.260,  +118.7, +1271.0,  +141.0,  +588.0
1674969060, +3.42, +29.260,   +86.7, +1222.0,  +151.0,  +496.0
1674969660, +3.42, +29.260,   +54.7, +1267.0,  +134.0,  +624.0
1674970260, +3.42, +29.284,   +23.1, +1228.0,  +103.0,  +555.0
1674970860, +3.42, +29.251,   +17.0, +1138.0,  +103.0,  +478.0
1674971460, +3.42, +29.260,    +7.2, +1193.0,  +119.0,  +480.0
1674972060, +3.42, +29.251,    +2.9, +1241.0,  +142.0,  +504.0
1674972660, +3.42, +29.251,    +0.3, +1153.0,  +115.0,  +426.0
1674973260, +3.42, +29.260,    +0.0, +1257.0,  +116.0,  +664.0
1674973860, +3.42, +29.260,    +0.3, +1319.0,  +174.0,  +551.0
1674974460, +3.42, +29.243,    -0.0, +1183.0,   +79.0,  +726.0
1674975060, +3.42, +29.260,    -0.3, +1251.0,  +153.0,  +472.0
1674975660, +3.42, +29.276,    -0.2, +1267.0,  +158.0,  +492.0
1674976260, +3.42, +29.284,    -0.2, +1230.0,  +155.0,  +489.0
1674976860, +3.42, +29.268,    +0.1, +1086.0,   +63.0,  +489.0
1674977460, +3.42, +29.276,    +0.0, +1182.0,  +121.0,  +476.0
1674978060, +3.42, +29.276,    +0.1, +1095.0,   +59.0,  +505.0
1674978660, +3.42, +29.235,    -0.1, +1078.0,   +56.0,  +511.0
1674979260, +3.42, +29.268,    +0.1, +1239.0,  +112.0,  +627.0
1674979860, +3.42, +29.260,    +0.0, +1287.0,  +145.0,  +601.0
1674980460, +3.42, +29.251,    -0.3, +1244.0,  +156.0,  +496.0
1674981060, +3.42, +29.243,    -0.0, +1166.0,  +112.0,  +475.0
1674981660, +3.42, +29.251,    +0.3, +1239.0,  +153.0,  +486.0
1674982260, +3.42, +29.251,    -0.3, +1073.0,   +71.0,  +467.0
1674982860, +3.42, +29.235,    -0.3, +1201.0,   +88.0,  +680.0
1674983460, +3.42, +29.211,    +0.1, +1216.0,   +99.0,  +676.0
1674984060, +3.42, +29.203,    +0.1, +1116.0,   +88.0,  +484.0
1674984660, +3.42, +29.186,    -0.3, +1091.0,   +73.0,  +464.0
1674985260, +3.42, +29.235,    -0.1, +1073.0,   +94.0,  +470.0
1674985860, +3.42, +29.251,    +0.1, +1175.0,  +103.0,  +469.0
1674986460, +3.42, +29.243,    -0.1, +1231.0,  +140.0,  +494.0
1674987060, +3.42, +29.235,    -0.0, +1220.0,  +104.0,  +672.0
1674987660, +3.42, +29.235,    -0.0, +1123.0,   +81.0,  +469.0
1674988260, +3.42, +29.227,    +0.1, +1240.0,  +112.0,  +588.0
1674988860, +3.42, +29.211,    -0.2, +1183.0,   +67.0,  +478.0
1674989460, +3.42, +29.235,    +0.2, +1080.0,   +79.0,  +483.0
1674990060, +3.42, +29.194,    -0.1, +1222.0,  +104.0,  +675.0
1674990660, +3.42, +29.219,    -0.4, +1233.0,  +108.0,  +633.0
1674991260, +3.42, +29.178,    +0.2, +1167.0,  +114.0,  +468.0
1674991860, +3.42, +29.186,    -0.2, +1094.0,   +69.0,  +476.0
1674992460, +3.42, +29.146,    -0.1, +1265.0,  +152.0,  +527.0
1674993060, +3.42, +29.194,    -0.0, +1248.0,  +153.0,  +504.0
1674993660, +3.42, +29.186,    -0.1, +1109.0,   +60.0,  +510.0
1674994260, +3.41, +29.203,    +0.1, +1107.0,   +79.0,  +494.0
1674994860, +3.41, +29.162,    -0.2, +1249.0,  +159.0,  +495.0
1674995460, +3.41, +29.203,    +0.0, +1279.0,  +147.0,  +582.0
1674996060, +3.41, +29.194,    +0.1, +1270.0,  +168.0,  +530.0
1674996660, +3.41, +29.186,    -0.3, +1192.0,  +135.0,  +491.0
1674997260, +3.41, +29.170,    +0.0, +1063.0,   +88.0,  +416.0
1674997860, +3.41, +29.170,    +0.0, +1158.0,  +113.0,  +502.0
1674998460, +3.41, +29.162,    -0.5, +1161.0,  +117.0,  +472.0
1674999060, +3.41, +29.146,    -0.0, +1255.0,  +157.0,  +511.0
1674999660, +3.41, +29.146,    -0.1, +1200.0,   +96.0,  +672.0
1675000260, +3.41, +29.154,    -0.3, +1217.0,  +108.0,  +670.0
1675000860, +3.41, +29.137,    -0.1, +1096.0,   +51.0,  +488.0
1675001460, +3.41, +29.154,    +0.1, +1248.0,  +120.0,  +656.0
1675002060, +3.41, +29.178,    +0.1, +1174.0,  +120.0,  +487.0
1675002660, +3.41, +29.154,    +0.1, +1217.0,  +102.0,  +672.0
1675003260, +3.41, +29.146,    -0.4, +1116.0,   +69.0,  +508.0
1675003860, +3.41, +29.146,    -0.2, +1267.0,  +143.0,  +583.0
1675004460, +3.41, +29.146,    -0.1, +1209.0,  +139.0,  +467.0
1675005060, +3.41, +29.113,    +0.0, +1277.0,  +142.0,  +614.0
1675005660, +3.41, +29.121,    +0.2, +1230.0,  +108.0,  +668.0
1675006260, +3.41, +29.113,    -0.4, +1273.0,  +143.0,  +624.0
1675006860, +3.41, +29.105,    -0.0, +1040.0,   +71.0,  +483.0
1675007460, +3.41, +29.113,    +0.0, +1136.0,  +105.0,  +470.0
1675008060, +3.41, +29.105,    +0.1, +1251.0,  +151.0,  +526.0
1675008660, +3.41, +29.072,    -0.0, +1084.0,   +86.0,  +472.0
1675009260, +3.41, +29.097,    +0.1, +1096.0,   +49.0,  +515.0
1675009860, +3.41, +29.097,    -0.2, +1089.0,   +64.0,  +447.0
1675010460, +3.41, +29.113,    +0.2, +1132.0,  +100.0,  +481.0
1675011060, +3.41, +29.113,    +0.3, +1084.0,   +84.0,  +488.0
1675011660, +3.41, +29.121,    +0.2, +1095.0,   +24.0,  +519.0
1675012260, +3.41, +29.121,    +2.0, +1073.0,   +62.0,  +436.0
1675012860, +3.41, +29.097,    +8.1, +1072.0,   +72.0,  +480.0
1675013460, +3.41, +29.105,   +18.0, +1276.0,  +148.0,  +596.0
1675014060, +3.41, +29.105,   +29.0, +1079.0,   +63.0,  +491.0
1675014660, +3.41, +29.105,   +36.8, +1063.0,   +63.0,  +499.0
1675015260, +3.41, +29.072,   +41.6, +1068.0,   +63.0,  +521.0
1675015860, +3.41, +29.072,   +45.8, +1072.0,   +46.0,  +551.0
1675016460, +3.41, +29.072,   +60.3, +1062.0,   +57.0,  +519.0
1675017060, +3.41, +29.064,   +67.5, +1080.0,   +68.0,  +529.0
1675017660, +3.41, +29.080,   +70.3, +1057.0,   +49.0,  +519.0
1675018260, +3.41, +29.056,   +74.9, +1075.0,   +56.0,  +480.0
1675018860, +3.41, +29.080,   +71.1, +1043.0,   +63.0,  +531.0
1675019460, +3.41, +29.089,  +126.9, +1056.0,   +71.0,  +543.0
1675020060, +3.41, +29.072,   +59.1, +1072.0,   +70.0,  +531.0
