Date	Time (HH:MM:SS)	Time (s)	Ch1	Ch2	Ch3	Ch4
1/27/2019	20:49:12	0	4.0388	4.0366	4.0972	4.0917
1/27/2019	20:49:15	2.44	4.0387	4.0412	4.0993	4.0898
1/27/2019	20:49:17	4.12	4.0376	4.048	4.1002	4.0912
1/27/2019	20:49:18	5.62	4.0376	4.0494	4.1002	4.0902
1/27/2019	20:49:20	7.22	4.0376	4.0481	4.0989	4.0904
1/27/2019	20:49:22	9.39	4.0389	4.0445	4.0995	4.091
1/27/2019	20:49:23	10.78	4.0414	4.0403	4.102	4.0928
1/27/2019	20:49:25	12.22	4.0435	4.037	4.1032	4.0931
1/27/2019	20:49:26	13.64	4.0446	4.0347	4.1043	4.0909
1/27/2019	20:49:27	14.89	4.0432	4.0361	4.1032	4.0904
1/27/2019	20:49:29	16.25	4.0407	4.0392	4.1013	4.0894
1/27/2019	20:49:30	17.64	4.0401	4.0425	4.1016	4.0916
1/27/2019	20:49:32	19.09	4.0413	4.0442	4.1012	4.0913
1/27/2019	20:49:33	20.44	4.0423	4.0442	4.1023	4.0932
1/27/2019	20:49:35	22.16	4.0398	4.0417	4.1029	4.0946
1/27/2019	20:49:36	23.69	4.0388	4.0387	4.1023	4.0943
1/27/2019	20:49:38	25.06	4.0388	4.0355	4.1043	4.0932
1/27/2019	20:49:39	26.44	4.0393	4.0316	4.1045	4.0905
1/27/2019	20:49:40	27.86	4.0394	4.0313	4.1045	4.0894
1/27/2019	20:49:42	29.36	4.0387	4.0336	4.1028	4.0894
1/27/2019	20:49:44	31.19	4.0394	4.0383	4.103	4.0897
1/27/2019	20:49:45	32.52	4.0377	4.0386	4.1055	4.0911
1/27/2019	20:49:46	33.86	4.0385	4.0353	4.1066	4.0915
1/27/2019	20:49:48	35.94	4.0397	4.0322	4.1053	4.0932
1/27/2019	20:49:50	37.81	4.0406	4.0308	4.1015	4.0942
1/27/2019	20:49:52	39.22	4.0388	4.0306	4.1003	4.0958
1/27/2019	20:49:53	40.64	4.0368	4.0317	4.0988	4.0953
1/27/2019	20:49:55	42.45	4.0352	4.0328	4.1001	4.0969
1/27/2019	20:49:57	44.28	4.035	4.0346	4.1008	4.0942
1/27/2019	20:49:59	46.14	4.0349	4.0337	4.1019	4.093
1/27/2019	20:50:00	47.92	4.0358	4.0307	4.1019	4.0905
1/27/2019	20:50:02	49.89	4.034	4.0284	4.1028	4.0909
1/27/2019	20:50:04	51.59	4.0342	4.0274	4.1029	4.0924
1/27/2019	20:50:06	53.34	4.0355	4.0303	4.104	4.0936
1/27/2019	20:50:08	55.16	4.038	4.0313	4.1027	4.0946
1/27/2019	20:50:09	56.87	4.0377	4.0321	4.1039	4.0921
1/27/2019	20:50:11	58.73	4.0368	4.0294	4.1023	4.0922
1/27/2019	20:50:13	60.42	4.0365	4.0285	4.1029	4.0939
1/27/2019	20:50:15	62.06	4.0384	4.0275	4.1027	4.0972
1/27/2019	20:50:16	64	4.0409	4.028	4.104	4.0967
1/27/2019	20:50:19	66.23	4.0442	4.0291	4.1053	4.0949
1/27/2019	20:50:21	68.27	4.0461	4.0335	4.1046	4.0924
1/27/2019	20:50:22	69.95	4.0451	4.0368	4.1072	4.0913
1/27/2019	20:50:24	71.34	4.0434	4.038	4.1087	4.0913
1/27/2019	20:50:26	73.09	4.0413	4.0346	4.1089	4.0926
1/27/2019	20:50:28	75.3	4.04	4.0307	4.1069	4.0924
1/27/2019	20:50:29	76.67	4.038	4.0267	4.1042	4.0957
1/27/2019	20:50:30	78.03	4.0369	4.0261	4.1038	4.098
1/27/2019	20:50:32	79.31	4.0368	4.0269	4.1029	4.0986
1/27/2019	20:50:33	80.52	4.0404	4.0287	4.102	4.0957
1/27/2019	20:50:35	82.31	4.0433	4.0281	4.1029	4.0947
1/27/2019	20:50:36	84.03	4.0454	4.0264	4.1042	4.0952
1/27/2019	20:50:38	85.27	4.0433	4.0272	4.1053	4.0956
1/27/2019	20:50:39	86.47	4.0414	4.0278	4.1062	4.095
1/27/2019	20:50:41	88.34	4.0404	4.0306	4.1066	4.0958
1/27/2019	20:50:43	90.89	4.0401	4.0285	4.1055	4.096
1/27/2019	20:50:45	92.56	4.0396	4.0285	4.1059	4.0971
1/27/2019	20:50:46	93.98	4.0381	4.0259	4.105	4.0961
1/27/2019	20:50:49	96.44	4.0368	4.0254	4.1065	4.0953
1/27/2019	20:50:51	98.11	4.037	4.0237	4.1072	4.0953
1/27/2019	20:50:52	99.94	4.0365	4.0228	4.1079	4.0964
1/27/2019	20:50:54	101.39	4.0361	4.0218	4.1083	4.096
1/27/2019	20:50:56	103.61	4.0352	4.0237	4.106	4.0947
1/27/2019	20:50:59	106.72	4.034	4.0275	4.1047	4.0938
1/27/2019	20:51:04	111.06	4.0351	4.0284	4.1043	4.0957
1/27/2019	20:51:05	112.8	4.0361	4.0255	4.1059	4.0971
1/27/2019	20:51:07	114.09	4.0388	4.0192	4.1072	4.098
1/27/2019	20:51:08	115.27	4.04	4.0221	4.1089	4.0977
1/27/2019	20:51:10	117.53	4.0407	4.0281	4.1082	4.099
1/27/2019	20:51:11	118.69	4.0399	4.0354	4.1084	4.1003
1/27/2019	20:51:13	120.53	4.0391	4.034	4.1082	4.101
1/27/2019	20:51:15	122.5	4.0393	4.0279	4.1069	4.0997
1/27/2019	20:51:19	126.31	4.0431	4.0241	4.1059	4.0987
1/27/2019	20:51:21	128.61	4.0432	4.024	4.1048	4.0976
1/27/2019	20:51:24	131.95	4.0422	4.026	4.1049	4.0975
1/27/2019	20:51:27	134.19	4.0386	4.0226	4.1063	4.0973
1/27/2019	20:51:28	135.44	4.0378	4.0216	4.1056	4.0973
1/27/2019	20:51:29	136.62	4.0386	4.0181	4.1073	4.0983
1/27/2019	20:51:31	138.36	4.0386	4.0192	4.1076	4.0975
1/27/2019	20:51:32	139.97	4.0381	4.0172	4.109	4.0982
1/27/2019	20:51:34	141.22	4.0352	4.0204	4.1103	4.0972
1/27/2019	20:51:35	142.83	4.0348	4.0214	4.1085	4.0995
1/27/2019	20:51:37	144.81	4.0343	4.0226	4.108	4.1003
1/27/2019	20:51:38	145.95	4.0342	4.0207	4.1069	4.0999
1/27/2019	20:51:40	147.06	4.0349	4.0185	4.107	4.098
1/27/2019	20:51:42	149.19	4.0365	4.0166	4.1065	4.0962
1/27/2019	20:51:43	150.36	4.0387	4.0159	4.1052	4.0962
1/27/2019	20:51:44	151.48	4.0387	4.0155	4.1073	4.0988
1/27/2019	20:51:45	152.7	4.0386	4.0155	4.1083	4.0997
1/27/2019	20:51:47	154.17	4.0376	4.0139	4.1099	4.1004
1/27/2019	20:51:49	156.42	4.0384	4.0129	4.1093	4.1009
1/27/2019	20:51:51	158.36	4.0371	4.0095	4.1102	4.1023
1/27/2019	20:51:52	159.59	4.039	4.0088	4.1113	4.1024
1/27/2019	20:51:53	160.73	4.0386	4.0073	4.1106	4.1006
1/27/2019	20:51:55	162.11	4.0405	4.0074	4.1105	4.0991
1/27/2019	20:51:56	163.89	4.041	4.007	4.1092	4.098
1/27/2019	20:51:57	164.98	4.0422	4.007	4.1107	4.0968
1/27/2019	20:51:59	166.34	4.0429	4.0081	4.1109	4.0969
1/27/2019	20:52:00	167.59	4.0422	4.0093	4.11	4.0984
1/27/2019	20:52:01	168.98	4.0421	4.0129	4.1083	4.0998
1/27/2019	20:52:03	170.62	4.0421	4.0148	4.1063	4.1006
1/27/2019	20:52:05	172.48	4.0409	4.0172	4.108	4.099
1/27/2019	20:52:07	174.09	4.0408	4.0197	4.1093	4.0985
1/27/2019	20:52:08	175.27	4.0406	4.0229	4.1122	4.0987
1/27/2019	20:52:09	176.42	4.0429	4.0249	4.113	4.0987
1/27/2019	20:52:10	177.55	4.0421	4.0245	4.1126	4.1011
1/27/2019	20:52:11	178.72	4.0418	4.0225	4.1112	4.102
1/27/2019	20:52:12	179.83	4.0399	4.0204	4.1099	4.1034
1/27/2019	20:52:14	181.27	4.0408	4.017	4.1107	4.1004
1/27/2019	20:52:15	182.94	4.0418	4.0139	4.1103	4.0997
1/27/2019	20:52:17	184.56	4.0408	4.0106	4.1122	4.0991
1/27/2019	20:52:18	186	4.0415	4.009	4.1116	4.0993
1/27/2019	20:52:20	187.66	4.0389	4.0081	4.1119	4.0988
1/27/2019	20:52:21	188.87	4.0401	4.0055	4.1106	4.0978
1/27/2019	20:52:23	190.75	4.0379	4.0038	4.1115	4.1013
1/27/2019	20:52:24	191.84	4.0411	4.0024	4.1116	4.0991
1/27/2019	20:52:25	192.97	4.0438	4.0049	4.1106	4.1009
1/27/2019	20:52:27	194.12	4.0447	4.0068	4.1097	4.0975
1/27/2019	20:52:28	195.37	4.0437	4.0111	4.1096	4.0986
1/27/2019	20:52:29	196.64	4.0416	4.0106	4.1109	4.0983
1/27/2019	20:52:31	198.87	4.0414	4.0089	4.1112	4.0991
1/27/2019	20:52:32	200.03	4.0396	4.0045	4.111	4.0998
1/27/2019	20:52:34	201.87	4.0376	4.0038	4.1113	4.1016
1/27/2019	20:52:35	202.98	4.0371	4.0067	4.1107	4.1012
1/27/2019	20:52:37	204.11	4.0373	4.0119	4.1117	4.1017
1/27/2019	20:52:38	205.25	4.037	4.0131	4.1104	4.1013
1/27/2019	20:52:39	206.37	4.0363	4.0116	4.1117	4.1027
1/27/2019	20:52:40	207.48	4.0357	4.0069	4.1116	4.1041
1/27/2019	20:52:41	208.62	4.0358	4.0038	4.112	4.1058
1/27/2019	20:52:42	209.75	4.0357	4.0035	4.112	4.1065
1/27/2019	20:52:43	210.97	4.0377	4.0021	4.1106	4.1054
1/27/2019	20:52:45	212.22	4.0396	4.0041	4.1116	4.103
1/27/2019	20:52:46	213.37	4.0418	4.0037	4.1107	4.1004
1/27/2019	20:52:47	214.5	4.0429	4.0048	4.1125	4.0993
1/27/2019	20:52:48	215.66	4.0434	4.005	4.1126	4.0971
1/27/2019	20:52:49	216.81	4.0434	4.0057	4.1122	4.0963
1/27/2019	20:52:50	217.92	4.0413	4.0067	4.111	4.0955
1/27/2019	20:52:51	219.05	4.0396	4.0058	4.1112	4.0948
1/27/2019	20:52:53	220.19	4.0395	4.0053	4.1102	4.096
1/27/2019	20:52:54	221.36	4.0383	4.0041	4.1106	4.0965
1/27/2019	20:52:55	222.48	4.037	4.0047	4.1095	4.099
1/27/2019	20:52:56	223.81	4.0344	4.0044	4.112	4.0974
1/27/2019	20:52:59	226.09	4.0325	4.0024	4.1126	4.0975
1/27/2019	20:53:00	227.94	4.0315	4.0007	4.113	4.0959
1/27/2019	20:53:02	229.06	4.0322	3.9976	4.1133	4.0996
1/27/2019	20:53:03	230.25	4.0328	4.0014	4.1122	4.1004
1/27/2019	20:53:04	231.55	4.0351	4.0058	4.1116	4.1016
1/27/2019	20:53:05	232.92	4.0358	4.0105	4.1107	4.0994
1/27/2019	20:53:07	234.72	4.0381	4.0099	4.1115	4.0981
1/27/2019	20:53:08	235.83	4.0402	4.0067	4.1129	4.0997
1/27/2019	20:53:09	236.97	4.0402	4.0054	4.1116	4.1011
1/27/2019	20:53:11	238.98	4.0411	4.0041	4.1112	4.1027
1/27/2019	20:53:13	240.09	4.0396	4.0021	4.1089	4.1001
1/27/2019	20:53:14	241.2	4.0405	3.9996	4.1097	4.0982
1/27/2019	20:53:15	242.33	4.0393	3.998	4.1095	4.0993
1/27/2019	20:53:16	243.47	4.0376	3.9972	4.1109	4.1013
1/27/2019	20:53:17	244.7	4.0374	3.9964	4.1126	4.1035
1/27/2019	20:53:19	246.72	4.0366	3.9959	4.1146	4.1008
1/27/2019	20:53:20	247.87	4.0361	3.997	4.1149	4.0993
1/27/2019	20:53:21	249.02	4.0344	3.9972	4.1149	4.097
1/27/2019	20:53:23	250.16	4.0324	3.9961	4.1146	4.0972
1/27/2019	20:53:24	251.27	4.0312	3.9949	4.1133	4.0967
1/27/2019	20:53:25	252.47	4.0297	3.9933	4.1116	4.0971
1/27/2019	20:53:26	253.55	4.0299	3.9965	4.1106	4.0966
1/27/2019	20:53:27	254.69	4.0309	3.996	4.1106	4.096
1/27/2019	20:53:28	255.78	4.0315	3.9982	4.1096	4.0955
1/27/2019	20:53:29	256.89	4.0303	3.9962	4.1086	4.0981
1/27/2019	20:53:30	257.98	4.0297	3.997	4.1087	4.0982
1/27/2019	20:53:32	259.12	4.0293	3.9962	4.1102	4.0994
1/27/2019	20:53:33	260.28	4.0312	3.9972	4.1107	4.0979
1/27/2019	20:53:34	261.48	4.0321	3.9956	4.1105	4.0975
1/27/2019	20:53:35	262.67	4.0321	3.9949	4.1122	4.0968
1/27/2019	20:53:37	264.55	4.0322	3.9914	4.1126	4.097
1/27/2019	20:53:38	265.77	4.0306	3.9904	4.1132	4.1
1/27/2019	20:53:39	266.91	4.0293	3.9893	4.111	4.1002
1/27/2019	20:53:41	268.12	4.0299	3.9901	4.1125	4.1004
1/27/2019	20:53:43	270.06	4.0313	3.9934	4.1127	4.099
1/27/2019	20:53:44	271.44	4.0338	3.9973	4.1137	4.1005
1/27/2019	20:53:45	272.58	4.0335	4.0009	4.112	4.0983
1/27/2019	20:53:46	273.69	4.0328	4.0008	4.1136	4.0971
1/27/2019	20:53:48	275.19	4.0313	3.9983	4.1127	4.0963
1/27/2019	20:53:49	276.48	4.0309	3.9972	4.1139	4.0994
1/27/2019	20:53:51	278.92	4.0313	3.9955	4.1132	4.1015
1/27/2019	20:53:53	280.37	4.0335	3.9972	4.1129	4.1023
1/27/2019	20:53:55	282.64	4.0329	3.997	4.1115	4.1
1/27/2019	20:53:56	283.91	4.0335	3.9981	4.1107	4.0983
1/27/2019	20:53:58	285.2	4.0315	3.9962	4.1123	4.0971
1/27/2019	20:54:00	287.09	4.0328	3.9954	4.114	4.096
1/27/2019	20:54:02	289.06	4.0328	3.9935	4.115	4.0963
1/27/2019	20:54:03	290.47	4.0335	3.9934	4.1145	4.0975
1/27/2019	20:54:04	291.81	4.0327	3.9899	4.112	4.1005
1/27/2019	20:54:06	293.14	4.0318	3.9925	4.1117	4.1007
1/27/2019	20:54:07	295.03	4.0303	3.9959	4.1106	4.1019
1/27/2019	20:54:10	297.8	4.03	3.9997	4.1129	4.1011
1/27/2019	20:54:12	299.87	4.0313	3.9961	4.1127	4.1024
1/27/2019	20:54:14	301.2	4.0341	3.9899	4.1142	4.1002
1/27/2019	20:54:15	302.59	4.0338	3.9881	4.113	4.1005
1/27/2019	20:54:16	303.86	4.0338	3.9884	4.1135	4.1009
1/27/2019	20:54:18	305.09	4.0328	3.9893	4.1119	4.1026
1/27/2019	20:54:19	306.27	4.0343	3.9883	4.1122	4.1046
1/27/2019	20:54:20	307.55	4.0325	3.9881	4.11	4.1046
1/27/2019	20:54:21	308.77	4.0319	3.9894	4.1095	4.1015
1/27/2019	20:54:23	310.83	4.0312	3.9894	4.1095	4.0989
1/27/2019	20:54:26	313.37	4.0325	3.9889	4.1099	4.0979
1/27/2019	20:54:27	314.61	4.0309	3.9875	4.1112	4.0971
1/27/2019	20:54:28	315.75	4.0305	3.9877	4.1106	4.096
1/27/2019	20:54:30	317.08	4.028	3.988	4.1106	4.0945
1/27/2019	20:54:31	318.28	4.0277	3.9881	4.1096	4.0951
1/27/2019	20:54:32	319.48	4.028	3.9859	4.1109	4.0948
1/27/2019	20:54:34	321.44	4.0277	3.9859	4.1105	4.0948
1/27/2019	20:54:36	323.08	4.0269	3.9833	4.1093	4.0939
1/27/2019	20:54:37	324.77	4.0245	3.987	4.1075	4.0938
1/27/2019	20:54:39	327	4.0266	3.9854	4.1071	4.0932
1/27/2019	20:54:41	328.33	4.0264	3.9867	4.1092	4.0979
1/27/2019	20:54:42	329.47	4.026	3.9836	4.1078	4.0997
1/27/2019	20:54:43	330.72	4.0254	3.9845	4.1096	4.1009
1/27/2019	20:54:45	332.22	4.026	3.9839	4.1092	4.0967
1/27/2019	20:54:46	333.8	4.0295	3.9821	4.1103	4.097
1/27/2019	20:54:48	335.73	4.029	3.9852	4.1102	4.0969
1/27/2019	20:54:50	337.66	4.0304	3.9867	4.1103	4.099
1/27/2019	20:54:52	339.81	4.0276	3.9883	4.1109	4.0985
1/27/2019	20:54:54	341.8	4.026	3.9846	4.1112	4.0997
1/27/2019	20:54:56	343.67	4.0259	3.9825	4.1101	4.0996
1/27/2019	20:54:58	345.81	4.0266	3.9827	4.1103	4.0986
1/27/2019	20:55:01	348.27	4.026	3.982	4.1102	4.099
1/27/2019	20:55:03	350.5	4.0244	3.9815	4.1106	4.0982
1/27/2019	20:55:06	353.27	4.0262	3.9784	4.1106	4.0979
1/27/2019	20:55:08	355.72	4.028	3.9803	4.1092	4.0959
1/27/2019	20:55:10	357.64	4.0278	3.9802	4.1081	4.0975
1/27/2019	20:55:12	359.62	4.0276	3.9806	4.1081	4.097
1/27/2019	20:55:14	361.59	4.0272	3.9765	4.1075	4.0952
1/27/2019	20:55:16	363.8	4.0273	3.9755	4.1103	4.0921
1/27/2019	20:55:19	366.75	4.0273	3.9735	4.1098	4.0948
1/27/2019	20:55:21	369.05	4.0282	3.9733	4.1095	4.096
1/27/2019	20:55:23	370.91	4.0276	3.9704	4.1058	4.096
1/27/2019	20:55:26	373.58	4.0272	3.9735	4.1049	4.0937
1/27/2019	20:55:28	375.36	4.026	3.9776	4.1039	4.0945
1/27/2019	20:55:30	377.52	4.0266	3.9829	4.1052	4.0949
1/27/2019	20:55:32	379.77	4.0232	3.9829	4.1054	4.0954
1/27/2019	20:55:34	381.3	4.0224	3.9803	4.1076	4.0956
1/27/2019	20:55:35	382.53	4.024	3.9777	4.1068	4.0974
1/27/2019	20:55:37	384.2	4.0257	3.975	4.1086	4.0981
1/27/2019	20:55:40	387.45	4.0259	3.9727	4.1069	4.0988
1/27/2019	20:55:41	388.81	4.0254	3.9698	4.1076	4.098
1/27/2019	20:55:43	390.06	4.0241	3.9692	4.1042	4.0969
1/27/2019	20:55:44	391.81	4.0247	3.9672	4.1029	4.0966
1/27/2019	20:55:46	393.08	4.0244	3.9676	4.1031	4.0973
1/27/2019	20:55:47	394.69	4.0252	3.9658	4.1047	4.0995
1/27/2019	20:55:49	396.3	4.0249	3.9663	4.1059	4.1016
1/27/2019	20:55:50	397.73	4.0233	3.9664	4.1059	4.1012
1/27/2019	20:55:52	399.19	4.021	3.9702	4.1072	4.1016
1/27/2019	20:55:54	401.09	4.0214	3.9718	4.1082	4.1015
1/27/2019	20:55:55	402.97	4.0212	3.973	4.1068	4.1015
1/27/2019	20:55:57	404.55	4.0221	3.9695	4.105	4.0989
1/27/2019	20:55:59	406.86	4.0226	3.97	4.1035	4.0958
1/27/2019	20:56:01	408.56	4.0234	3.9696	4.1064	4.0932
1/27/2019	20:56:03	410.25	4.0252	3.9716	4.1068	4.0936
1/27/2019	20:56:06	413.16	4.0226	3.9725	4.1086	4.0936
1/27/2019	20:56:07	414.75	4.0217	3.9725	4.1065	4.0945
1/27/2019	20:56:08	416.05	4.0195	3.9741	4.1059	4.094
1/27/2019	20:56:10	417.36	4.0205	3.9723	4.1051	4.0943
1/27/2019	20:56:12	419.12	4.0207	3.9707	4.1067	4.094
1/27/2019	20:56:13	420.5	4.0221	3.9672	4.1082	4.0929
1/27/2019	20:56:14	421.72	4.0207	3.966	4.1075	4.0921
1/27/2019	20:56:15	422.92	4.0197	3.9658	4.1058	4.0935
1/27/2019	20:56:17	424.17	4.0184	3.9653	4.1048	4.0946
1/27/2019	20:56:18	425.41	4.0195	3.9654	4.1045	4.0936
1/27/2019	20:56:19	426.73	4.0226	3.9658	4.1041	4.0935
1/27/2019	20:56:21	428.39	4.023	3.9676	4.1052	4.0927
1/27/2019	20:56:22	429.7	4.0239	3.9702	4.1045	4.0932
1/27/2019	20:56:23	430.92	4.0215	3.9717	4.1052	4.0918
1/27/2019	20:56:25	432.14	4.0218	3.9725	4.1042	4.092
1/27/2019	20:56:26	433.61	4.0211	3.9696	4.1065	4.0924
1/27/2019	20:56:28	435.14	4.0213	3.9681	4.1061	4.0935
1/27/2019	20:56:29	436.75	4.0204	3.9649	4.1047	4.0946
1/27/2019	20:56:31	438.14	4.0185	3.9678	4.1037	4.0935
1/27/2019	20:56:32	439.8	4.0181	3.97	4.1044	4.0921
1/27/2019	20:56:34	441.22	4.0166	3.974	4.1062	4.0894
1/27/2019	20:56:35	442.75	4.0182	3.9724	4.1055	4.0901
1/27/2019	20:56:37	444.25	4.0189	3.9692	4.1034	4.0902
1/27/2019	20:56:38	445.53	4.0194	3.9665	4.1022	4.0922
1/27/2019	20:56:39	446.81	4.0187	3.9648	4.1018	4.0925
1/27/2019	20:56:41	448.28	4.0149	3.9626	4.1029	4.0916
1/27/2019	20:56:42	449.56	4.0147	3.9609	4.101	4.0917
1/27/2019	20:56:43	450.92	4.0143	3.9593	4.1022	4.0916
1/27/2019	20:56:45	452.47	4.0192	3.9599	4.1025	4.0916
1/27/2019	20:56:47	454.3	4.0213	3.9588	4.1044	4.0908
1/27/2019	20:56:48	455.59	4.023	3.9582	4.104	4.0886
1/27/2019	20:56:50	457.42	4.0221	3.9565	4.1024	4.0873
1/27/2019	20:56:51	458.72	4.023	3.9544	4.1031	4.0865
1/27/2019	20:56:53	460.23	4.0233	3.9534	4.1044	4.0884
1/27/2019	20:56:54	461.73	4.0229	3.9529	4.1054	4.091
1/27/2019	20:56:56	463.28	4.0218	3.9543	4.1045	4.0916
1/27/2019	20:56:57	464.75	4.021	3.956	4.1027	4.0921
1/27/2019	20:56:59	466.11	4.0192	3.9588	4.1034	4.0918
1/27/2019	20:57:00	467.37	4.0197	3.9592	4.1037	4.0929
1/27/2019	20:57:01	468.64	4.0194	3.96	4.1058	4.0916
1/27/2019	20:57:02	469.95	4.0208	3.9594	4.105	4.0932
1/27/2019	20:57:04	471.17	4.0197	3.96	4.1045	4.0939
1/27/2019	20:57:05	472.48	4.0182	3.9595	4.1041	4.0937
1/27/2019	20:57:06	473.75	4.0178	3.9584	4.1045	4.0924
1/27/2019	20:57:08	475.27	4.0176	3.957	4.105	4.092
1/27/2019	20:57:09	476.91	4.0192	3.9548	4.1031	4.091
1/27/2019	20:57:11	478.52	4.0179	3.9556	4.1027	4.0887
1/27/2019	20:57:12	479.97	4.0181	3.9562	4.1015	4.0879
1/27/2019	20:57:14	481.41	4.0169	3.9561	4.1028	4.0882
1/27/2019	20:57:15	482.73	4.0166	3.955	4.1032	4.0901
1/27/2019	20:57:17	484.14	4.0171	3.9534	4.104	4.0883
1/27/2019	20:57:18	486.05	4.0159	3.9532	4.1028	4.0894
1/27/2019	20:57:20	487.37	4.0168	3.9545	4.1034	4.0897
1/27/2019	20:57:21	489.02	4.0165	3.9581	4.103	4.0916
1/27/2019	20:57:23	490.92	4.0188	3.9597	4.1024	4.092
1/27/2019	20:57:25	492.52	4.0192	3.9583	4.101	4.0924
1/27/2019	20:57:27	494.14	4.0191	3.9557	4.1011	4.0905
1/27/2019	20:57:28	495.52	4.0172	3.9537	4.1017	4.0914
1/27/2019	20:57:29	496.75	4.0178	3.9519	4.102	4.0936
1/27/2019	20:57:30	497.97	4.0184	3.9515	4.101	4.0965
1/27/2019	20:57:32	499.25	4.0193	3.9506	4.1015	4.0966
1/27/2019	20:57:33	500.91	4.0177	3.9507	4.1	4.0941
1/27/2019	20:57:35	502.2	4.0165	3.9524	4.1004	4.0922
1/27/2019	20:57:36	503.64	4.0171	3.9556	4.1005	4.0909
1/27/2019	20:57:38	505.45	4.0197	3.9573	4.1024	4.0884
1/27/2019	20:57:40	507.45	4.0194	3.956	4.1031	4.0861
1/27/2019	20:57:42	509.45	4.0215	3.9541	4.1022	4.0845
1/27/2019	20:57:44	511.11	4.0223	3.9533	4.1018	4.087
1/27/2019	20:57:46	513.37	4.0234	3.9545	4.102	4.0875
1/27/2019	20:57:48	515.47	4.0208	3.955	4.1	4.09
1/27/2019	20:57:49	517.02	4.0181	3.9545	4.0997	4.0883
1/27/2019	20:57:51	518.8	4.0168	3.9518	4.1001	4.0894
1/27/2019	20:57:53	520.23	4.0158	3.9502	4.1023	4.088
1/27/2019	20:57:54	521.56	4.0145	3.9512	4.1023	4.0887
1/27/2019	20:57:56	523.42	4.0145	3.9522	4.1	4.09
1/27/2019	20:57:58	525.23	4.0133	3.9532	4.1003	4.0894
1/27/2019	20:58:00	527.84	4.0125	3.954	4.1001	4.0885
1/27/2019	20:58:02	529.36	4.013	3.9559	4.1028	4.0859
1/27/2019	20:58:03	530.77	4.0127	3.9549	4.101	4.0855
1/27/2019	20:58:05	532.62	4.012	3.952	4.1007	4.086
1/27/2019	20:58:07	534.59	4.0112	3.9478	4.0966	4.0857
1/27/2019	20:58:08	536.02	4.0113	3.9467	4.097	4.0878
1/27/2019	20:58:11	538.75	4.0117	3.9474	4.0956	4.0856
1/27/2019	20:58:13	540.2	4.0087	3.9483	4.0978	4.0872
1/27/2019	20:58:15	542.34	4.009	3.9487	4.0987	4.086
1/27/2019	20:58:16	544.03	4.0063	3.9458	4.1013	4.0883
1/27/2019	20:58:19	546.34	4.0064	3.9441	4.1021	4.0874
1/27/2019	20:58:20	548.02	4.0031	3.9425	4.0991	4.086
1/27/2019	20:58:22	549.5	4.0042	3.9432	4.0976	4.0861
1/27/2019	20:58:24	551.73	4.0047	3.9439	4.0953	4.089
1/27/2019	20:58:27	554.27	4.0068	3.9435	4.0981	4.0915
1/27/2019	20:58:29	556.36	4.0067	3.943	4.0977	4.0908
1/27/2019	20:58:31	558.37	4.0064	3.9419	4.0993	4.0886
1/27/2019	20:58:33	560.25	4.0071	3.9428	4.0997	4.0871
1/27/2019	20:58:36	563.45	4.0073	3.9411	4.099	4.0879
1/27/2019	20:58:38	565.36	4.008	3.941	4.0989	4.0902
1/27/2019	20:58:39	566.84	4.0063	3.9405	4.0973	4.0896
1/27/2019	20:58:41	568.58	4.0064	3.941	4.0994	4.0882
1/27/2019	20:58:43	570.3	4.007	3.9439	4.1006	4.0856
1/27/2019	20:58:44	571.81	4.0087	3.9462	4.1021	4.0863
1/27/2019	20:58:46	573.17	4.0099	3.9488	4.1011	4.0868
1/27/2019	20:58:47	574.72	4.0086	3.9471	4.0981	4.0856
1/27/2019	20:58:48	575.89	4.0073	3.9449	4.0972	4.0849
1/27/2019	20:58:50	577.48	4.0068	3.9429	4.0982	4.0843
1/27/2019	20:58:52	579.27	4.007	3.9423	4.0986	4.0815
1/27/2019	20:58:53	580.72	4.0081	3.9416	4.0979	4.0822
1/27/2019	20:58:55	582.08	4.0094	3.9406	4.0969	4.0823
1/27/2019	20:58:56	583.3	4.011	3.939	4.0992	4.0872
1/27/2019	20:58:57	584.69	4.0115	3.9371	4.0979	4.0855
1/27/2019	20:58:59	586.12	4.0105	3.9385	4.097	4.0838
1/27/2019	20:59:00	587.41	4.0071	3.9401	4.0954	4.0811
1/27/2019	20:59:01	588.73	4.0058	3.9407	4.0946	4.0814
1/27/2019	20:59:03	590.06	4.0055	3.9379	4.0942	4.0822
1/27/2019	20:59:04	591.5	4.006	3.935	4.0933	4.0819
1/27/2019	20:59:05	592.91	4.0044	3.9345	4.095	4.0834
1/27/2019	20:59:07	594.27	4.0019	3.9346	4.0959	4.0834
1/27/2019	20:59:08	595.66	4.0024	3.9355	4.0949	4.0847
1/27/2019	20:59:10	597.31	4.0018	3.9349	4.0963	4.0838
1/27/2019	20:59:11	598.69	4.0011	3.9357	4.0954	4.0867
1/27/2019	20:59:12	600	4.0001	3.935	4.098	4.0871
1/27/2019	20:59:14	601.17	3.9995	3.9354	4.0963	4.0867
1/27/2019	20:59:15	602.78	3.9992	3.9338	4.0945	4.0841
1/27/2019	20:59:17	604.64	3.9979	3.9338	4.0912	4.0832
1/27/2019	20:59:18	605.97	3.9983	3.9317	4.09	4.0818
1/27/2019	20:59:20	607.14	3.9989	3.9304	4.0918	4.0819
1/27/2019	20:59:21	608.33	3.998	3.9293	4.0926	4.0832
1/27/2019	20:59:22	609.8	3.9976	3.9312	4.0935	4.0847
1/27/2019	20:59:24	611.66	3.9962	3.9349	4.093	4.0856
1/27/2019	20:59:26	613.06	3.9979	3.9373	4.0956	4.086
1/27/2019	20:59:27	614.5	3.997	3.9363	4.0976	4.0849
1/27/2019	20:59:28	616.02	3.9972	3.9346	4.0999	4.0836
1/27/2019	20:59:30	617.81	3.9949	3.932	4.0987	4.0845
1/27/2019	20:59:32	619.84	3.9957	3.9293	4.0976	4.0866
1/27/2019	20:59:34	621.66	3.9957	3.9257	4.0964	4.0855
1/27/2019	20:59:36	623.09	3.9978	3.9245	4.096	4.083
1/27/2019	20:59:37	624.59	3.9965	3.9269	4.0966	4.083
1/27/2019	20:59:38	625.94	3.9976	3.9311	4.0966	4.0843
1/27/2019	20:59:40	627.62	3.9956	3.9321	4.0969	4.0828
1/27/2019	20:59:41	629.03	3.995	3.9309	4.095	4.0815
1/27/2019	20:59:43	630.37	3.9927	3.9271	4.0936	4.0809
1/27/2019	20:59:44	631.61	3.992	3.9246	4.0953	4.0836
1/27/2019	20:59:45	633	3.9917	3.9255	4.0938	4.0849
1/27/2019	20:59:47	634.41	3.9919	3.9265	4.0951	4.0866
1/27/2019	20:59:48	635.69	3.9897	3.9306	4.0926	4.0843
1/27/2019	20:59:50	637.28	3.989	3.929	4.0955	4.0818
1/27/2019	20:59:51	638.75	3.9902	3.9294	4.0955	4.0796
1/27/2019	20:59:53	640.09	3.9917	3.9268	4.0969	4.0811
1/27/2019	20:59:54	641.47	3.9923	3.9266	4.0958	4.0822
1/27/2019	20:59:55	642.87	3.9913	3.9245	4.0939	4.083
1/27/2019	20:59:57	644.14	3.991	3.9222	4.0906	4.0803
1/27/2019	20:59:58	645.48	3.9915	3.9202	4.0906	4.0786
1/27/2019	20:59:59	646.72	3.9913	3.9182	4.0921	4.0777
1/27/2019	21:00:01	648.09	3.992	3.9169	4.0936	4.0788
1/27/2019	21:00:02	650.05	3.9899	3.9189	4.0938	4.0795
1/27/2019	21:00:04	651.97	3.9861	3.9224	4.0938	4.0806
1/27/2019	21:00:06	653.5	3.9848	3.9247	4.0943	4.0789
1/27/2019	21:00:08	655.39	3.9854	3.9232	4.0938	4.0764
1/27/2019	21:00:09	656.62	3.9887	3.9205	4.0928	4.0761
1/27/2019	21:00:10	657.8	3.9896	3.9196	4.0924	4.0801
1/27/2019	21:00:12	659.12	3.99	3.9189	4.0938	4.0821
1/27/2019	21:00:14	661.19	3.9896	3.9176	4.0942	4.0812
1/27/2019	21:00:15	662.58	3.9884	3.9159	4.0942	4.0791
1/27/2019	21:00:17	664.58	3.987	3.9162	4.0922	4.0789
1/27/2019	21:00:19	666.27	3.9871	3.9174	4.0941	4.0774
1/27/2019	21:00:20	667.64	3.9863	3.9204	4.0924	4.0774
1/27/2019	21:00:21	668.94	3.9853	3.923	4.0917	4.0763
1/27/2019	21:00:23	670.33	3.9827	3.9245	4.0905	4.0779
1/27/2019	21:00:24	671.69	3.9833	3.9235	4.0932	4.0761
1/27/2019	21:00:25	672.83	3.9838	3.9203	4.0936	4.0776
1/27/2019	21:00:27	674.41	3.9846	3.9163	4.0924	4.0767
1/27/2019	21:00:28	675.86	3.9835	3.9145	4.0899	4.0776
1/27/2019	21:00:30	677.23	3.9838	3.9129	4.0888	4.0755
1/27/2019	21:00:31	678.48	3.9831	3.9141	4.0898	4.0746
1/27/2019	21:00:33	680.08	3.9837	3.9132	4.0898	4.0759
1/27/2019	21:00:34	681.3	3.9846	3.9135	4.0927	4.0761
1/27/2019	21:00:35	682.5	3.9848	3.9125	4.0912	4.0783
1/27/2019	21:00:37	684.72	3.9831	3.9111	4.0925	4.0772
1/27/2019	21:00:39	686.14	3.982	3.9104	4.0899	4.0795
1/27/2019	21:00:40	687.58	3.9828	3.9124	4.0902	4.0787
1/27/2019	21:00:41	688.87	3.9853	3.9138	4.0904	4.0798
1/27/2019	21:00:43	690.36	3.9856	3.9148	4.0918	4.0801
1/27/2019	21:00:44	691.77	3.9846	3.914	4.0914	4.0801
1/27/2019	21:00:46	693.42	3.983	3.9139	4.089	4.079
1/27/2019	21:00:47	694.87	3.9828	3.9123	4.0892	4.0775
1/27/2019	21:00:49	696.87	3.9843	3.9109	4.0901	4.0774
1/27/2019	21:00:51	698.77	3.9869	3.9106	4.0897	4.0766
1/27/2019	21:00:53	700.22	3.9884	3.9116	4.0882	4.0774
1/27/2019	21:00:54	701.53	3.9889	3.9121	4.0878	4.0751
1/27/2019	21:00:55	702.73	3.9877	3.9128	4.09	4.0753
1/27/2019	21:00:56	704.02	3.9864	3.9135	4.0894	4.0732
1/27/2019	21:00:58	705.11	3.9867	3.9135	4.088	4.0751
1/27/2019	21:00:59	706.27	3.9856	3.9146	4.0868	4.0747
1/27/2019	21:01:00	708.05	3.9873	3.9135	4.0884	4.0762
1/27/2019	21:01:02	710.05	3.9859	3.9128	4.0873	4.0771
1/27/2019	21:01:04	711.41	3.987	3.9102	4.0873	4.0771
1/27/2019	21:01:05	713	3.9864	3.9081	4.0858	4.0751
1/27/2019	21:01:08	715.22	3.9859	3.907	4.0903	4.0713
1/27/2019	21:01:09	716.81	3.9837	3.9065	4.0908	4.071
1/27/2019	21:01:11	718.48	3.9808	3.9058	4.091	4.0707
1/27/2019	21:01:12	719.64	3.9817	3.9051	4.0901	4.0728
1/27/2019	21:01:13	720.95	3.9821	3.9047	4.0902	4.0737
1/27/2019	21:01:15	722.36	3.982	3.9058	4.0901	4.0751
1/27/2019	21:01:16	723.75	3.9823	3.907	4.0885	4.0744
1/27/2019	21:01:17	724.98	3.9837	3.9055	4.0891	4.0757
1/27/2019	21:01:19	726.3	3.986	3.9047	4.0892	4.0776
1/27/2019	21:01:20	727.62	3.985	3.9023	4.0888	4.0779
1/27/2019	21:01:21	728.89	3.985	3.9018	4.0867	4.0751
1/27/2019	21:01:23	730.12	3.9843	3.9024	4.0882	4.0719
1/27/2019	21:01:24	731.78	3.9844	3.9034	4.0885	4.0732
1/27/2019	21:01:26	733.34	3.9833	3.9046	4.0901	4.0729
1/27/2019	21:01:27	734.77	3.9801	3.9036	4.0877	4.0752
1/27/2019	21:01:29	736.2	3.9797	3.9025	4.0867	4.0745
1/27/2019	21:01:31	738.09	3.9784	3.8999	4.0843	4.0766
1/27/2019	21:01:32	740.05	3.9787	3.9004	4.0859	4.0748
1/27/2019	21:01:35	742.09	3.977	3.9002	4.0888	4.076
1/27/2019	21:01:36	743.53	3.9757	3.901	4.0886	4.0759
1/27/2019	21:01:37	744.89	3.975	3.8984	4.0873	4.0761
1/27/2019	21:01:38	746.05	3.975	3.8975	4.0837	4.077
1/27/2019	21:01:40	747.22	3.9751	3.8976	4.0843	4.076
1/27/2019	21:01:41	748.77	3.973	3.8982	4.0834	4.0767
1/27/2019	21:01:43	750.48	3.9744	3.8984	4.083	4.0756
1/27/2019	21:01:45	752.16	3.976	3.8981	4.083	4.0755
1/27/2019	21:01:46	753.41	3.978	3.897	4.0826	4.0773
1/27/2019	21:01:47	754.91	3.9764	3.8966	4.0826	4.0783
1/27/2019	21:01:49	756.12	3.9764	3.8966	4.0839	4.0777
1/27/2019	21:01:50	757.59	3.9793	3.8981	4.0864	4.0743
1/27/2019	21:01:51	758.92	3.9797	3.8995	4.0863	4.0735
1/27/2019	21:01:53	760.17	3.9786	3.8995	4.0846	4.0728
1/27/2019	21:01:54	761.67	3.9774	3.8981	4.0832	4.0722
1/27/2019	21:01:55	762.95	3.9761	3.8965	4.0836	4.0697
1/27/2019	21:01:57	764.17	3.9745	3.8963	4.0851	4.0731
1/27/2019	21:01:58	765.37	3.9744	3.897	4.0849	4.0724
1/27/2019	21:01:59	766.98	3.9733	3.8958	4.0843	4.0727
1/27/2019	21:02:01	768.77	3.9728	3.8958	4.0833	4.069
1/27/2019	21:02:03	770.52	3.9711	3.8966	4.0829	4.0709
1/27/2019	21:02:04	771.92	3.9718	3.8983	4.0843	4.07
1/27/2019	21:02:06	773.86	3.9727	3.8993	4.0842	4.0706
1/27/2019	21:02:08	776.05	3.9726	3.899	4.084	4.0701
1/27/2019	21:02:10	777.5	3.9713	3.8984	4.0853	4.0703
1/27/2019	21:02:12	779.37	3.9691	3.897	4.0842	4.0699
1/27/2019	21:02:14	781.27	3.97	3.8963	4.0846	4.0702
1/27/2019	21:02:15	782.7	3.9706	3.8958	4.0829	4.0687
1/27/2019	21:02:17	784.16	3.9724	3.8944	4.0849	4.0698
1/27/2019	21:02:19	786.36	3.971	3.8927	4.085	4.0686
1/27/2019	21:02:20	787.92	3.9706	3.8914	4.0835	4.0716
1/27/2019	21:02:22	789.23	3.9707	3.8917	4.0822	4.0716
1/27/2019	21:02:23	790.45	3.9694	3.8921	4.0803	4.0737
1/27/2019	21:02:24	791.83	3.9667	3.8906	4.0795	4.0728
1/27/2019	21:02:26	793.66	3.9643	3.8892	4.0791	4.0736
1/27/2019	21:02:27	794.78	3.9638	3.8875	4.0796	4.0697
1/27/2019	21:02:29	796.31	3.9657	3.8871	4.0812	4.0698
1/27/2019	21:02:31	798.09	3.9676	3.8862	4.0813	4.069
1/27/2019	21:02:32	799.47	3.9703	3.8879	4.0825	4.0745
1/27/2019	21:02:33	800.72	3.971	3.8916	4.0829	4.0759
1/27/2019	21:02:35	802.25	3.9707	3.8948	4.0822	4.0762
1/27/2019	21:02:36	803.64	3.9683	3.8958	4.0801	4.0733
1/27/2019	21:02:37	804.95	3.967	3.8933	4.0791	4.0717
1/27/2019	21:02:39	806.42	3.9657	3.8921	4.0788	4.0713
1/27/2019	21:02:40	807.61	3.9666	3.8893	4.0801	4.0708
1/27/2019	21:02:42	809.12	3.9656	3.8898	4.0787	4.0721
1/27/2019	21:02:43	810.37	3.9654	3.8909	4.0792	4.0713
1/27/2019	21:02:44	811.58	3.9654	3.8929	4.0779	4.0695
1/27/2019	21:02:45	812.75	3.9656	3.8931	4.0788	4.0693
1/27/2019	21:02:46	814	3.9653	3.8925	4.0781	4.068
1/27/2019	21:02:48	815.83	3.9633	3.8893	4.0777	4.0706
1/27/2019	21:02:50	817.47	3.9628	3.8864	4.0768	4.0679
1/27/2019	21:02:52	819.17	3.9606	3.8844	4.0766	4.0682
1/27/2019	21:02:53	820.92	3.9632	3.8847	4.0766	4.0671
1/27/2019	21:02:55	822.67	3.9612	3.8853	4.0754	4.0691
1/27/2019	21:02:57	824.17	3.9623	3.8845	4.0742	4.0698
1/27/2019	21:02:58	825.59	3.9584	3.8849	4.0723	4.0714
1/27/2019	21:02:59	826.89	3.9612	3.8843	4.073	4.071
1/27/2019	21:03:01	828.58	3.9599	3.8851	4.0725	4.0716
1/27/2019	21:03:02	830.03	3.9597	3.8876	4.0725	4.0693
1/27/2019	21:03:04	831.41	3.9592	3.8902	4.0718	4.0682
1/27/2019	21:03:06	833.22	3.9587	3.893	4.0712	4.0686
1/27/2019	21:03:07	834.97	3.9579	3.8927	4.0711	4.0704
1/27/2019	21:03:09	836.37	3.956	3.8903	4.0697	4.0693
1/27/2019	21:03:10	837.78	3.957	3.8864	4.069	4.0682
1/27/2019	21:03:11	838.94	3.9567	3.8832	4.0691	4.0678
1/27/2019	21:03:13	840.53	3.9583	3.8826	4.0677	4.0702
1/27/2019	21:03:15	842.58	3.9564	3.8818	4.0668	4.07
1/27/2019	21:03:16	843.91	3.9559	3.8811	4.0661	4.0693
1/27/2019	21:03:18	845.14	3.9532	3.8814	4.0661	4.0668
1/27/2019	21:03:19	846.31	3.9557	3.882	4.066	4.0667
1/27/2019	21:03:20	847.89	3.957	3.8818	4.0659	4.066
1/27/2019	21:03:22	849.23	3.956	3.8797	4.0661	4.0675
1/27/2019	21:03:23	850.48	3.9535	3.8783	4.0673	4.0671
1/27/2019	21:03:25	852.61	3.9517	3.8776	4.0659	4.0666
1/27/2019	21:03:27	854.52	3.9536	3.8803	4.065	4.0655
1/27/2019	21:03:29	856.41	3.9547	3.8818	4.0646	4.0642
1/27/2019	21:03:30	857.78	3.9562	3.8834	4.0643	4.0633
1/27/2019	21:03:32	859.16	3.9573	3.8809	4.0628	4.0628
1/27/2019	21:03:33	860.89	3.9567	3.8798	4.0579	4.0637
1/27/2019	21:03:35	862.3	3.957	3.8782	4.059	4.0648
1/27/2019	21:03:36	863.66	3.9556	3.879	4.0586	4.0659
1/27/2019	21:03:37	865.02	3.9563	3.8788	4.0626	4.0659
1/27/2019	21:03:39	866.27	3.9567	3.8789	4.0617	4.0677
1/27/2019	21:03:40	867.56	3.9569	3.8785	4.0618	4.0668
1/27/2019	21:03:42	869.3	3.9566	3.8768	4.059	4.0662
1/27/2019	21:03:44	871.27	3.9558	3.8755	4.058	4.0636
1/27/2019	21:03:45	872.59	3.9562	3.8736	4.0584	4.0647
1/27/2019	21:03:46	873.77	3.9556	3.8722	4.0591	4.065
1/27/2019	21:03:47	874.94	3.9535	3.8712	4.0605	4.0659
1/27/2019	21:03:49	876.55	3.9539	3.8702	4.0617	4.0654
1/27/2019	21:03:50	877.98	3.9535	3.872	4.0631	4.0644
1/27/2019	21:03:52	879.28	3.9562	3.8723	4.0596	4.0631
1/27/2019	21:03:53	880.66	3.9548	3.8739	4.0593	4.0621
1/27/2019	21:03:54	881.87	3.956	3.8721	4.0565	4.0631
1/27/2019	21:03:56	883.81	3.9533	3.871	4.0577	4.0628
1/27/2019	21:03:58	885.3	3.9535	3.8697	4.0542	4.0621
1/27/2019	21:03:59	886.78	3.9512	3.87	4.0548	4.0631
1/27/2019	21:04:01	888.66	3.9516	3.8717	4.0536	4.0643
1/27/2019	21:04:03	890.61	3.9496	3.8718	4.0566	4.0661
1/27/2019	21:04:04	891.97	3.9493	3.8702	4.0583	4.0655
1/27/2019	21:04:06	893.17	3.9503	3.8671	4.0583	4.0646
1/27/2019	21:04:07	894.73	3.952	3.8661	4.0589	4.067
1/27/2019	21:04:09	896.5	3.9528	3.8665	4.0583	4.0684
1/27/2019	21:04:10	897.81	3.9509	3.8668	4.0584	4.0708
1/27/2019	21:04:12	899.22	3.9486	3.8662	4.0575	4.0675
1/27/2019	21:04:13	900.62	3.9488	3.8661	4.0551	4.0666
1/27/2019	21:04:14	901.98	3.9497	3.8675	4.0555	4.0655
1/27/2019	21:04:16	903.3	3.9487	3.8684	4.0567	4.0654
1/27/2019	21:04:18	905.22	3.9474	3.8686	4.0582	4.0652
1/27/2019	21:04:19	906.87	3.9472	3.8677	4.0575	4.064
1/27/2019	21:04:21	908.75	3.9471	3.8668	4.0556	4.0636
1/27/2019	21:04:23	910.11	3.9469	3.8681	4.0549	4.0624
1/27/2019	21:04:24	911.45	3.9451	3.8698	4.0558	4.0616
1/27/2019	21:04:26	913.2	3.947	3.8712	4.0548	4.0612
1/27/2019	21:04:27	914.83	3.9457	3.8711	4.0534	4.06
1/27/2019	21:04:29	916.27	3.9437	3.8703	4.051	4.0594
1/27/2019	21:04:30	917.81	3.9436	3.8679	4.0525	4.0586
1/27/2019	21:04:32	919.78	3.9418	3.8647	4.0535	4.0584
1/27/2019	21:04:34	921.41	3.9433	3.8609	4.0562	4.0585
1/27/2019	21:04:35	922.62	3.941	3.8592	4.0538	4.057
1/27/2019	21:04:37	924.56	3.9428	3.8604	4.0531	4.0561
1/27/2019	21:04:38	926	3.9433	3.8613	4.0534	4.0543
1/27/2019	21:04:40	927.17	3.9438	3.8641	4.0555	4.0529
1/27/2019	21:04:41	928.39	3.9437	3.8639	4.0573	4.0525
1/27/2019	21:04:42	929.67	3.9433	3.8634	4.0565	4.0546
1/27/2019	21:04:44	931.62	3.9447	3.8605	4.0563	4.057
1/27/2019	21:04:45	933.03	3.9437	3.859	4.0549	4.0579
1/27/2019	21:04:47	934.59	3.9424	3.8593	4.0528	4.0551
1/27/2019	21:04:48	935.86	3.9406	3.8617	4.0527	4.0562
1/27/2019	21:04:50	937.06	3.9391	3.8635	4.0527	4.0554
1/27/2019	21:04:51	938.34	3.9394	3.8642	4.0524	4.0585
1/27/2019	21:04:52	939.94	3.937	3.8618	4.051	4.0576
1/27/2019	21:04:54	941.52	3.9384	3.8595	4.05	4.0578
1/27/2019	21:04:55	942.84	3.9393	3.8573	4.0524	4.0547
1/27/2019	21:04:57	944.25	3.9403	3.8556	4.0504	4.0541
1/27/2019	21:04:58	945.7	3.9402	3.8543	4.0499	4.0533
1/27/2019	21:05:00	947.14	3.9367	3.8532	4.0485	4.0545
1/27/2019	21:05:02	949.37	3.9366	3.8533	4.0496	4.0547
1/27/2019	21:05:03	950.81	3.9365	3.8541	4.05	4.0538
1/27/2019	21:05:05	952.17	3.9378	3.8553	4.0496	4.0535
1/27/2019	21:05:06	953.64	3.9382	3.8556	4.0478	4.0526
1/27/2019	21:05:08	955.75	3.9382	3.8558	4.0478	4.0549
1/27/2019	21:05:09	956.97	3.9375	3.8564	4.0469	4.0551
1/27/2019	21:05:11	958.2	3.9353	3.8602	4.0485	4.0562
1/27/2019	21:05:12	959.48	3.9346	3.8616	4.0478	4.0564
1/27/2019	21:05:13	960.77	3.9349	3.8614	4.0497	4.0592
1/27/2019	21:05:15	962.73	3.9365	3.8587	4.0504	4.0599
1/27/2019	21:05:17	964.28	3.9369	3.8572	4.0514	4.0619
1/27/2019	21:05:18	965.52	3.9378	3.8548	4.05	4.0596
1/27/2019	21:05:19	966.92	3.9373	3.8516	4.0493	4.0584
1/27/2019	21:05:21	968.27	3.9363	3.8496	4.0503	4.0577
1/27/2019	21:05:22	969.47	3.9369	3.8496	4.0506	4.0568
1/27/2019	21:05:24	971.09	3.9363	3.8501	4.0514	4.0565
1/27/2019	21:05:25	972.47	3.9362	3.8489	4.0495	4.0551
1/27/2019	21:05:26	973.77	3.9348	3.8482	4.0478	4.0553
1/27/2019	21:05:27	975	3.9346	3.8484	4.0457	4.0569
1/27/2019	21:05:29	976.36	3.9344	3.8499	4.0455	4.0542
1/27/2019	21:05:30	977.66	3.9338	3.8492	4.0461	4.0528
1/27/2019	21:05:31	978.87	3.9337	3.8478	4.0458	4.05
1/27/2019	21:05:33	980.17	3.9317	3.846	4.0464	4.0504
1/27/2019	21:05:34	981.73	3.9319	3.8461	4.0464	4.0507
1/27/2019	21:05:35	983.02	3.931	3.8465	4.0468	4.0496
1/27/2019	21:05:37	984.17	3.9322	3.8478	4.0458	4.0512
1/27/2019	21:05:38	985.66	3.9308	3.8485	4.0467	4.0491
1/27/2019	21:05:40	987.53	3.9303	3.8469	4.0465	4.0492
1/27/2019	21:05:42	989.06	3.927	3.8454	4.0454	4.0473
1/27/2019	21:05:43	990.37	3.9253	3.8444	4.0429	4.0495
1/27/2019	21:05:44	991.72	3.9252	3.8455	4.0408	4.0491
1/27/2019	21:05:45	992.97	3.9294	3.845	4.042	4.0479
1/27/2019	21:05:47	994.45	3.9301	3.8435	4.0442	4.046
1/27/2019	21:05:49	996.36	3.932	3.8415	4.0463	4.0456
1/27/2019	21:05:50	997.64	3.9294	3.8396	4.0464	4.0469
1/27/2019	21:05:51	998.87	3.9298	3.84	4.0467	4.0484
1/27/2019	21:05:53	1000.56	3.9287	3.8398	4.0435	4.0487
1/27/2019	21:05:54	1001.89	3.9288	3.8396	4.0433	4.0478
1/27/2019	21:05:56	1003.67	3.9277	3.84	4.0428	4.0476
1/27/2019	21:05:58	1005.55	3.9267	3.8408	4.0463	4.0484
1/27/2019	21:06:00	1007.2	3.9286	3.8412	4.048	4.05
1/27/2019	21:06:01	1009.03	3.9283	3.8403	4.0449	4.0505
1/27/2019	21:06:03	1010.44	3.929	3.8393	4.0447	4.0495
1/27/2019	21:06:04	1011.83	3.9266	3.8425	4.0421	4.0492
1/27/2019	21:06:06	1013.2	3.926	3.8458	4.044	4.0486
1/27/2019	21:06:07	1014.39	3.9256	3.8482	4.043	4.0499
1/27/2019	21:06:08	1015.59	3.9238	3.8473	4.0443	4.0506
1/27/2019	21:06:10	1017.31	3.9246	3.8446	4.0426	4.0518
1/27/2019	21:06:12	1019.16	3.9221	3.8421	4.0429	4.0511
1/27/2019	21:06:13	1020.52	3.9221	3.8398	4.0421	4.0506
1/27/2019	21:06:15	1022.25	3.9211	3.8386	4.0442	4.0502
1/27/2019	21:06:17	1024.34	3.9238	3.8419	4.0421	4.0507
1/27/2019	21:06:18	1025.97	3.9242	3.8446	4.0415	4.0499
1/27/2019	21:06:20	1027.08	3.9246	3.8466	4.0395	4.05
1/27/2019	21:06:21	1028.39	3.9243	3.8444	4.0409	4.0495
1/27/2019	21:06:22	1029.72	3.9248	3.8406	4.0398	4.0498
1/27/2019	21:06:24	1031.66	3.926	3.8385	4.0409	4.0488
1/27/2019	21:06:25	1033.02	3.9229	3.838	4.0402	4.0492
1/27/2019	21:06:27	1034.37	3.9218	3.8388	4.0414	4.0502
1/27/2019	21:06:28	1035.73	3.9202	3.8372	4.0407	4.0506
1/27/2019	21:06:29	1036.98	3.9207	3.8365	4.0401	4.0507
1/27/2019	21:06:31	1038.22	3.9222	3.8347	4.0391	4.0517
1/27/2019	21:06:32	1040.05	3.9218	3.8337	4.0386	4.0518
1/27/2019	21:06:34	1041.52	3.9229	3.8321	4.0401	4.0517
1/27/2019	21:06:36	1043.14	3.9215	3.832	4.0401	4.0497
1/27/2019	21:06:37	1044.36	3.9217	3.8342	4.0402	4.0482
1/27/2019	21:06:39	1046.16	3.9204	3.8366	4.0394	4.0466
1/27/2019	21:06:40	1047.48	3.9188	3.8374	4.0398	4.046
1/27/2019	21:06:41	1048.7	3.919	3.836	4.0394	4.0459
1/27/2019	21:06:42	1049.95	3.9194	3.8335	4.0388	4.0449
1/27/2019	21:06:44	1051.31	3.9205	3.8328	4.0387	4.0427
1/27/2019	21:06:45	1052.48	3.9194	3.8307	4.0379	4.0427
1/27/2019	21:06:46	1054.02	3.9196	3.8294	4.0373	4.0435
1/27/2019	21:06:48	1055.31	3.9191	3.8273	4.0356	4.0458
1/27/2019	21:06:50	1057.95	3.9187	3.8274	4.0369	4.0453
1/27/2019	21:06:52	1059.8	3.9173	3.8267	4.0383	4.0462
1/27/2019	21:06:54	1061.08	3.9174	3.8268	4.0387	4.0466
1/27/2019	21:06:55	1062.81	3.916	3.8264	4.038	4.0462
1/27/2019	21:06:57	1064.12	3.9166	3.8258	4.0366	4.0455
1/27/2019	21:06:58	1065.64	3.9148	3.8258	4.038	4.0441
1/27/2019	21:07:00	1067.39	3.9143	3.8266	4.0377	4.0453
1/27/2019	21:07:01	1068.8	3.9117	3.8264	4.0383	4.0455
1/27/2019	21:07:02	1070.03	3.911	3.8251	4.0372	4.0466
1/27/2019	21:07:04	1071.19	3.9119	3.8238	4.0363	4.0472
1/27/2019	21:07:05	1072.39	3.9121	3.8231	4.0354	4.0487
1/27/2019	21:07:07	1074.23	3.9111	3.8237	4.0335	4.0468
1/27/2019	21:07:08	1076.03	3.91	3.8235	4.0351	4.0455
1/27/2019	21:07:12	1079.06	3.9107	3.8243	4.0361	4.0421
1/27/2019	21:07:13	1080.34	3.9125	3.825	4.0368	4.0405
1/27/2019	21:07:14	1082.03	3.9132	3.8252	4.0372	4.0386
1/27/2019	21:07:16	1083.66	3.9137	3.8253	4.0342	4.0377
1/27/2019	21:07:18	1085.19	3.9127	3.8238	4.0338	4.0374
1/27/2019	21:07:19	1086.53	3.9122	3.8228	4.0299	4.0385
1/27/2019	21:07:20	1087.77	3.912	3.8218	4.0312	4.0385
1/27/2019	21:07:21	1088.98	3.9128	3.8215	4.032	4.0392
1/27/2019	21:07:23	1090.33	3.9124	3.8222	4.0333	4.037
1/27/2019	21:07:24	1091.58	3.9115	3.8208	4.034	4.0384
1/27/2019	21:07:25	1092.86	3.91	3.82	4.0337	4.0393
1/27/2019	21:07:27	1094.31	3.9103	3.8189	4.0351	4.0413
1/27/2019	21:07:29	1096.8	3.9089	3.8184	4.0348	4.0415
1/27/2019	21:07:31	1098.56	3.909	3.8177	4.0344	4.0407
1/27/2019	21:07:33	1100.33	3.9065	3.817	4.0315	4.0394
1/27/2019	21:07:34	1102	3.9062	3.8177	4.0322	4.0385
1/27/2019	21:07:36	1103.92	3.9035	3.8175	4.0303	4.0357
1/27/2019	21:07:38	1105.14	3.9047	3.8154	4.0309	4.0342
1/27/2019	21:07:39	1106.28	3.9041	3.8148	4.0289	4.0322
1/27/2019	21:07:40	1107.87	3.9058	3.8137	4.0286	4.034
1/27/2019	21:07:42	1109.33	3.9048	3.8173	4.0285	4.0348
1/27/2019	21:07:43	1110.5	3.9069	3.8159	4.0272	4.0365
1/27/2019	21:07:45	1112.09	3.9069	3.8174	4.0282	4.0377
1/27/2019	21:07:46	1113.84	3.9078	3.8144	4.0286	4.0373
1/27/2019	21:07:48	1115.19	3.9062	3.816	4.0297	4.0369
1/27/2019	21:07:49	1116.48	3.9066	3.8156	4.029	4.0365
1/27/2019	21:07:50	1117.72	3.9058	3.8163	4.0251	4.0379
1/27/2019	21:07:51	1118.87	3.9052	3.814	4.0243	4.0381
1/27/2019	21:07:52	1120.03	3.9048	3.8142	4.0232	4.0392
1/27/2019	21:07:54	1121.59	3.9034	3.8137	4.027	4.0392
1/27/2019	21:07:56	1123.48	3.9019	3.8149	4.0278	4.0393
1/27/2019	21:07:57	1124.92	3.8998	3.8153	4.0295	4.038
1/27/2019	21:07:59	1126.28	3.8999	3.8163	4.0281	4.0376
1/27/2019	21:08:00	1127.62	3.901	3.8165	4.0269	4.0365
1/27/2019	21:08:01	1128.81	3.902	3.8144	4.0254	4.0367
1/27/2019	21:08:03	1130.12	3.9026	3.8124	4.0264	4.0379
1/27/2019	21:08:04	1131.59	3.9031	3.8126	4.0271	4.0388
1/27/2019	21:08:05	1133.03	3.9027	3.8104	4.0282	4.0396
1/27/2019	21:08:07	1135.05	3.9022	3.8088	4.0288	4.0371
1/27/2019	21:08:09	1136.47	3.9019	3.8058	4.0272	4.0376
1/27/2019	21:08:10	1138.05	3.901	3.8081	4.0289	4.0373
1/27/2019	21:08:12	1139.67	3.9003	3.8085	4.029	4.0387
1/27/2019	21:08:14	1141.48	3.9012	3.8089	4.0303	4.0381
1/27/2019	21:08:15	1142.81	3.9027	3.8073	4.0281	4.0364
1/27/2019	21:08:16	1144.05	3.9027	3.8086	4.0268	4.0357
1/27/2019	21:08:18	1145.17	3.9011	3.808	4.0258	4.0355
1/27/2019	21:08:19	1146.58	3.9012	3.8072	4.0254	4.0363
1/27/2019	21:08:20	1148	3.9023	3.8067	4.024	4.0364
1/27/2019	21:08:22	1150.05	3.9027	3.8053	4.0249	4.0359
1/27/2019	21:08:24	1151.45	3.9019	3.8065	4.0246	4.0351
1/27/2019	21:08:25	1152.73	3.9001	3.8047	4.0236	4.0329
1/27/2019	21:08:27	1154.27	3.8978	3.805	4.0214	4.0339
1/27/2019	21:08:28	1155.53	3.8963	3.8031	4.0211	4.0321
1/27/2019	21:08:29	1156.7	3.8968	3.803	4.0235	4.0347
1/27/2019	21:08:30	1157.92	3.896	3.8034	4.0247	4.033
1/27/2019	21:08:32	1159.44	3.8946	3.8037	4.0251	4.0349
1/27/2019	21:08:34	1161.08	3.8943	3.804	4.0242	4.0345
1/27/2019	21:08:35	1162.78	3.8966	3.8052	4.0249	4.0355
1/27/2019	21:08:37	1164.09	3.8977	3.8064	4.0238	4.0365
1/27/2019	21:08:38	1165.25	3.8973	3.8064	4.0235	4.0367
1/27/2019	21:08:39	1166.42	3.8969	3.8042	4.0228	4.0392
1/27/2019	21:08:41	1168.14	3.8969	3.802	4.025	4.038
1/27/2019	21:08:42	1169.86	3.8963	3.7996	4.0254	4.0381
1/27/2019	21:08:43	1171.03	3.8945	3.7997	4.0242	4.0353
1/27/2019	21:08:45	1172.41	3.8945	3.7987	4.0223	4.0369
1/27/2019	21:08:46	1173.64	3.8953	3.799	4.0212	4.0361
1/27/2019	21:08:48	1175.09	3.8949	3.7977	4.0231	4.0353
1/27/2019	21:08:49	1176.95	3.8945	3.7984	4.024	4.0338
1/27/2019	21:08:51	1178.3	3.8933	3.7975	4.0254	4.0341
1/27/2019	21:08:52	1179.44	3.8931	3.7982	4.0257	4.0359
1/27/2019	21:08:54	1181.09	3.892	3.7976	4.0254	4.0345
1/27/2019	21:08:55	1182.64	3.89	3.7981	4.0254	4.0325
1/27/2019	21:08:57	1184.08	3.8903	3.7974	4.0256	4.0325
1/27/2019	21:08:58	1185.3	3.8889	3.7974	4.0246	4.0336
1/27/2019	21:08:59	1186.55	3.8897	3.7978	4.0233	4.0355
1/27/2019	21:09:00	1187.8	3.8877	3.7975	4.0232	4.0344
1/27/2019	21:09:01	1188.95	3.8893	3.7986	4.025	4.0349
1/27/2019	21:09:03	1190.69	3.8882	3.7984	4.0264	4.0344
1/27/2019	21:09:05	1192.27	3.8901	3.798	4.025	4.0338
1/27/2019	21:09:06	1193.67	3.8911	3.7962	4.0233	4.0336
1/27/2019	21:09:07	1195.02	3.8918	3.7951	4.023	4.0363
1/27/2019	21:09:09	1196.42	3.8896	3.7972	4.0249	4.0387
1/27/2019	21:09:10	1197.92	3.8907	3.7983	4.0263	4.0392
1/27/2019	21:09:12	1199.19	3.889	3.7995	4.0253	4.0371
1/27/2019	21:09:13	1200.7	3.89	3.7964	4.0233	4.0365
1/27/2019	21:09:14	1202	3.8885	3.7933	4.0226	4.0375
1/27/2019	21:09:16	1203.37	3.8904	3.7909	4.0231	4.0373
1/27/2019	21:09:18	1205.23	3.8914	3.7899	4.0226	4.0341
1/27/2019	21:09:20	1207.06	3.8894	3.7914	4.0211	4.0338
1/27/2019	21:09:21	1208.5	3.8872	3.7916	4.021	4.0349
1/27/2019	21:09:23	1210.08	3.8855	3.7932	4.0214	4.0377
1/27/2019	21:09:24	1211.59	3.8854	3.7914	4.0208	4.036
1/27/2019	21:09:25	1212.94	3.8861	3.7912	4.0204	4.0341
1/27/2019	21:09:27	1214.37	3.8857	3.7884	4.0221	4.0338
1/27/2019	21:09:28	1215.7	3.8855	3.7889	4.0236	4.033
1/27/2019	21:09:30	1217.11	3.8833	3.7884	4.0238	4.0324
1/27/2019	21:09:31	1218.55	3.8833	3.7891	4.0214	4.0321
1/27/2019	21:09:33	1220.2	3.8818	3.7873	4.0203	4.032
1/27/2019	21:09:35	1222.34	3.8827	3.7865	4.0219	4.0312
1/27/2019	21:09:37	1224.19	3.8827	3.7859	4.0239	4.031
1/27/2019	21:09:38	1225.72	3.8818	3.7855	4.0247	4.0306
1/27/2019	21:09:39	1226.98	3.8822	3.7847	4.0246	4.0329
1/27/2019	21:09:41	1228.3	3.8812	3.7851	4.0228	4.0325
1/27/2019	21:09:42	1229.72	3.8812	3.7873	4.0235	4.0352
1/27/2019	21:09:43	1230.95	3.8821	3.7894	4.0222	4.0353
1/27/2019	21:09:45	1232.5	3.8822	3.7899	4.0219	4.0351
1/27/2019	21:09:46	1233.87	3.8823	3.7893	4.0223	4.0321
1/27/2019	21:09:48	1235.17	3.8819	3.7885	4.0222	4.0316
1/27/2019	21:09:49	1236.53	3.8816	3.7879	4.0226	4.0312
1/27/2019	21:09:50	1237.81	3.8823	3.7871	4.0222	4.0322
1/27/2019	21:09:51	1238.98	3.8807	3.7875	4.0225	4.03
1/27/2019	21:09:53	1240.47	3.8816	3.7892	4.0222	4.0296
1/27/2019	21:09:55	1242.23	3.8819	3.7902	4.0235	4.0292
1/27/2019	21:09:56	1243.58	3.8837	3.7895	4.0222	4.0297
1/27/2019	21:09:57	1244.73	3.8816	3.7892	4.0249	4.0302
1/27/2019	21:09:58	1245.91	3.8823	3.7891	4.0233	4.0328
1/27/2019	21:10:00	1247.62	3.8844	3.7882	4.0247	4.0326
1/27/2019	21:10:02	1249.39	3.8868	3.7863	4.0219	4.0336
1/27/2019	21:10:03	1250.64	3.8857	3.7844	4.0224	4.032
1/27/2019	21:10:04	1251.8	3.8809	3.7836	4.0242	4.0352
1/27/2019	21:10:06	1253.33	3.8795	3.7817	4.0244	4.0341
1/27/2019	21:10:08	1255.23	3.8788	3.7806	4.0219	4.0324
1/27/2019	21:10:09	1256.92	3.8798	3.7786	4.0182	4.0306
1/27/2019	21:10:11	1258.52	3.8811	3.7779	4.0175	4.0304
1/27/2019	21:10:13	1260.09	3.8822	3.7765	4.0185	4.0308
1/27/2019	21:10:14	1261.67	3.8807	3.7757	4.0217	4.0297
1/27/2019	21:10:16	1263.11	3.8784	3.7758	4.0221	4.0293
1/27/2019	21:10:17	1264.42	3.8767	3.7755	4.0226	4.0298
1/27/2019	21:10:18	1265.97	3.8788	3.7771	4.0211	4.0301
1/27/2019	21:10:20	1268.02	3.8804	3.7779	4.0208	4.0297
1/27/2019	21:10:22	1269.23	3.8809	3.779	4.0215	4.0284
1/27/2019	21:10:23	1270.53	3.8804	3.7784	4.0213	4.0273
1/27/2019	21:10:25	1272.59	3.8793	3.7769	4.0201	4.0276
1/27/2019	21:10:26	1273.95	3.8783	3.7756	4.0187	4.03
1/27/2019	21:10:28	1275.16	3.8759	3.7752	4.0187	4.03
1/27/2019	21:10:29	1276.39	3.8754	3.7763	4.0196	4.03
1/27/2019	21:10:30	1277.58	3.8756	3.7767	4.0205	4.0276
1/27/2019	21:10:31	1278.83	3.8756	3.7764	4.0197	4.0278
1/27/2019	21:10:33	1280.19	3.8735	3.7741	4.019	4.0269
1/27/2019	21:10:34	1281.39	3.8741	3.7727	4.0174	4.0277
1/27/2019	21:10:35	1282.55	3.8755	3.7725	4.0178	4.0277
1/27/2019	21:10:37	1284.7	3.8766	3.7755	4.0197	4.0292
1/27/2019	21:10:39	1286.11	3.8748	3.7781	4.0212	4.029
1/27/2019	21:10:40	1287.53	3.872	3.7781	4.02	4.0297
1/27/2019	21:10:42	1289.47	3.8716	3.7767	4.0175	4.0297
1/27/2019	21:10:44	1291.28	3.8737	3.7743	4.0164	4.0288
1/27/2019	21:10:46	1293.09	3.8769	3.7733	4.0176	4.0276
1/27/2019	21:10:47	1294.62	3.8765	3.7702	4.0199	4.0277
1/27/2019	21:10:48	1296.05	3.8745	3.7698	4.0194	4.0291
1/27/2019	21:10:50	1297.45	3.8729	3.7691	4.0181	4.0293
1/27/2019	21:10:51	1298.95	3.8737	3.7691	4.0164	4.0266
1/27/2019	21:10:53	1300.44	3.8736	3.7675	4.0174	4.0233
1/27/2019	21:10:55	1302.14	3.8751	3.7677	4.0178	4.0198
1/27/2019	21:10:57	1304.09	3.8751	3.7691	4.0178	4.0204
1/27/2019	21:10:58	1305.42	3.8757	3.7714	4.0178	4.0225
1/27/2019	21:10:59	1306.91	3.8722	3.7714	4.0187	4.0233
1/27/2019	21:11:01	1308.31	3.8715	3.7716	4.0204	4.0233
1/27/2019	21:11:02	1309.58	3.8697	3.7694	4.0194	4.024
1/27/2019	21:11:03	1310.89	3.8718	3.7694	4.0169	4.026
1/27/2019	21:11:05	1312.06	3.8726	3.7695	4.0169	4.0237
1/27/2019	21:11:06	1313.2	3.8759	3.7696	4.0174	4.0214
1/27/2019	21:11:07	1314.89	3.8764	3.7691	4.0168	4.0202
1/27/2019	21:11:09	1316.52	3.8755	3.7667	4.0162	4.0206
1/27/2019	21:11:10	1317.67	3.8716	3.7662	4.0171	4.0201
1/27/2019	21:11:11	1318.91	3.8713	3.7643	4.0193	4.0202
1/27/2019	21:11:14	1321.09	3.8722	3.7628	4.0185	4.0208
1/27/2019	21:11:15	1322.92	3.873	3.7626	4.0182	4.0224
1/27/2019	21:11:17	1324.8	3.8715	3.7631	4.019	4.0228
1/27/2019	21:11:19	1326.45	3.8698	3.7642	4.0208	4.0236
1/27/2019	21:11:20	1327.75	3.869	3.7627	4.0192	4.0258
1/27/2019	21:11:21	1329.02	3.8698	3.762	4.0199	4.0249
1/27/2019	21:11:23	1330.55	3.8704	3.7616	4.0193	4.0225
1/27/2019	21:11:24	1331.7	3.8704	3.7615	4.0204	4.0196
1/27/2019	21:11:25	1332.81	3.8688	3.7607	4.0168	4.0184
1/27/2019	21:11:27	1334.22	3.8676	3.7602	4.0146	4.0196
1/27/2019	21:11:29	1336.22	3.87	3.7584	4.0165	4.0178
1/27/2019	21:11:30	1337.55	3.8715	3.7584	4.0193	4.0188
1/27/2019	21:11:31	1338.92	3.8723	3.7571	4.0186	4.02
1/27/2019	21:11:33	1340.39	3.8705	3.7571	4.0157	4.0228
1/27/2019	21:11:34	1341.5	3.8705	3.7557	4.0121	4.0264
1/27/2019	21:11:35	1342.67	3.8708	3.7553	4.0126	4.0292
1/27/2019	21:11:37	1344.31	3.8716	3.7555	4.0117	4.0288
1/27/2019	21:11:39	1346.09	3.87	3.756	4.0153	4.0268
1/27/2019	21:11:40	1347.3	3.8687	3.756	4.0147	4.025
1/27/2019	21:11:41	1348.41	3.8673	3.7564	4.0161	4.0256
1/27/2019	21:11:42	1349.98	3.8676	3.7562	4.0133	4.0256
1/27/2019	21:11:44	1351.91	3.8665	3.7554	4.0139	4.0232
1/27/2019	21:11:46	1353.33	3.8654	3.7548	4.0129	4.0234
1/27/2019	21:11:48	1355.09	3.8665	3.7545	4.0133	4.0238
1/27/2019	21:11:49	1356.98	3.8672	3.7563	4.0112	4.0254
1/27/2019	21:11:51	1358.39	3.8679	3.7573	4.0111	4.0249
1/27/2019	21:11:52	1359.62	3.8661	3.7576	4.0117	4.0248
1/27/2019	21:11:54	1361.28	3.8669	3.7561	4.0119	4.026
1/27/2019	21:11:55	1363.03	3.8656	3.7555	4.0115	4.025
1/27/2019	21:11:57	1364.37	3.868	3.7538	4.0093	4.0248
1/27/2019	21:11:58	1365.86	3.8679	3.7534	4.0125	4.0237
1/27/2019	21:12:00	1367.23	3.8701	3.751	4.0117	4.025
1/27/2019	21:12:01	1368.48	3.8681	3.7526	4.0145	4.0249
1/27/2019	21:12:02	1370.03	3.8667	3.7511	4.0117	4.0252
1/27/2019	21:12:04	1371.42	3.8655	3.7517	4.0115	4.0257
1/27/2019	21:12:06	1373.64	3.8658	3.7496	4.0096	4.0269
1/27/2019	21:12:07	1374.91	3.8652	3.7501	4.0106	4.0264
1/27/2019	21:12:09	1376.11	3.8659	3.7488	4.0096	4.0237
1/27/2019	21:12:10	1377.92	3.8644	3.7494	4.0099	4.0217
1/27/2019	21:12:12	1379.47	3.8654	3.75	4.0085	4.0202
1/27/2019	21:12:13	1380.75	3.8661	3.7514	4.0103	4.0213
1/27/2019	21:12:14	1381.91	3.8691	3.7518	4.0115	4.021
1/27/2019	21:12:16	1383.08	3.8687	3.7495	4.015	4.0221
1/27/2019	21:12:17	1384.45	3.8677	3.7484	4.0164	4.023
1/27/2019	21:12:18	1386.03	3.8668	3.7463	4.0146	4.024
1/27/2019	21:12:20	1387.83	3.8694	3.7473	4.012	4.0253
1/27/2019	21:12:21	1389.05	3.8697	3.7477	4.0099	4.0254
1/27/2019	21:12:23	1390.27	3.869	3.7473	4.0085	4.0253
1/27/2019	21:12:24	1391.98	3.8679	3.7461	4.009	4.025
1/27/2019	21:12:26	1393.75	3.867	3.7466	4.0082	4.0257
1/27/2019	21:12:28	1395.16	3.8655	3.7485	4.0074	4.0272
1/27/2019	21:12:29	1396.61	3.8643	3.7493	4.0078	4.0249
1/27/2019	21:12:30	1397.92	3.8636	3.7494	4.0078	4.0225
1/27/2019	21:12:32	1399.2	3.8631	3.7487	4.009	4.0205
1/27/2019	21:12:33	1400.8	3.8627	3.7488	4.0074	4.0229
1/27/2019	21:12:35	1402.12	3.8637	3.7463	4.0085	4.0236
1/27/2019	21:12:36	1403.39	3.8651	3.7455	4.0083	4.0248
1/27/2019	21:12:37	1404.97	3.8661	3.7448	4.009	4.0241
1/27/2019	21:12:39	1406.31	3.8657	3.7469	4.0086	4.023
1/27/2019	21:12:40	1407.62	3.8644	3.7447	4.0068	4.0214
1/27/2019	21:12:42	1409.16	3.8624	3.745	4.0045	4.0216
1/27/2019	21:12:43	1410.58	3.8616	3.7439	4.002	4.0229
1/27/2019	21:12:44	1411.87	3.8643	3.7456	4.005	4.024
1/27/2019	21:12:46	1413.28	3.8644	3.7444	4.0056	4.0245
1/27/2019	21:12:47	1414.61	3.8657	3.7433	4.0071	4.024
1/27/2019	21:12:48	1415.98	3.8626	3.7413	4.0061	4.0237
1/27/2019	21:12:50	1417.25	3.8636	3.741	4.0081	4.0218
1/27/2019	21:12:51	1418.42	3.8629	3.7401	4.0083	4.0201
1/27/2019	21:12:52	1419.8	3.8641	3.7412	4.0102	4.0194
1/27/2019	21:12:54	1421.14	3.8643	3.7402	4.0103	4.0185
1/27/2019	21:12:55	1422.31	3.8658	3.7414	4.0102	4.0194
1/27/2019	21:12:56	1423.62	3.8651	3.7409	4.0075	4.0202
1/27/2019	21:12:57	1425.05	3.864	3.7409	4.0046	4.0218
1/27/2019	21:12:59	1426.22	3.8625	3.7388	4.0054	4.0221
1/27/2019	21:13:00	1427.75	3.8619	3.7367	4.0052	4.0217
1/27/2019	21:13:02	1429.69	3.8644	3.7366	4.0064	4.0224
1/27/2019	21:13:04	1431.16	3.8651	3.7372	4.0054	4.0245
1/27/2019	21:13:05	1432.48	3.8657	3.7384	4.0053	4.0252
1/27/2019	21:13:06	1433.78	3.8643	3.7375	4.0064	4.0245
1/27/2019	21:13:08	1435.11	3.8625	3.7367	4.0061	4.0216
1/27/2019	21:13:09	1436.25	3.862	3.7367	4.0073	4.0205
1/27/2019	21:13:10	1437.48	3.8598	3.7363	4.0053	4.0214
1/27/2019	21:13:11	1439.02	3.8591	3.7356	4.0047	4.0228
1/27/2019	21:13:13	1440.78	3.8579	3.7353	4.0034	4.0218
1/27/2019	21:13:15	1442.69	3.8597	3.7363	4.0031	4.0208
1/27/2019	21:13:16	1443.87	3.8597	3.7377	4.0036	4.0182
1/27/2019	21:13:18	1445.41	3.8609	3.7386	4.0059	4.0209
1/27/2019	21:13:20	1447.33	3.8597	3.7378	4.0077	4.0198
1/27/2019	21:13:21	1448.55	3.8607	3.7369	4.0093	4.0222
1/27/2019	21:13:22	1449.72	3.8611	3.7359	4.01	4.0202
1/27/2019	21:13:23	1450.95	3.8628	3.7352	4.0074	4.0208
1/27/2019	21:13:25	1452.11	3.863	3.7337	4.0073	4.0224
1/27/2019	21:13:26	1453.55	3.8628	3.7324	4.0045	4.0233
1/27/2019	21:13:27	1454.89	3.8626	3.7335	4.0053	4.0245
1/27/2019	21:13:29	1456.3	3.8614	3.7351	4.0021	4.0232
1/27/2019	21:13:30	1457.56	3.8607	3.7362	4.0014	4.0234
1/27/2019	21:13:31	1458.67	3.8601	3.7382	4.0003	4.0224
1/27/2019	21:13:32	1459.94	3.8607	3.7398	4.0018	4.0194
1/27/2019	21:13:34	1461.67	3.8613	3.7418	4.0046	4.0166
1/27/2019	21:13:36	1463.44	3.8614	3.7399	4.0042	4.0151
1/27/2019	21:13:37	1464.7	3.8621	3.7386	4.0035	4.016
1/27/2019	21:13:38	1465.89	3.8614	3.7363	4.0032	4.0178
1/27/2019	21:13:40	1467.11	3.8603	3.7346	4.006	4.02
1/27/2019	21:13:41	1468.81	3.8607	3.7352	4.0068	4.0214
1/27/2019	21:13:43	1470.22	3.8597	3.7345	4.0047	4.0226
1/27/2019	21:13:44	1471.45	3.8597	3.7363	4.0052	4.0221
1/27/2019	21:13:46	1473.44	3.8575	3.7354	4.0027	4.0226
1/27/2019	21:13:47	1474.92	3.859	3.7365	4.0021	4.0225
1/27/2019	21:13:49	1476.22	3.8602	3.736	3.998	4.0228
1/27/2019	21:13:50	1477.58	3.8615	3.7361	3.9991	4.0218
1/27/2019	21:13:51	1478.78	3.8604	3.7345	3.9995	4.0236
1/27/2019	21:13:52	1479.94	3.8596	3.7327	4.0024	4.0237
1/27/2019	21:13:54	1481.09	3.8586	3.7308	4.0018	4.0244
1/27/2019	21:13:55	1482.75	3.8594	3.73	4.0013	4.0225
1/27/2019	21:13:57	1484.23	3.8582	3.7312	3.9998	4.0212
1/27/2019	21:13:58	1485.62	3.8601	3.732	4.0022	4.021
1/27/2019	21:13:59	1486.94	3.8579	3.734	4.0025	4.0198
1/27/2019	21:14:01	1488.42	3.8586	3.7353	4.0047	4.0209
1/27/2019	21:14:02	1489.83	3.8566	3.737	4.0032	4.0209
1/27/2019	21:14:03	1491	3.8583	3.7367	4.0046	4.0204
1/27/2019	21:14:05	1492.59	3.8582	3.7359	4.0047	4.021
1/27/2019	21:14:06	1493.97	3.8569	3.7346	4.0047	4.0209
1/27/2019	21:14:08	1495.23	3.8561	3.7358	4.0036	4.0206
1/27/2019	21:14:09	1496.5	3.8553	3.7356	4.0014	4.0206
1/27/2019	21:14:11	1498.31	3.8578	3.7338	4.0014	4.0197
1/27/2019	21:14:13	1500.25	3.8576	3.7326	3.9993	4.02
1/27/2019	21:14:15	1502.14	3.8573	3.73	4.0007	4.0184
1/27/2019	21:14:16	1503.45	3.8564	3.7304	4.0013	4.0166
1/27/2019	21:14:17	1504.69	3.8582	3.7287	4.0028	4.0157
1/27/2019	21:14:19	1506.19	3.8601	3.7291	4.0028	4.0146
1/27/2019	21:14:20	1507.48	3.861	3.7272	4.0028	4.0146
1/27/2019	21:14:22	1509.09	3.859	3.7278	4.0055	4.0143
1/27/2019	21:14:23	1510.41	3.8591	3.7273	4.0055	4.0136
1/27/2019	21:14:24	1511.86	3.8586	3.7276	4.005	4.0125
1/27/2019	21:14:26	1513.22	3.8582	3.7276	4.0025	4.0137
1/27/2019	21:14:28	1515.3	3.8554	3.7311	4.0014	4.0135
1/27/2019	21:14:29	1517.02	3.8536	3.7339	4.0009	4.012
1/27/2019	21:14:31	1519.05	3.8551	3.7338	4.0013	4.0109
1/27/2019	21:14:33	1520.42	3.8564	3.7315	4.0013	4.0101
1/27/2019	21:14:34	1521.7	3.8574	3.7274	4	4.0119
1/27/2019	21:14:36	1523.11	3.8562	3.7267	4	4.0092
1/27/2019	21:14:37	1524.92	3.8543	3.7257	4.0013	4.011
1/27/2019	21:14:40	1527.08	3.8535	3.7276	4.0025	4.0113
1/27/2019	21:14:41	1528.39	3.853	3.7278	4.003	4.0136
1/27/2019	21:14:42	1529.55	3.8546	3.7266	4	4.0132
1/27/2019	21:14:43	1531.03	3.855	3.7241	3.9996	4.0131
1/27/2019	21:14:45	1532.23	3.8569	3.7225	4.0003	4.0121
1/27/2019	21:14:46	1533.36	3.858	3.7213	4.0042	4.0119
1/27/2019	21:14:47	1534.53	3.8575	3.7224	4.0046	4.0115
1/27/2019	21:14:48	1535.92	3.8561	3.7217	4.0037	4.0105
1/27/2019	21:14:50	1537.75	3.8549	3.723	4.0012	4.0107
1/27/2019	21:14:51	1538.89	3.8568	3.7246	4.0007	4.0125
1/27/2019	21:14:53	1540.48	3.8571	3.7243	4.0019	4.0139
1/27/2019	21:14:55	1542.11	3.8576	3.7236	4.001	4.0121
1/27/2019	21:14:56	1543.48	3.8557	3.7203	4	4.0108
1/27/2019	21:14:57	1544.92	3.8555	3.7209	3.9978	4.0111
1/27/2019	21:14:59	1546.23	3.8554	3.7215	3.9989	4.0125
1/27/2019	21:15:00	1547.45	3.8553	3.7223	3.9989	4.0149
1/27/2019	21:15:01	1548.94	3.8546	3.7225	3.998	4.0146
1/27/2019	21:15:03	1550.39	3.8537	3.7221	3.9985	4.0137
1/27/2019	21:15:04	1551.8	3.8544	3.7216	3.9985	4.0117
1/27/2019	21:15:05	1553.03	3.8557	3.7207	3.9995	4.0121
1/27/2019	21:15:07	1554.27	3.8562	3.7197	3.9982	4.0132
1/27/2019	21:15:08	1555.67	3.8562	3.7205	3.9982	4.014
1/27/2019	21:15:09	1556.92	3.8542	3.7213	3.9984	4.014
1/27/2019	21:15:11	1558.16	3.8536	3.7218	3.9996	4.0144
1/27/2019	21:15:12	1559.53	3.8515	3.7215	4.0002	4.0133
1/27/2019	21:15:14	1561.09	3.8522	3.7195	4.0012	4.0137
1/27/2019	21:15:15	1563.03	3.8531	3.7191	4.0003	4.0124
1/27/2019	21:15:18	1565.39	3.8557	3.7194	4.0003	4.0127
1/27/2019	21:15:19	1566.66	3.8557	3.7218	3.9987	4.0107
1/27/2019	21:15:20	1567.86	3.8554	3.7225	3.9992	4.0121
1/27/2019	21:15:22	1569.44	3.8555	3.7224	4	4.0104
1/27/2019	21:15:24	1571.11	3.856	3.7202	4.0009	4.0128
1/27/2019	21:15:25	1572.41	3.8561	3.7195	4.002	4.0137
1/27/2019	21:15:26	1573.55	3.8571	3.7174	4.0034	4.0131
1/27/2019	21:15:28	1575.11	3.8573	3.7178	4.0034	4.0128
1/27/2019	21:15:29	1576.81	3.8579	3.7178	4.0014	4.0097
1/27/2019	21:15:31	1578.34	3.8561	3.7184	4.0006	4.0125
1/27/2019	21:15:32	1579.98	3.8562	3.7175	3.9988	4.0117
1/27/2019	21:15:34	1581.78	3.8554	3.7175	3.9987	4.0137
1/27/2019	21:15:36	1583.14	3.8547	3.7168	3.9976	4.0148
1/27/2019	21:15:37	1584.44	3.8546	3.7181	3.9996	4.0165
1/27/2019	21:15:38	1585.81	3.8533	3.7171	4.0005	4.0165
1/27/2019	21:15:39	1587.02	3.8548	3.719	4.0009	4.0162
1/27/2019	21:15:41	1588.39	3.8526	3.7187	4.0001	4.0156
1/27/2019	21:15:42	1589.67	3.8543	3.7181	3.9994	4.0152
1/27/2019	21:15:43	1591.02	3.8535	3.7153	3.9987	4.0151
1/27/2019	21:15:46	1593.08	3.8547	3.7129	3.9981	4.0161
1/27/2019	21:15:47	1594.44	3.8562	3.712	3.9981	4.0161
1/27/2019	21:15:48	1595.75	3.8557	3.7116	3.9974	4.0148
1/27/2019	21:15:50	1597.28	3.8546	3.7126	3.998	4.0146
1/27/2019	21:15:51	1598.81	3.8529	3.7139	3.9967	4.0156
1/27/2019	21:15:54	1601.62	3.8532	3.7158	3.9969	4.015
1/27/2019	21:15:57	1604.12	3.8549	3.7149	3.9976	4.014
1/27/2019	21:15:59	1606.14	3.8544	3.7137	3.998	4.0116
1/27/2019	21:16:00	1607.52	3.8556	3.7118	3.9987	4.0121
1/27/2019	21:16:01	1608.81	3.8553	3.7095	3.997	4.0105
1/27/2019	21:16:03	1610.41	3.8546	3.7099	3.9973	4.0108
1/27/2019	21:16:04	1611.73	3.8537	3.71	3.9959	4.0109
1/27/2019	21:16:06	1613.2	3.8537	3.7114	3.9953	4.0116
1/27/2019	21:16:07	1614.39	3.8529	3.7104	3.9966	4.0121
1/27/2019	21:16:08	1616.05	3.8525	3.7096	3.9978	4.0126
1/27/2019	21:16:10	1617.58	3.8521	3.7101	4.0002	4.0134
1/27/2019	21:16:11	1618.91	3.8519	3.7105	3.9989	4.0124
1/27/2019	21:16:13	1620.28	3.8512	3.7107	3.9983	4.0113
1/27/2019	21:16:14	1621.66	3.8521	3.7116	3.9989	4.0094
1/27/2019	21:16:15	1622.83	3.8512	3.7121	3.9969	4.0116
1/27/2019	21:16:17	1624.08	3.8507	3.7124	3.997	4.013
1/27/2019	21:16:18	1625.27	3.8485	3.712	3.9945	4.0138
1/27/2019	21:16:20	1627.22	3.8511	3.7107	3.997	4.0129
1/27/2019	21:16:21	1628.53	3.8515	3.7098	3.9973	4.0121
1/27/2019	21:16:22	1629.87	3.8528	3.7071	3.9973	4.0103
1/27/2019	21:16:24	1631.95	3.8519	3.707	3.9973	4.0073
1/27/2019	21:16:26	1633.59	3.8522	3.707	3.9969	4.0057
1/27/2019	21:16:28	1635.17	3.8518	3.7066	3.9978	4.0049
1/27/2019	21:16:30	1637.19	3.8507	3.7061	3.9973	4.0055
1/27/2019	21:16:31	1638.5	3.8511	3.7068	3.998	4.0063
1/27/2019	21:16:32	1639.73	3.8514	3.7077	3.9983	4.0081
1/27/2019	21:16:34	1641.16	3.8517	3.7074	3.9987	4.0095
1/27/2019	21:16:35	1642.92	3.8504	3.7059	3.9973	4.0087
1/27/2019	21:16:37	1644.41	3.8526	3.7051	3.9966	4.0095
1/27/2019	21:16:38	1645.91	3.8542	3.7058	3.9967	4.0096
1/27/2019	21:16:40	1647.28	3.8553	3.7072	3.9973	4.0117
1/27/2019	21:16:41	1648.62	3.8525	3.7084	3.996	4.0105
1/27/2019	21:16:42	1649.94	3.8514	3.71	3.9963	4.0111
1/27/2019	21:16:44	1651.33	3.8513	3.7097	3.9963	4.01
1/27/2019	21:16:45	1652.78	3.851	3.709	3.9978	4.0132
1/27/2019	21:16:47	1654.23	3.8518	3.7066	3.996	4.0141
1/27/2019	21:16:49	1656.23	3.8512	3.7048	3.9977	4.0136
1/27/2019	21:16:51	1658.2	3.8522	3.704	3.9963	4.0102
1/27/2019	21:16:52	1659.61	3.8519	3.7045	3.9977	4.0081
1/27/2019	21:16:53	1660.87	3.8539	3.7062	3.9952	4.0067
1/27/2019	21:16:55	1662.19	3.8543	3.7066	3.9973	4.0083
1/27/2019	21:16:56	1663.56	3.8546	3.7061	3.996	4.0092
1/27/2019	21:16:57	1664.94	3.8525	3.7062	3.9973	4.0093
1/27/2019	21:16:59	1666.39	3.854	3.7067	3.9956	4.0071
1/27/2019	21:17:00	1667.77	3.8525	3.7057	3.9952	4.0077
1/27/2019	21:17:02	1669.09	3.8522	3.703	3.9943	4.0091
1/27/2019	21:17:03	1670.62	3.8508	3.7015	3.9944	4.0102
1/27/2019	21:17:05	1672.2	3.8511	3.7015	3.9948	4.0106
1/27/2019	21:17:07	1674.14	3.8507	3.7019	3.9945	4.0114
1/27/2019	21:17:08	1675.34	3.8493	3.7031	3.9938	4.0128
1/27/2019	21:17:09	1676.47	3.8496	3.704	3.9936	4.0132
1/27/2019	21:17:11	1678.14	3.8489	3.7049	3.9926	4.0125
1/27/2019	21:17:12	1680	3.8488	3.7034	3.9922	4.0118
1/27/2019	21:17:14	1681.28	3.8483	3.7015	3.9916	4.0112
1/27/2019	21:17:15	1682.8	3.8494	3.6997	3.9932	4.0143
1/27/2019	21:17:17	1684.73	3.8492	3.6989	3.9918	4.0129
1/27/2019	21:17:19	1686.77	3.8485	3.6992	3.9918	4.0126
1/27/2019	21:17:21	1688.08	3.8479	3.6987	3.9912	4.0097
1/27/2019	21:17:22	1689.27	3.8488	3.698	3.9934	4.0106
1/27/2019	21:17:23	1690.75	3.8489	3.6974	3.994	4.0112
1/27/2019	21:17:24	1692.02	3.8494	3.6974	3.9947	4.0106
1/27/2019	21:17:26	1693.14	3.8494	3.6978	3.9934	4.0113
1/27/2019	21:17:27	1694.45	3.85	3.6964	3.9943	4.0113
1/27/2019	21:17:29	1696.39	3.8503	3.6958	3.9927	4.012
1/27/2019	21:17:30	1697.69	3.8504	3.696	3.992	4.0121
1/27/2019	21:17:31	1698.87	3.8507	3.698	3.9916	4.0113
1/27/2019	21:17:33	1700.08	3.8496	3.6988	3.9921	4.0108
1/27/2019	21:17:34	1701.27	3.8493	3.6985	3.9932	4.0106
1/27/2019	21:17:35	1702.81	3.8479	3.6963	3.992	4.0108
1/27/2019	21:17:37	1704.12	3.8503	3.6952	3.9919	4.0116
1/27/2019	21:17:38	1705.55	3.8485	3.6956	3.9916	4.0125
1/27/2019	21:17:39	1706.77	3.8493	3.6969	3.99	4.0112
1/27/2019	21:17:41	1708.14	3.849	3.6973	3.9904	4.0102
1/27/2019	21:17:42	1709.31	3.85	3.6967	3.9912	4.008
1/27/2019	21:17:44	1711.08	3.8497	3.6946	3.9931	4.0085
1/27/2019	21:17:46	1713.25	3.8482	3.6954	3.9948	4.0099
1/27/2019	21:17:48	1715.34	3.8478	3.6967	3.9954	4.0101
1/27/2019	21:17:49	1716.77	3.8478	3.6997	3.9969	4.0092
1/27/2019	21:17:51	1718.12	3.8479	3.6992	3.9958	4.0073
1/27/2019	21:17:52	1719.59	3.8489	3.6982	3.9962	4.0071
1/27/2019	21:17:53	1721.05	3.8486	3.6957	3.9951	4.0075
1/27/2019	21:17:55	1722.3	3.8492	3.695	3.9937	4.0092
1/27/2019	21:17:56	1723.5	3.8489	3.693	3.9925	4.0099
1/27/2019	21:17:57	1724.64	3.8506	3.6927	3.992	4.0108
1/27/2019	21:17:58	1725.78	3.8508	3.6914	3.992	4.0089
1/27/2019	21:18:00	1727.2	3.8496	3.6902	3.9913	4.0076
1/27/2019	21:18:01	1729.02	3.8489	3.6888	3.9909	4.0057
1/27/2019	21:18:03	1730.3	3.8477	3.689	3.9912	4.0059
1/27/2019	21:18:04	1731.47	3.8499	3.6906	3.9907	4.0064
1/27/2019	21:18:05	1732.72	3.8504	3.6929	3.9898	4.0059
1/27/2019	21:18:07	1734.97	3.8497	3.6923	3.99	4.0043
1/27/2019	21:18:09	1736.94	3.8495	3.6922	3.9918	4.0028
1/27/2019	21:18:11	1738.39	3.8473	3.6896	3.9933	4.0034
1/27/2019	21:18:12	1739.53	3.8471	3.6903	3.994	4.0032
1/27/2019	21:18:13	1740.67	3.8449	3.6924	3.9934	4.0028
1/27/2019	21:18:15	1742.16	3.8444	3.6965	3.9927	4.0015
1/27/2019	21:18:16	1743.84	3.8456	3.6974	3.9916	4.0013
1/27/2019	21:18:18	1745.58	3.8459	3.6953	3.9901	4.002
1/27/2019	21:18:19	1746.87	3.8477	3.6929	3.9897	4.0039
1/27/2019	21:18:20	1748.02	3.8474	3.6916	3.9894	4.0055
1/27/2019	21:18:22	1749.12	3.8495	3.6907	3.9902	4.0055
1/27/2019	21:18:23	1750.83	3.8495	3.6905	3.9915	4.0052
1/27/2019	21:18:25	1752.61	3.8483	3.6902	3.9933	4.0052
1/27/2019	21:18:27	1754.09	3.8472	3.6907	3.9936	4.0055
1/27/2019	21:18:28	1755.42	3.8474	3.6899	3.9929	4.0049
1/27/2019	21:18:29	1756.73	3.8492	3.6895	3.9921	4.0031
1/27/2019	21:18:31	1758.33	3.8485	3.6893	3.9926	4.0029
1/27/2019	21:18:32	1759.59	3.8488	3.6902	3.9919	4.0047
1/27/2019	21:18:33	1760.8	3.8482	3.6919	3.9925	4.0068
1/27/2019	21:18:34	1761.94	3.8499	3.6924	3.9914	4.006
1/27/2019	21:18:36	1763.11	3.8503	3.691	3.9927	4.0043
1/27/2019	21:18:37	1764.33	3.8495	3.6892	3.9922	4.0027
1/27/2019	21:18:39	1766.37	3.8489	3.6866	3.9933	4.0049
1/27/2019	21:18:41	1768.06	3.8472	3.6859	3.9932	4.0071
1/27/2019	21:18:42	1769.55	3.8482	3.6858	3.9932	4.0088
1/27/2019	21:18:44	1771.75	3.8463	3.6866	3.9926	4.0072
1/27/2019	21:18:46	1773.91	3.8465	3.6877	3.9933	4.0059
1/27/2019	21:18:48	1775.2	3.8468	3.6873	3.9916	4.006
1/27/2019	21:18:49	1776.83	3.8482	3.6867	3.9922	4.0073
1/27/2019	21:18:51	1778.16	3.8494	3.6859	3.9911	4.0089
1/27/2019	21:18:52	1779.62	3.8486	3.684	3.9916	4.0083
1/27/2019	21:18:53	1780.84	3.8501	3.6846	3.9919	4.0075
1/27/2019	21:18:55	1782.11	3.8486	3.6837	3.9916	4.0061
1/27/2019	21:18:56	1783.53	3.8486	3.6847	3.9915	4.0064
1/27/2019	21:18:57	1784.86	3.8471	3.6836	3.99	4.0068
1/27/2019	21:18:59	1786.17	3.8495	3.6829	3.9882	4.0075
1/27/2019	21:19:00	1787.3	3.8492	3.6815	3.9875	4.0099
1/27/2019	21:19:01	1788.45	3.8494	3.6811	3.9874	4.0104
1/27/2019	21:19:02	1789.67	3.8478	3.6816	3.9896	4.01
1/27/2019	21:19:04	1791.5	3.8476	3.6825	3.9914	4.0091
1/27/2019	21:19:06	1793.11	3.8464	3.6829	3.9925	4.0079
1/27/2019	21:19:07	1794.34	3.847	3.6821	3.9918	4.0064
1/27/2019	21:19:08	1795.47	3.8472	3.681	3.9909	4.0029
1/27/2019	21:19:09	1796.92	3.85	3.6796	3.9902	4.0019
1/27/2019	21:19:11	1798.31	3.8489	3.6791	3.9918	4.002
1/27/2019	21:19:13	1800.16	3.8477	3.6792	3.9923	4.0053
1/27/2019	21:19:14	1801.53	3.8441	3.6805	3.9932	4.0084
1/27/2019	21:19:15	1802.69	3.8452	3.6815	3.9915	4.0084
1/27/2019	21:19:17	1804.31	3.8463	3.6828	3.9897	4.0061
1/27/2019	21:19:19	1806.7	3.8464	3.685	3.9885	4.0035
1/27/2019	21:19:21	1808.59	3.8449	3.6843	3.9883	4.0047
1/27/2019	21:19:23	1810.06	3.8435	3.6847	3.989	4.0043
1/27/2019	21:19:24	1811.39	3.8442	3.683	3.9894	4.0056
1/27/2019	21:19:25	1812.8	3.8441	3.685	3.9894	4.0047
1/27/2019	21:19:27	1814.22	3.8446	3.6846	3.9903	4.0068
1/27/2019	21:19:28	1815.47	3.8443	3.6851	3.9912	4.0065
1/27/2019	21:19:29	1816.73	3.8448	3.6839	3.9926	4.0073
1/27/2019	21:19:31	1818.14	3.8439	3.6818	3.9915	4.0069
1/27/2019	21:19:32	1819.47	3.8439	3.6803	3.9896	4.0053
1/27/2019	21:19:33	1821.03	3.8428	3.6792	3.9889	4.0063
1/27/2019	21:19:36	1823.37	3.8432	3.6822	3.9885	4.0048
1/27/2019	21:19:37	1824.89	3.842	3.6826	3.989	4.0073
1/27/2019	21:19:39	1826.11	3.8428	3.6839	3.9891	4.0069
1/27/2019	21:19:40	1827.33	3.8435	3.682	3.9905	4.0084
1/27/2019	21:19:41	1828.55	3.8445	3.6826	3.9897	4.0073
1/27/2019	21:19:42	1829.86	3.8447	3.6827	3.9896	4.008
1/27/2019	21:19:44	1831.58	3.8454	3.6844	3.9885	4.0063
1/27/2019	21:19:45	1832.98	3.8488	3.6845	3.991	4.0065
1/27/2019	21:19:47	1834.28	3.8488	3.6829	3.9901	4.0028
1/27/2019	21:19:48	1835.45	3.8478	3.6808	3.9915	4.0044
1/27/2019	21:19:49	1836.72	3.845	3.6804	3.9908	4.0049
1/27/2019	21:19:50	1837.91	3.8453	3.6789	3.9907	4.0073
1/27/2019	21:19:52	1839.64	3.8469	3.678	3.9915	4.0056
1/27/2019	21:19:53	1841.05	3.8465	3.676	3.9897	4.0047
1/27/2019	21:19:55	1842.3	3.8475	3.677	3.9889	4.0045
1/27/2019	21:19:56	1843.55	3.8463	3.6757	3.9887	4.0065
1/27/2019	21:19:58	1845.06	3.8479	3.6761	3.989	4.0065
1/27/2019	21:19:59	1846.91	3.8471	3.676	3.99	4.0047
1/27/2019	21:20:01	1848.14	3.8485	3.6773	3.9885	4.0009
1/27/2019	21:20:02	1849.33	3.8468	3.6771	3.9887	4.0014
1/27/2019	21:20:03	1850.48	3.8461	3.6758	3.9885	4.001
1/27/2019	21:20:04	1851.61	3.8446	3.6727	3.9886	4.0014
1/27/2019	21:20:06	1853.17	3.846	3.6722	3.9894	4.0008
1/27/2019	21:20:08	1855.14	3.8459	3.6734	3.99	4.0021
1/27/2019	21:20:10	1857.19	3.8457	3.6738	3.9905	4.0032
1/27/2019	21:20:11	1859	3.8439	3.6751	3.9916	4.0028
1/27/2019	21:20:13	1860.77	3.8443	3.6744	3.9911	4.0025
1/27/2019	21:20:15	1862.27	3.844	3.6752	3.9928	4.001
1/27/2019	21:20:16	1863.59	3.8463	3.6733	3.991	3.9979
1/27/2019	21:20:17	1864.7	3.8474	3.6723	3.9901	3.9963
1/27/2019	21:20:18	1865.86	3.847	3.6722	3.9875	3.998
1/27/2019	21:20:20	1867.06	3.8457	3.6724	3.9887	4.0006
1/27/2019	21:20:21	1868.87	3.8446	3.6732	3.9898	4.0019
1/27/2019	21:20:23	1870.55	3.8457	3.6742	3.9904	4.0011
1/27/2019	21:20:24	1871.95	3.8468	3.6733	3.9898	4.0002
1/27/2019	21:20:26	1873.39	3.8474	3.6733	3.9897	3.9991
1/27/2019	21:20:27	1874.61	3.8476	3.6745	3.9916	3.9991
1/27/2019	21:20:28	1875.94	3.8467	3.6759	3.9911	4.0012
1/27/2019	21:20:30	1877.42	3.8447	3.676	3.9919	4.0028
1/27/2019	21:20:31	1878.92	3.8435	3.6742	3.9896	4.0048
1/27/2019	21:20:34	1881.11	3.8439	3.6732	3.9896	4.0041
1/27/2019	21:20:36	1883.34	3.846	3.6743	3.9889	4.0045
1/27/2019	21:20:37	1884.89	3.8479	3.6755	3.9886	4.0024
1/27/2019	21:20:39	1886.55	3.8493	3.6758	3.9875	4.0012
1/27/2019	21:20:41	1888.19	3.8496	3.6738	3.987	4.0003
1/27/2019	21:20:42	1889.78	3.8479	3.6713	3.9859	4.0003
1/27/2019	21:20:44	1891.64	3.8443	3.6706	3.985	4.0007
1/27/2019	21:20:45	1893.05	3.8435	3.6698	3.9846	4.0007
1/27/2019	21:20:47	1894.44	3.8445	3.6696	3.9845	4.0024
1/27/2019	21:20:48	1895.97	3.8466	3.6699	3.9859	4.0035
1/27/2019	21:20:50	1897.77	3.846	3.67	3.9859	4.0048
1/27/2019	21:20:52	1899.5	3.8454	3.6699	3.9857	4.0051
1/27/2019	21:20:53	1900.75	3.845	3.669	3.9853	4.006
1/27/2019	21:20:55	1902.14	3.8453	3.6688	3.9846	4.0059
1/27/2019	21:20:56	1903.56	3.8449	3.67	3.9859	4.0063
1/27/2019	21:20:58	1905.39	3.8456	3.6726	3.9839	4.0049
1/27/2019	21:20:59	1906.78	3.8452	3.6727	3.9846	4.002
1/27/2019	21:21:01	1908.28	3.8464	3.6718	3.9835	3.9992
1/27/2019	21:21:02	1909.55	3.845	3.6696	3.9835	3.9982
1/27/2019	21:21:04	1911.06	3.8457	3.6683	3.9816	3.9991
1/27/2019	21:21:05	1912.69	3.8456	3.6682	3.9805	3.998
1/27/2019	21:21:07	1914.48	3.8463	3.6687	3.9797	3.998
1/27/2019	21:21:09	1916.31	3.8472	3.6719	3.9791	3.9983
1/27/2019	21:21:11	1918.28	3.8461	3.6744	3.9801	3.9999
1/27/2019	21:21:14	1921.25	3.8477	3.6741	3.9804	4.0014
1/27/2019	21:21:15	1922.66	3.8481	3.673	3.9809	4.0033
1/27/2019	21:21:17	1924.17	3.8503	3.6714	3.9797	4.0036
1/27/2019	21:21:18	1925.67	3.8497	3.6713	3.9795	4.0025
1/27/2019	21:21:20	1927.83	3.8475	3.6697	3.9805	3.9995
1/27/2019	21:21:22	1929.67	3.8447	3.6687	3.9812	3.9984
1/27/2019	21:21:24	1931.19	3.8449	3.6669	3.9817	3.9987
1/27/2019	21:21:26	1933.2	3.8453	3.666	3.9804	4.0007
1/27/2019	21:21:27	1934.8	3.8457	3.6648	3.9801	4.0004
1/27/2019	21:21:29	1936.36	3.8435	3.6637	3.9797	3.9985
1/27/2019	21:21:30	1937.75	3.8417	3.6638	3.9793	3.9959
1/27/2019	21:21:31	1938.97	3.8424	3.6625	3.9783	3.9984
1/27/2019	21:21:33	1940.33	3.8432	3.6635	3.9791	3.9972
1/27/2019	21:21:34	1941.81	3.8432	3.663	3.9782	3.9979
1/27/2019	21:21:36	1943.12	3.8434	3.6649	3.9779	3.9959
1/27/2019	21:21:37	1944.44	3.8442	3.6666	3.9771	3.9991
1/27/2019	21:21:38	1945.81	3.8461	3.6664	3.9772	3.9991
1/27/2019	21:21:40	1947.3	3.8446	3.6659	3.9766	3.9994
1/27/2019	21:21:41	1948.53	3.8447	3.6643	3.9765	3.9984
1/27/2019	21:21:42	1949.83	3.8432	3.6659	3.9765	3.9979
1/27/2019	21:21:44	1951.61	3.8439	3.6658	3.9764	3.9943
1/27/2019	21:21:45	1952.94	3.8414	3.665	3.9769	3.9936
1/27/2019	21:21:47	1954.31	3.8423	3.663	3.9783	3.9933
1/27/2019	21:21:48	1955.69	3.841	3.6631	3.979	3.9964
1/27/2019	21:21:50	1957.48	3.8424	3.6634	3.9776	3.9959
1/27/2019	21:21:51	1959.05	3.8418	3.664	3.975	3.9975
1/27/2019	21:21:54	1961.14	3.8423	3.6628	3.9753	3.9972
1/27/2019	21:21:55	1962.62	3.8413	3.6626	3.9768	3.9975
1/27/2019	21:21:57	1964.2	3.8405	3.6622	3.9793	3.9984
1/27/2019	21:21:58	1965.75	3.8406	3.6621	3.9805	3.9991
1/27/2019	21:22:00	1967.34	3.841	3.6628	3.979	3.9983
1/27/2019	21:22:02	1969.19	3.8428	3.6623	3.979	3.9979
1/27/2019	21:22:03	1970.91	3.8424	3.6605	3.9789	4.0006
1/27/2019	21:22:05	1972.55	3.8442	3.6586	3.9797	4.0023
1/27/2019	21:22:06	1973.84	3.8425	3.6581	3.9778	3.9996
1/27/2019	21:22:08	1975.09	3.8434	3.6602	3.9787	3.9955
1/27/2019	21:22:09	1976.47	3.8417	3.6614	3.9797	3.9955
1/27/2019	21:22:10	1977.89	3.8424	3.6623	3.9822	3.9974
1/27/2019	21:22:12	1979.61	3.8429	3.6615	3.9806	3.9991
1/27/2019	21:22:14	1981.14	3.8439	3.6607	3.9791	3.9978
1/27/2019	21:22:15	1982.94	3.8468	3.6607	3.9782	3.9991
1/27/2019	21:22:17	1984.33	3.8457	3.6606	3.9779	3.9994
1/27/2019	21:22:18	1985.77	3.8451	3.6629	3.9789	4.0009
1/27/2019	21:22:20	1987.22	3.8449	3.664	3.9793	3.9996
1/27/2019	21:22:21	1988.66	3.8457	3.6646	3.9797	4.0009
1/27/2019	21:22:23	1990.36	3.8457	3.662	3.9808	4.0025
1/27/2019	21:22:24	1991.8	3.8425	3.6601	3.9805	4.0035
1/27/2019	21:22:26	1993.23	3.8414	3.6584	3.9791	4.0017
1/27/2019	21:22:27	1994.48	3.8403	3.6587	3.9768	3.9992
1/27/2019	21:22:28	1995.87	3.8405	3.6588	3.9767	3.9999
1/27/2019	21:22:30	1997.14	3.8406	3.6594	3.9778	4.0001
1/27/2019	21:22:31	1998.39	3.8401	3.6597	3.9767	3.9988
1/27/2019	21:22:33	2000.33	3.8396	3.658	3.9752	3.9963
1/27/2019	21:22:34	2001.66	3.8399	3.6576	3.9738	3.9934
1/27/2019	21:22:36	2003.11	3.8407	3.6558	3.9725	3.9945
1/27/2019	21:22:37	2004.75	3.8428	3.6566	3.9715	3.9965
1/27/2019	21:22:39	2006.77	3.8423	3.6567	3.9687	3.9979
1/27/2019	21:22:41	2008.14	3.8432	3.6577	3.9685	3.9974
1/27/2019	21:22:42	2009.45	3.8418	3.6574	3.9668	3.9951
1/27/2019	21:22:43	2010.72	3.8413	3.6559	3.9667	3.9942
1/27/2019	21:22:44	2012.02	3.8405	3.655	3.965	3.9947
1/27/2019	21:22:46	2013.22	3.8389	3.6546	3.9632	3.995
1/27/2019	21:22:47	2014.47	3.8402	3.6559	3.9635	3.9954
1/27/2019	21:22:48	2015.77	3.8398	3.6569	3.9638	3.9976
1/27/2019	21:22:50	2017.69	3.8402	3.6582	3.9624	3.9972
1/27/2019	21:22:51	2018.97	3.8403	3.6588	3.9589	3.9984
1/27/2019	21:22:53	2020.22	3.8393	3.6572	3.9557	3.9956
1/27/2019	21:22:54	2021.64	3.8402	3.6566	3.9581	3.9972
1/27/2019	21:22:55	2023.02	3.841	3.6544	3.9575	3.9966
1/27/2019	21:22:57	2024.5	3.8418	3.6545	3.9586	3.9979
1/27/2019	21:22:58	2025.77	3.8413	3.6527	3.9577	3.9979
1/27/2019	21:22:59	2026.98	3.84	3.6528	3.9594	4.0006
1/27/2019	21:23:01	2028.22	3.8409	3.6535	3.9581	3.9996
1/27/2019	21:23:02	2029.5	3.8425	3.6553	3.957	4
1/27/2019	21:23:04	2031.44	3.8421	3.6559	3.9544	3.9983
1/27/2019	21:23:06	2033.12	3.8413	3.6564	3.9541	3.9975
1/27/2019	21:23:07	2035.03	3.8409	3.6569	3.9541	3.9979
1/27/2019	21:23:09	2036.58	3.8413	3.6567	3.9553	3.9959
1/27/2019	21:23:11	2038.12	3.8431	3.6555	3.956	3.997
1/27/2019	21:23:12	2039.58	3.8431	3.6537	3.954	3.9967
1/27/2019	21:23:13	2040.91	3.8425	3.6548	3.9526	3.9991
1/27/2019	21:23:15	2042.64	3.841	3.6543	3.9525	3.9974
1/27/2019	21:23:17	2044.69	3.8416	3.654	3.9523	3.9951
1/27/2019	21:23:18	2045.81	3.8425	3.6506	3.9518	3.9931
1/27/2019	21:23:20	2047.19	3.8438	3.6503	3.9519	3.9955
1/27/2019	21:23:21	2048.5	3.8438	3.6498	3.9532	3.9955
1/27/2019	21:23:23	2050.3	3.8436	3.6504	3.954	3.9972
1/27/2019	21:23:24	2051.98	3.842	3.6499	3.9541	3.9963
1/27/2019	21:23:26	2053.75	3.8403	3.6507	3.9538	3.9972
1/27/2019	21:23:28	2055.48	3.8395	3.6507	3.9533	3.9984
1/27/2019	21:23:29	2056.86	3.8414	3.6513	3.9529	3.999
1/27/2019	21:23:31	2058.2	3.841	3.6499	3.9525	3.9987
1/27/2019	21:23:32	2059.53	3.8409	3.6493	3.9514	3.9963
1/27/2019	21:23:34	2061.48	3.8393	3.6482	3.9504	3.9961
1/27/2019	21:23:36	2063.19	3.8407	3.6486	3.9492	3.9964
1/27/2019	21:23:37	2064.52	3.8414	3.6506	3.9508	3.9972
1/27/2019	21:23:38	2065.7	3.8418	3.6519	3.9502	3.9958
1/27/2019	21:23:39	2067	3.8434	3.6534	3.9507	3.9948
1/27/2019	21:23:41	2068.25	3.8447	3.6522	3.9497	3.9939
1/27/2019	21:23:42	2069.48	3.8443	3.6507	3.951	3.9956
1/27/2019	21:23:43	2070.78	3.8416	3.6491	3.9515	3.9988
1/27/2019	21:23:44	2072.05	3.8411	3.6487	3.9511	4.0001
1/27/2019	21:23:46	2074	3.8407	3.6483	3.9496	4.0003
1/27/2019	21:23:48	2075.33	3.8417	3.6481	3.948	3.9992
1/27/2019	21:23:49	2076.59	3.8395	3.6494	3.9482	3.9995
1/27/2019	21:23:50	2077.8	3.8395	3.6497	3.9467	4.002
1/27/2019	21:23:52	2079.09	3.838	3.6496	3.9489	4.0017
1/27/2019	21:23:53	2080.42	3.8381	3.6489	3.9491	4.0031
1/27/2019	21:23:54	2081.73	3.8373	3.6487	3.9507	4.0019
1/27/2019	21:23:55	2082.97	3.8382	3.6471	3.9495	4.0024
1/27/2019	21:23:57	2084.16	3.8391	3.6464	3.9497	3.9989
1/27/2019	21:23:58	2085.39	3.8389	3.6453	3.9502	3.9996
1/27/2019	21:23:59	2086.56	3.8388	3.6467	3.9478	4.0016
1/27/2019	21:24:01	2088.17	3.8374	3.646	3.9461	4.0037
1/27/2019	21:24:02	2089.95	3.8384	3.6475	3.9446	4.0017
1/27/2019	21:24:04	2091.2	3.8395	3.6471	3.9467	3.9963
1/27/2019	21:24:05	2092.42	3.8402	3.6476	3.9482	3.996
1/27/2019	21:24:06	2093.62	3.8404	3.6483	3.9499	3.9974
1/27/2019	21:24:07	2094.84	3.8392	3.6496	3.9488	3.9988
1/27/2019	21:24:08	2096.05	3.8392	3.6494	3.9481	3.9999
1/27/2019	21:24:10	2097.25	3.8395	3.649	3.9471	3.9963
1/27/2019	21:24:11	2098.45	3.8385	3.6495	3.9495	3.9968
1/27/2019	21:24:12	2099.89	3.8392	3.6505	3.9485	3.9939
1/27/2019	21:24:14	2101.61	3.8374	3.6497	3.9491	3.9933
1/27/2019	21:24:15	2102.83	3.8396	3.6479	3.9489	3.9922
1/27/2019	21:24:16	2104.03	3.8396	3.6473	3.9521	3.9913
1/27/2019	21:24:18	2105.28	3.8405	3.6476	3.9522	3.9933
1/27/2019	21:24:19	2106.5	3.8399	3.6485	3.9514	3.9941
1/27/2019	21:24:20	2107.73	3.8376	3.6476	3.9489	3.995
1/27/2019	21:24:21	2109	3.8381	3.6462	3.9491	3.9931
1/27/2019	21:24:23	2110.22	3.837	3.6443	3.9497	3.994
1/27/2019	21:24:24	2111.39	3.8393	3.6431	3.9508	3.9956
1/27/2019	21:24:25	2112.84	3.8392	3.6438	3.9502	3.998
1/27/2019	21:24:27	2114.66	3.84	3.6437	3.9502	3.9972
1/27/2019	21:24:28	2115.97	3.84	3.6442	3.9496	3.9963
1/27/2019	21:24:30	2117.2	3.8402	3.6458	3.9507	3.9964
1/27/2019	21:24:31	2118.69	3.8404	3.6472	3.95	3.9938
1/27/2019	21:24:33	2120.08	3.8402	3.6483	3.9488	3.9944
1/27/2019	21:24:34	2121.41	3.8405	3.6469	3.9457	3.9938
1/27/2019	21:24:35	2122.64	3.8388	3.6463	3.9451	3.9966
1/27/2019	21:24:36	2123.86	3.8378	3.6448	3.9444	3.9955
1/27/2019	21:24:38	2125.11	3.8365	3.6441	3.9469	3.9942
1/27/2019	21:24:39	2126.39	3.8374	3.6431	3.947	3.9947
1/27/2019	21:24:40	2127.56	3.8377	3.6431	3.9473	3.9953
1/27/2019	21:24:41	2128.83	3.8383	3.6422	3.9463	3.9982
1/27/2019	21:24:42	2130.03	3.837	3.6413	3.9454	3.9979
1/27/2019	21:24:44	2131.27	3.8367	3.6411	3.9451	3.9991
1/27/2019	21:24:45	2132.62	3.836	3.6422	3.9458	3.9999
1/27/2019	21:24:47	2134.17	3.8382	3.6429	3.9457	3.9995
1/27/2019	21:24:48	2135.62	3.8384	3.6428	3.945	4.002
1/27/2019	21:24:50	2137.25	3.8388	3.6421	3.9438	4.0023
1/27/2019	21:24:51	2138.64	3.8373	3.6411	3.9425	4.0036
1/27/2019	21:24:53	2140.16	3.8377	3.64	3.9438	4.0015
1/27/2019	21:24:54	2141.64	3.8373	3.6393	3.9454	3.9996
1/27/2019	21:24:56	2143.3	3.8378	3.6395	3.9481	3.9993
1/27/2019	21:24:57	2144.53	3.8383	3.6398	3.9496	3.9987
1/27/2019	21:24:58	2145.75	3.8385	3.6387	3.9463	3.9997
1/27/2019	21:24:59	2146.97	3.8381	3.6376	3.9425	3.9976
1/27/2019	21:25:01	2148.27	3.8371	3.6367	3.9386	3.9975
1/27/2019	21:25:02	2149.92	3.8377	3.6369	3.9387	3.997
1/27/2019	21:25:04	2151.39	3.8387	3.6372	3.9395	3.9987
1/27/2019	21:25:06	2153.09	3.8395	3.6382	3.9409	3.9993
1/27/2019	21:25:07	2154.78	3.8395	3.6385	3.9417	3.9968
1/27/2019	21:25:09	2156.25	3.8391	3.6388	3.9431	3.9967
1/27/2019	21:25:10	2157.5	3.8378	3.6388	3.9444	3.9977
1/27/2019	21:25:11	2158.7	3.8375	3.64	3.944	4.0004
1/27/2019	21:25:12	2159.86	3.837	3.6404	3.9447	4.0023
1/27/2019	21:25:14	2161.34	3.8389	3.6408	3.9447	4.002
1/27/2019	21:25:15	2162.87	3.8393	3.64	3.9451	4.0028
1/27/2019	21:25:17	2164.2	3.8384	3.6398	3.9443	4.0017
1/27/2019	21:25:18	2165.42	3.8362	3.6388	3.9457	3.9998
1/27/2019	21:25:19	2166.69	3.8341	3.6382	3.9476	3.9984
1/27/2019	21:25:21	2168.08	3.8342	3.6365	3.9474	3.9983
1/27/2019	21:25:22	2169.8	3.8349	3.6348	3.9461	3.9984
1/27/2019	21:25:24	2171.47	3.8362	3.6341	3.9461	3.9981
1/27/2019	21:25:25	2172.87	3.836	3.6351	3.947	3.9956
1/27/2019	21:25:27	2174.25	3.8362	3.6363	3.9485	3.9955
1/27/2019	21:25:28	2175.48	3.837	3.6372	3.9479	3.9944
1/27/2019	21:25:29	2176.73	3.8366	3.6376	3.9479	3.9959
1/27/2019	21:25:30	2177.92	3.8366	3.6377	3.9481	3.9955
1/27/2019	21:25:32	2179.45	3.8353	3.6377	3.9474	3.9962
1/27/2019	21:25:33	2180.78	3.8363	3.6369	3.9478	3.9948
1/27/2019	21:25:34	2181.94	3.8341	3.6356	3.9459	3.9967
1/27/2019	21:25:36	2183.19	3.8341	3.6337	3.9466	3.9982
1/27/2019	21:25:37	2184.39	3.8351	3.633	3.9452	3.9999
1/27/2019	21:25:38	2185.66	3.8384	3.6329	3.9466	3.9991
1/27/2019	21:25:40	2187.48	3.8376	3.6347	3.948	3.9975
1/27/2019	21:25:41	2189	3.8369	3.6358	3.9482	3.9964
1/27/2019	21:25:43	2190.17	3.8344	3.6364	3.9491	3.9946
1/27/2019	21:25:44	2191.42	3.8352	3.6332	3.9489	3.9947
1/27/2019	21:25:45	2192.62	3.8331	3.6317	3.9489	3.9931
1/27/2019	21:25:46	2193.83	3.8338	3.6306	3.9478	3.9921
1/27/2019	21:25:47	2195.05	3.8346	3.6307	3.9457	3.9907
1/27/2019	21:25:49	2196.92	3.8366	3.6302	3.9453	3.9914
1/27/2019	21:25:51	2198.22	3.8391	3.6293	3.9435	3.9938
1/27/2019	21:25:52	2199.52	3.8387	3.6288	3.9444	3.9962
1/27/2019	21:25:53	2200.69	3.8387	3.6309	3.9457	3.9966
1/27/2019	21:25:54	2201.92	3.836	3.6333	3.9454	3.9946
1/27/2019	21:25:56	2203.42	3.8358	3.6354	3.9455	3.9947
1/27/2019	21:25:57	2204.94	3.8363	3.634	3.948	3.9943
1/27/2019	21:25:59	2206.36	3.838	3.6339	3.9491	3.9957
1/27/2019	21:26:01	2208.3	3.8393	3.6325	3.9489	3.9938
1/27/2019	21:26:02	2209.59	3.8388	3.6319	3.947	3.9942
1/27/2019	21:26:03	2210.84	3.837	3.6292	3.9496	3.9947
1/27/2019	21:26:04	2212.05	3.8362	3.6293	3.9496	3.9959
1/27/2019	21:26:06	2213.27	3.8352	3.6295	3.951	3.9956
1/27/2019	21:26:07	2214.48	3.8356	3.6304	3.9489	3.9959
1/27/2019	21:26:08	2215.75	3.8369	3.6297	3.9487	3.9959
1/27/2019	21:26:10	2217.45	3.8377	3.6292	3.9474	3.9959
1/27/2019	21:26:11	2218.67	3.8381	3.6279	3.9489	3.9951
1/27/2019	21:26:12	2219.89	3.8367	3.6281	3.9503	3.9954
1/27/2019	21:26:14	2221.09	3.8364	3.6286	3.9504	3.996
1/27/2019	21:26:15	2222.31	3.836	3.6293	3.9485	3.994
1/27/2019	21:26:16	2223.87	3.8363	3.6301	3.9484	3.9913
1/27/2019	21:26:18	2225.17	3.8363	3.6297	3.9491	3.9915
1/27/2019	21:26:19	2226.39	3.8378	3.6297	3.9502	3.9921
1/27/2019	21:26:20	2227.58	3.8385	3.6289	3.9508	3.9927
1/27/2019	21:26:21	2228.8	3.8377	3.6284	3.9507	3.9918
1/27/2019	21:26:23	2230.5	3.8371	3.6281	3.9496	3.9933
1/27/2019	21:26:24	2231.8	3.8352	3.6296	3.9496	3.9926
1/27/2019	21:26:26	2233.27	3.8356	3.63	3.9512	3.9905
1/27/2019	21:26:27	2234.7	3.8316	3.6315	3.9537	3.9876
1/27/2019	21:26:29	2236.83	3.8308	3.6298	3.9552	3.9868
1/27/2019	21:26:31	2238.08	3.8308	3.6296	3.9553	3.9876
1/27/2019	21:26:32	2239.3	3.8346	3.6276	3.9542	3.9874
1/27/2019	21:26:33	2240.5	3.8356	3.6267	3.9527	3.9861
1/27/2019	21:26:35	2242.08	3.837	3.6261	3.9515	3.9876
1/27/2019	21:26:36	2243.34	3.8376	3.6267	3.9533	3.9895
1/27/2019	21:26:37	2244.62	3.8387	3.6284	3.9526	3.9896
1/27/2019	21:26:39	2246.22	3.8387	3.6287	3.9522	3.9868
1/27/2019	21:26:40	2247.7	3.8382	3.6286	3.9518	3.9839
1/27/2019	21:26:41	2248.92	3.838	3.6274	3.9526	3.9833
1/27/2019	21:26:43	2250.14	3.8356	3.626	3.9534	3.9836
1/27/2019	21:26:44	2251.36	3.8362	3.6253	3.9515	3.9823
1/27/2019	21:26:45	2252.77	3.8366	3.6255	3.9502	3.9826
1/27/2019	21:26:47	2254.36	3.8398	3.6256	3.95	3.9806
1/27/2019	21:26:48	2255.89	3.8395	3.6263	3.95	3.9816
1/27/2019	21:26:50	2257.41	3.8389	3.6258	3.95	3.9789
1/27/2019	21:26:52	2259.12	3.8382	3.6281	3.9485	3.9801
1/27/2019	21:26:53	2260.73	3.8373	3.6294	3.9477	3.9809
1/27/2019	21:26:54	2262.02	3.8384	3.6314	3.9489	3.9832
1/27/2019	21:26:56	2263.23	3.8396	3.6294	3.9498	3.9838
1/27/2019	21:26:57	2264.58	3.8391	3.6286	3.9508	3.983
1/27/2019	21:26:59	2266.37	3.837	3.6261	3.9487	3.9818
1/27/2019	21:27:00	2267.95	3.8344	3.6246	3.9484	3.9802
1/27/2019	21:27:02	2269.25	3.8355	3.6225	3.9486	3.9785
1/27/2019	21:27:03	2270.52	3.8373	3.6235	3.9493	3.9773
1/27/2019	21:27:04	2271.73	3.8373	3.6246	3.9493	3.9769
1/27/2019	21:27:06	2273.36	3.8359	3.6249	3.9485	3.9776
1/27/2019	21:27:08	2275.17	3.8377	3.6234	3.9489	3.9785
1/27/2019	21:27:09	2276.39	3.8374	3.6215	3.9485	3.9789
1/27/2019	21:27:11	2278.36	3.8393	3.6218	3.951	3.9785
1/27/2019	21:27:13	2280.12	3.8373	3.6202	3.9518	3.979
1/27/2019	21:27:14	2281.5	3.8374	3.6211	3.9514	3.9789
1/27/2019	21:27:15	2282.78	3.837	3.6212	3.9496	3.9799
1/27/2019	21:27:16	2284.02	3.8358	3.6246	3.9488	3.9787
1/27/2019	21:27:18	2285.23	3.8356	3.6265	3.9489	3.9776
1/27/2019	21:27:19	2286.59	3.8358	3.6266	3.9493	3.9762
1/27/2019	21:27:21	2288.33	3.8369	3.6244	3.9495	3.976
1/27/2019	21:27:22	2289.67	3.8377	3.6219	3.9484	3.9754
1/27/2019	21:27:23	2290.91	3.8362	3.6207	3.9484	3.9762
1/27/2019	21:27:25	2292.11	3.8333	3.62	3.9492	3.9769
1/27/2019	21:27:26	2293.3	3.8324	3.619	3.9496	3.9766
1/27/2019	21:27:27	2294.69	3.8323	3.6176	3.9489	3.9774
1/27/2019	21:27:29	2296.23	3.8347	3.6183	3.9495	3.9782
1/27/2019	21:27:30	2297.58	3.8347	3.6194	3.9507	3.9784
1/27/2019	21:27:31	2298.75	3.8365	3.6212	3.9514	3.9789
1/27/2019	21:27:32	2299.98	3.8366	3.6218	3.9503	3.9774
1/27/2019	21:27:34	2301.19	3.8373	3.6229	3.9486	3.9803
1/27/2019	21:27:35	2302.41	3.8362	3.6226	3.9481	3.9783
1/27/2019	21:27:36	2303.62	3.837	3.6219	3.947	3.9808
1/27/2019	21:27:38	2305.27	3.8365	3.6215	3.9474	3.9815
1/27/2019	21:27:39	2306.92	3.8355	3.622	3.948	3.9831
1/27/2019	21:27:41	2308.27	3.8329	3.6238	3.9493	3.9834
1/27/2019	21:27:42	2309.5	3.8308	3.6249	3.9499	3.9812
1/27/2019	21:27:43	2310.72	3.8318	3.6259	3.9503	3.9822
1/27/2019	21:27:44	2311.92	3.8333	3.6243	3.95	3.982
1/27/2019	21:27:46	2313.17	3.8345	3.622	3.9492	3.9838
1/27/2019	21:27:47	2314.37	3.8337	3.6188	3.9481	3.9832
1/27/2019	21:27:48	2315.91	3.8329	3.6181	3.9478	3.9841
1/27/2019	21:27:50	2317.56	3.8323	3.6172	3.9492	3.9855
1/27/2019	21:27:51	2318.94	3.8337	3.6162	3.9489	3.9867
1/27/2019	21:27:53	2320.53	3.8336	3.6145	3.9485	3.9844
1/27/2019	21:27:54	2321.87	3.8351	3.6132	3.948	3.9822
1/27/2019	21:27:55	2323.03	3.8352	3.6144	3.9471	3.9798
1/27/2019	21:27:57	2324.25	3.8338	3.6142	3.948	3.9795
1/27/2019	21:27:58	2325.45	3.8336	3.6147	3.9471	3.9809
1/27/2019	21:27:59	2326.67	3.8302	3.613	3.9481	3.9821
1/27/2019	21:28:01	2328.45	3.8326	3.6128	3.9477	3.9813
1/27/2019	21:28:03	2330.16	3.8327	3.6138	3.9493	3.9802
1/27/2019	21:28:04	2331.83	3.8351	3.6153	3.9478	3.9784
1/27/2019	21:28:06	2333.34	3.8344	3.6172	3.9488	3.9803
1/27/2019	21:28:07	2335	3.8349	3.6164	3.9478	3.9785
1/27/2019	21:28:09	2336.67	3.8356	3.615	3.9492	3.9781
1/27/2019	21:28:10	2337.87	3.8393	3.6126	3.9477	3.9798
1/27/2019	21:28:12	2339.08	3.8388	3.6121	3.9481	3.9811
1/27/2019	21:28:13	2340.3	3.8377	3.6121	3.9467	3.9824
1/27/2019	21:28:14	2341.48	3.8352	3.6139	3.948	3.982
1/27/2019	21:28:16	2343.23	3.8344	3.6148	3.947	3.9818
1/27/2019	21:28:17	2344.67	3.8349	3.6147	3.9489	3.9831
1/27/2019	21:28:18	2345.89	3.8337	3.6132	3.9486	3.9801
1/27/2019	21:28:20	2347.11	3.8346	3.611	3.9486	3.9812
1/27/2019	21:28:21	2348.3	3.8352	3.6094	3.9465	3.9798
1/27/2019	21:28:22	2349.55	3.836	3.6089	3.9441	3.9811
1/27/2019	21:28:23	2350.8	3.8345	3.61	3.944	3.9835
1/27/2019	21:28:24	2351.98	3.8347	3.6121	3.9459	3.9812
1/27/2019	21:28:26	2353.16	3.8347	3.6128	3.9474	3.9814
1/27/2019	21:28:28	2355.12	3.8352	3.6117	3.9473	3.9806
1/27/2019	21:28:29	2356.84	3.8336	3.6101	3.9477	3.9838
1/27/2019	21:28:31	2358.94	3.8316	3.6098	3.9476	3.984
1/27/2019	21:28:34	2361.48	3.8314	3.6122	3.9492	3.9803
1/27/2019	21:28:36	2363.77	3.8319	3.6141	3.9491	3.9782
1/27/2019	21:28:38	2365.16	3.833	3.6131	3.9508	3.977
1/27/2019	21:28:40	2367.08	3.8337	3.6088	3.9495	3.9783
1/27/2019	21:28:41	2369.05	3.832	3.6054	3.9484	3.9812
1/27/2019	21:28:43	2370.47	3.8319	3.6061	3.9466	3.9822
1/27/2019	21:28:44	2372	3.8309	3.6089	3.948	3.9824
1/27/2019	21:28:46	2373.83	3.8315	3.6107	3.9491	3.9816
1/27/2019	21:28:48	2375.69	3.8319	3.6102	3.9502	3.9824
1/27/2019	21:28:50	2377.55	3.8337	3.6094	3.9499	3.9819
1/27/2019	21:28:52	2379.19	3.8336	3.6095	3.9517	3.9831
1/27/2019	21:28:53	2380.67	3.8344	3.6097	3.9523	3.9848
1/27/2019	21:28:54	2382	3.8329	3.6096	3.9507	3.9885
1/27/2019	21:28:56	2383.11	3.833	3.6108	3.9485	3.9859
1/27/2019	21:28:57	2384.39	3.8313	3.6106	3.9466	3.9868
1/27/2019	21:28:59	2386.23	3.8309	3.6097	3.9471	3.9866
1/27/2019	21:29:00	2387.44	3.8322	3.6083	3.9452	3.9876
1/27/2019	21:29:01	2388.56	3.8329	3.6078	3.9466	3.9853
1/27/2019	21:29:02	2389.91	3.8329	3.6076	3.9469	3.9847
1/27/2019	21:29:04	2391.81	3.8333	3.6065	3.9485	3.9852
1/27/2019	21:29:06	2393.09	3.8336	3.6066	3.9469	3.9853
1/27/2019	21:29:07	2394.17	3.8334	3.6079	3.9473	3.9856
1/27/2019	21:29:08	2395.53	3.8329	3.6082	3.948	3.9858
1/27/2019	21:29:10	2397.41	3.8316	3.6082	3.9485	3.9861
1/27/2019	21:29:11	2398.66	3.8333	3.609	3.948	3.9833
1/27/2019	21:29:12	2399.8	3.8315	3.6103	3.9474	3.9824
1/27/2019	21:29:14	2401.09	3.8322	3.6107	3.9466	3.982
1/27/2019	21:29:16	2403.17	3.8319	3.6097	3.9481	3.9832
1/27/2019	21:29:17	2404.45	3.8343	3.6097	3.9455	3.984
1/27/2019	21:29:18	2405.64	3.8344	3.6103	3.9455	3.9845
1/27/2019	21:29:19	2406.81	3.8345	3.6111	3.9437	3.9844
1/27/2019	21:29:20	2407.91	3.8333	3.6093	3.9459	3.9827
1/27/2019	21:29:22	2409.14	3.8334	3.6086	3.947	3.9811
1/27/2019	21:29:24	2411.53	3.8327	3.6083	3.9462	3.9807
1/27/2019	21:29:26	2413.61	3.8332	3.6094	3.9452	3.9827
1/27/2019	21:29:28	2415.34	3.833	3.6108	3.9446	3.9842
1/27/2019	21:29:30	2417.22	3.8316	3.6099	3.9454	3.9824
1/27/2019	21:29:31	2418.39	3.8315	3.6097	3.945	3.9827
1/27/2019	21:29:32	2419.66	3.8318	3.6075	3.9458	3.9812
1/27/2019	21:29:34	2421.77	3.8334	3.606	3.9466	3.982
1/27/2019	21:29:36	2423.11	3.8323	3.6049	3.9485	3.9799
1/27/2019	21:29:37	2424.48	3.8297	3.6035	3.9481	3.9827
1/27/2019	21:29:38	2425.77	3.83	3.6032	3.9458	3.984
1/27/2019	21:29:39	2427.03	3.8291	3.6034	3.9454	3.9863
1/27/2019	21:29:41	2428.16	3.8294	3.6048	3.9452	3.9852
1/27/2019	21:29:42	2429.48	3.8287	3.6045	3.9469	3.9851
1/27/2019	21:29:44	2431.8	3.8298	3.6036	3.9473	3.9836
1/27/2019	21:29:46	2433.53	3.8321	3.6015	3.9474	3.9824
1/27/2019	21:29:48	2435.53	3.8323	3.603	3.948	3.9831
1/27/2019	21:29:50	2437.28	3.8321	3.606	3.9463	3.9822
1/27/2019	21:29:52	2439.27	3.8311	3.6102	3.9463	3.983
1/27/2019	21:29:54	2441.22	3.8311	3.6099	3.9444	3.981
1/27/2019	21:29:55	2442.59	3.8316	3.6069	3.9447	3.9832
1/27/2019	21:29:56	2443.84	3.8322	3.6028	3.9461	3.982
1/27/2019	21:29:58	2445.59	3.8316	3.6017	3.9477	3.9819
1/27/2019	21:29:59	2446.73	3.8318	3.6021	3.9477	3.9789
1/27/2019	21:30:01	2448.06	3.8311	3.6034	3.944	3.9778
1/27/2019	21:30:02	2450.03	3.8326	3.6042	3.9443	3.9775
1/27/2019	21:30:04	2451.2	3.8326	3.6043	3.9461	3.9774
1/27/2019	21:30:05	2452.98	3.8344	3.6029	3.9496	3.9777
1/27/2019	21:30:07	2455	3.8323	3.6015	3.9496	3.9766
1/27/2019	21:30:09	2456.31	3.8325	3.6018	3.9499	3.9781
1/27/2019	21:30:10	2457.44	3.8314	3.6004	3.9478	3.9778
1/27/2019	21:30:11	2458.64	3.8325	3.6005	3.9454	3.9801
1/27/2019	21:30:13	2460.31	3.8312	3.5988	3.9448	3.9786
1/27/2019	21:30:14	2461.52	3.8289	3.6009	3.9455	3.9778
1/27/2019	21:30:16	2463.52	3.8275	3.6026	3.9466	3.9741
1/27/2019	21:30:18	2465.2	3.8285	3.6041	3.9455	3.9756
1/27/2019	21:30:19	2466.83	3.8301	3.6061	3.9444	3.9784
1/27/2019	21:30:22	2469.2	3.8322	3.6054	3.9448	3.9807
1/27/2019	21:30:23	2470.53	3.8327	3.6047	3.9428	3.9818
1/27/2019	21:30:24	2471.83	3.833	3.6014	3.9433	3.9811
1/27/2019	21:30:26	2473.73	3.8318	3.6012	3.9428	3.9826
1/27/2019	21:30:27	2475	3.8315	3.6	3.9432	3.9806
1/27/2019	21:30:29	2476.14	3.8319	3.6011	3.942	3.9806
1/27/2019	21:30:30	2477.39	3.8323	3.6007	3.942	3.9783
1/27/2019	21:30:32	2479.27	3.8319	3.6027	3.9437	3.9799
1/27/2019	21:30:34	2481.22	3.8307	3.6032	3.9446	3.9807
1/27/2019	21:30:35	2483.03	3.8293	3.6034	3.9436	3.9835
1/27/2019	21:30:37	2484.86	3.8286	3.602	3.9433	3.9826
1/27/2019	21:30:39	2486.67	3.83	3.6019	3.9433	3.9838
1/27/2019	21:30:41	2488.52	3.8311	3.6004	3.9432	3.9826
1/27/2019	21:30:43	2490.17	3.8322	3.5996	3.944	3.9841
1/27/2019	21:30:45	2492.55	3.8313	3.5975	3.9435	3.9837
1/27/2019	21:30:46	2493.91	3.8316	3.5979	3.944	3.9847
1/27/2019	21:30:47	2495.03	3.832	3.5976	3.9431	3.9837
1/27/2019	21:30:49	2496.48	3.8325	3.5979	3.9442	3.9804
1/27/2019	21:30:50	2497.98	3.8315	3.5965	3.9451	3.9804
1/27/2019	21:30:52	2500.02	3.8301	3.5972	3.9463	3.9807
1/27/2019	21:30:54	2501.97	3.8309	3.5969	3.9454	3.9832
1/27/2019	21:30:56	2503.83	3.8311	3.5981	3.9453	3.982
1/27/2019	21:30:58	2505.3	3.832	3.5962	3.9443	3.9815
1/27/2019	21:31:00	2507.69	3.8302	3.5949	3.9457	3.9812
1/27/2019	21:31:02	2509.11	3.8304	3.5947	3.9462	3.9814
1/27/2019	21:31:03	2510.27	3.8291	3.5957	3.9472	3.9825
1/27/2019	21:31:04	2512	3.8298	3.5952	3.9462	3.982
1/27/2019	21:31:06	2513.77	3.8315	3.5934	3.945	3.9829
1/27/2019	21:31:08	2515.28	3.8327	3.5915	3.9437	3.9812
1/27/2019	21:31:10	2517.58	3.8327	3.5929	3.9437	3.9808
1/27/2019	21:31:11	2519.05	3.8312	3.5944	3.9453	3.98
1/27/2019	21:31:13	2520.47	3.8316	3.5973	3.9446	3.981
1/27/2019	21:31:14	2521.87	3.8308	3.5974	3.9444	3.979
1/27/2019	21:31:15	2523.05	3.8289	3.5974	3.9435	3.9778
1/27/2019	21:31:17	2524.22	3.8272	3.5963	3.9443	3.9762
1/27/2019	21:31:19	2526.06	3.8271	3.5958	3.9437	3.9801
1/27/2019	21:31:20	2527.19	3.8292	3.5946	3.9452	3.9815
1/27/2019	21:31:22	2529.19	3.8308	3.5958	3.9437	3.9827
1/27/2019	21:31:24	2531.12	3.8296	3.598	3.9436	3.9812
1/27/2019	21:31:25	2532.83	3.8293	3.5971	3.9413	3.9833
1/27/2019	21:31:27	2534.55	3.8274	3.5947	3.9408	3.9841
1/27/2019	21:31:29	2536.45	3.8283	3.5916	3.9421	3.9864
1/27/2019	21:31:31	2538.11	3.8278	3.5916	3.9424	3.9831
1/27/2019	21:31:33	2540.14	3.8283	3.5912	3.9433	3.9852
1/27/2019	21:31:34	2541.78	3.8286	3.5918	3.9421	3.9848
1/27/2019	21:31:35	2542.89	3.8289	3.5916	3.9418	3.9888
1/27/2019	21:31:37	2544.14	3.8264	3.5902	3.9418	3.9836
1/27/2019	21:31:39	2546.37	3.8267	3.5891	3.941	3.9794
1/27/2019	21:31:41	2548.25	3.8282	3.5882	3.9401	3.9738
1/27/2019	21:31:43	2550.34	3.8309	3.5896	3.9401	3.977
1/27/2019	21:31:44	2551.8	3.8297	3.589	3.9407	3.979
1/27/2019	21:31:46	2553.09	3.8278	3.5902	3.941	3.9814
1/27/2019	21:31:47	2554.72	3.8274	3.5903	3.9407	3.9797
1/27/2019	21:31:49	2556.52	3.829	3.5915	3.941	3.9798
1/27/2019	21:31:50	2557.86	3.8292	3.5911	3.9425	3.9806
1/27/2019	21:31:52	2559.14	3.8286	3.5902	3.9442	3.9832
1/27/2019	21:31:53	2560.81	3.8289	3.5897	3.9447	3.9833
1/27/2019	21:31:55	2562.22	3.8302	3.5895	3.9421	3.9828
1/27/2019	21:31:57	2564.19	3.8305	3.5913	3.9433	3.9814
1/27/2019	21:31:59	2566.2	3.8312	3.5913	3.9439	3.9802
1/27/2019	21:32:00	2567.58	3.8301	3.5901	3.9473	3.9808
1/27/2019	21:32:02	2569.67	3.8309	3.5879	3.9444	3.9783
1/27/2019	21:32:03	2571	3.8289	3.5866	3.9425	3.9778
1/27/2019	21:32:05	2572.25	3.8298	3.5879	3.9405	3.976
1/27/2019	21:32:06	2573.75	3.8293	3.5868	3.9405	3.9786
1/27/2019	21:32:08	2575.61	3.8298	3.5878	3.9399	3.9798
1/27/2019	21:32:10	2577.5	3.8287	3.5885	3.9406	3.9819
1/27/2019	21:32:12	2579.58	3.8289	3.5909	3.9421	3.9814
1/27/2019	21:32:13	2580.73	3.8283	3.5906	3.9436	3.9806
1/27/2019	21:32:14	2581.95	3.8279	3.5879	3.9435	3.9798
1/27/2019	21:32:16	2583.72	3.8272	3.5856	3.9414	3.9796
1/27/2019	21:32:18	2585.58	3.8254	3.5862	3.9423	3.9812
1/27/2019	21:32:19	2586.83	3.8267	3.5871	3.9412	3.9802
1/27/2019	21:32:21	2588.39	3.8263	3.5877	3.9409	3.981
1/27/2019	21:32:22	2589.64	3.8271	3.5854	3.9398	3.9796
1/27/2019	21:32:23	2590.8	3.8257	3.5844	3.9411	3.9798
1/27/2019	21:32:24	2592.02	3.8271	3.5842	3.9422	3.98
1/27/2019	21:32:26	2593.56	3.8272	3.5842	3.9428	3.9798
1/27/2019	21:32:28	2595.41	3.8265	3.5853	3.9425	3.9785
1/27/2019	21:32:29	2596.59	3.8268	3.5867	3.9444	3.9769
1/27/2019	21:32:31	2598.39	3.826	3.5871	3.9435	3.977
1/27/2019	21:32:32	2599.8	3.8271	3.5871	3.9452	3.9769
1/27/2019	21:32:33	2600.92	3.8242	3.5854	3.9431	3.9753
1/27/2019	21:32:35	2602.34	3.8245	3.5852	3.9439	3.9737
1/27/2019	21:32:36	2604.02	3.8243	3.5835	3.9425	3.9733
1/27/2019	21:32:39	2606.3	3.8246	3.5829	3.9428	3.9732
1/27/2019	21:32:41	2608.31	3.8251	3.5829	3.9414	3.9708
1/27/2019	21:32:43	2610.34	3.8254	3.5848	3.9403	3.9708
1/27/2019	21:32:44	2611.67	3.8257	3.5868	3.9405	3.9697
1/27/2019	21:32:45	2613.02	3.8252	3.587	3.9406	3.9699
1/27/2019	21:32:48	2615.78	3.8237	3.5852	3.9364	3.9699
1/27/2019	21:32:50	2617.53	3.8238	3.5821	3.9333	3.9713