Date	Time (HH:MM:SS)	Time (s)	Ch1	Ch2	Ch3	Ch4
2/1/19	19:23:54	0	4.4522	4.5233	4.4453	4.4576
2/1/19	19:23:57	2.36	4.4593	4.6007	4.4764	4.4867
2/1/19	19:23:59	4.44	4.4668	4.6757	4.5087	4.5147
2/1/19	19:24:01	6.3	4.4674	4.6741	4.5083	4.5125
2/1/19	19:24:03	8.2	4.468	4.6723	4.5084	4.5139
2/1/19	19:24:04	9.42	4.4679	4.6718	4.5089	4.5132
2/1/19	19:24:05	10.64	4.4667	4.6741	4.5081	4.5136
2/1/19	19:24:06	11.86	4.4661	4.6732	4.5071	4.5091
2/1/19	19:24:07	13.02	4.4643	4.6723	4.5036	4.5078
2/1/19	19:24:09	14.5	4.4637	4.6729	4.5013	4.5052
2/1/19	19:24:10	15.83	4.4637	4.6727	4.4999	4.5056
2/1/19	19:24:12	17.31	4.4642	4.6717	4.4997	4.5045
2/1/19	19:24:13	18.41	4.4655	4.6699	4.4988	4.5044
2/1/19	19:24:14	19.66	4.4676	4.6714	4.4983	4.5036
2/1/19	19:24:15	20.78	4.4679	4.6732	4.4986	4.5034
2/1/19	19:24:16	21.8	4.4673	4.6718	4.4997	4.502
2/1/19	19:24:17	22.92	4.4658	4.6702	4.4994	4.5035
2/1/19	19:24:19	24.14	4.4655	4.6675	4.497	4.502
2/1/19	19:24:20	25.42	4.4667	4.6658	4.4948	4.5006
2/1/19	19:24:21	26.55	4.4658	4.6636	4.4932	4.4971
2/1/19	19:24:22	27.64	4.4646	4.6648	4.4919	4.4959
2/1/19	19:24:23	28.72	4.4654	4.6656	4.4896	4.4929
2/1/19	19:24:24	29.8	4.4649	4.665	4.4876	4.4915
2/1/19	19:24:25	30.81	4.4671	4.6644	4.4879	4.4902
2/1/19	19:24:26	32.02	4.4684	4.6644	4.4888	4.492
2/1/19	19:24:28	33.11	4.4705	4.6653	4.4863	4.491
2/1/19	19:24:29	34.2	4.4698	4.6641	4.4854	4.4913
2/1/19	19:24:30	35.23	4.4662	4.663	4.4823	4.489
2/1/19	19:24:31	36.45	4.4642	4.6606	4.484	4.4863
2/1/19	19:24:32	37.5	4.4626	4.6618	4.483	4.484
2/1/19	19:24:33	38.52	4.4602	4.6608	4.4836	4.4831
2/1/19	19:24:34	39.73	4.4615	4.6602	4.483	4.4835
2/1/19	19:24:36	41.34	4.4621	4.6579	4.4807	4.4813
2/1/19	19:24:37	42.41	4.4668	4.6584	4.4798	4.4816
2/1/19	19:24:38	43.56	4.468	4.659	4.4768	4.4805
2/1/19	19:24:39	44.59	4.4683	4.6597	4.477	4.48
2/1/19	19:24:40	45.61	4.4661	4.6587	4.4754	4.478
2/1/19	19:24:41	46.73	4.4648	4.6597	4.4755	4.4757
2/1/19	19:24:42	47.94	4.4637	4.6575	4.4722	4.4747
2/1/19	19:24:43	48.97	4.4651	4.6547	4.4716	4.4731
2/1/19	19:24:45	50.09	4.4649	4.6535	4.4705	4.4735
2/1/19	19:24:46	51.12	4.4677	4.6541	4.4716	4.4727
2/1/19	19:24:47	52.2	4.4673	4.6562	4.4702	4.4704
2/1/19	19:24:48	53.36	4.4671	4.6575	4.4692	4.4665
2/1/19	19:24:49	54.56	4.4652	4.6569	4.4672	4.4644
2/1/19	19:24:50	55.62	4.4649	4.655	4.4655	4.4655
2/1/19	19:24:51	56.66	4.4667	4.6517	4.4635	4.468
2/1/19	19:24:52	57.77	4.4664	4.6511	4.4613	4.4667
2/1/19	19:24:53	58.87	4.4661	4.653	4.4605	4.4657
2/1/19	19:24:54	59.89	4.4633	4.6515	4.4595	4.4639
2/1/19	19:24:55	60.97	4.4637	4.652	4.458	4.4644
2/1/19	19:24:57	62.25	4.4642	4.6521	4.4573	4.4627
2/1/19	19:24:58	63.34	4.4634	4.655	4.4553	4.4607
2/1/19	19:24:59	64.48	4.4627	4.6554	4.4538	4.4584
2/1/19	19:25:00	65.95	4.4615	4.6536	4.4479	4.4565
2/1/19	19:25:02	67.05	4.4637	4.6508	4.4438	4.4556
2/1/19	19:25:03	68.17	4.464	4.6492	4.4396	4.4544
2/1/19	19:25:04	69.3	4.4659	4.6483	4.4386	4.4523
2/1/19	19:25:05	70.86	4.4652	4.649	4.4358	4.4525
2/1/19	19:25:06	71.94	4.4662	4.6501	4.4337	4.4536
2/1/19	19:25:07	72.98	4.4661	4.6496	4.4314	4.4533
2/1/19	19:25:09	74.62	4.4664	4.6504	4.4304	4.4513
2/1/19	19:25:10	75.92	4.4658	4.6489	4.4269	4.4506
2/1/19	19:25:11	77.02	4.4674	4.649	4.4225	4.4498
2/1/19	19:25:13	78.84	4.4674	4.6474	4.4181	4.4486
2/1/19	19:25:14	79.94	4.4684	4.6465	4.4194	4.4456
2/1/19	19:25:16	81.2	4.4667	4.6448	4.4198	4.4446
2/1/19	19:25:17	82.55	4.4677	4.6447	4.4197	4.4432
2/1/19	19:25:18	83.84	4.4686	4.6435	4.4163	4.4425
2/1/19	19:25:20	85.42	4.4671	4.6439	4.411	4.441
2/1/19	19:25:21	86.61	4.4651	4.6423	4.4075	4.4401
2/1/19	19:25:22	87.83	4.464	4.6423	4.4052	4.4394
2/1/19	19:25:23	88.97	4.4631	4.6411	4.4055	4.4393
2/1/19	19:25:25	90.44	4.4646	4.6438	4.4057	4.4376
2/1/19	19:25:26	91.83	4.4646	4.645	4.4046	4.4357
2/1/19	19:25:28	93.17	4.4662	4.647	4.4033	4.4333
2/1/19	19:25:29	94.36	4.4651	4.6461	4.4027	4.433
2/1/19	19:25:30	95.69	4.4659	4.6431	4.4007	4.4336
2/1/19	19:25:32	97.67	4.4667	4.6422	4.3989	4.4341
2/1/19	19:25:33	98.97	4.47	4.6391	4.3973	4.4331
2/1/19	19:25:35	100.2	4.468	4.6392	4.3961	4.4319
2/1/19	19:25:36	101.3	4.467	4.638	4.3959	4.4313
2/1/19	19:25:37	102.66	4.4651	4.6388	4.3954	4.4321
2/1/19	19:25:38	103.7	4.4673	4.6392	4.3964	4.4309
2/1/19	19:25:39	104.75	4.4665	4.6388	4.3968	4.4324
2/1/19	19:25:41	106.03	4.4652	4.6385	4.3958	4.4302
2/1/19	19:25:42	107.3	4.4617	4.6392	4.3954	4.4287
2/1/19	19:25:43	108.58	4.4621	4.6382	4.3954	4.4242
2/1/19	19:25:44	109.69	4.4623	4.6355	4.3954	4.4228
2/1/19	19:25:47	112.09	4.4634	4.633	4.3957	4.4238
2/1/19	19:25:48	113.22	4.4634	4.6324	4.3954	4.423
2/1/19	19:25:49	114.41	4.4643	4.6333	4.3967	4.4214
2/1/19	19:25:50	115.45	4.4634	4.6339	4.3972	4.418
2/1/19	19:25:51	116.53	4.4639	4.6337	4.3969	4.4186
2/1/19	19:25:52	117.64	4.4649	4.6331	4.3964	4.4173
2/1/19	19:25:53	118.91	4.4696	4.6326	4.3967	4.4164
2/1/19	19:25:55	120.86	4.4686	4.6318	4.3972	4.4132
2/1/19	19:25:56	121.95	4.4696	4.6315	4.3977	4.4136
2/1/19	19:25:58	123.06	4.4656	4.6288	4.3957	4.4116
2/1/19	19:25:59	124.19	4.4646	4.6274	4.3964	4.4106
2/1/19	19:26:00	125.19	4.4615	4.6275	4.3961	4.4105
2/1/19	19:26:01	126.31	4.4607	4.6274	4.3978	4.4109
2/1/19	19:26:02	127.47	4.4634	4.628	4.3969	4.4117
2/1/19	19:26:03	128.59	4.4621	4.6274	4.3973	4.4096
2/1/19	19:26:04	129.77	4.4617	4.6254	4.3961	4.4077
2/1/19	19:26:05	130.87	4.4652	4.6231	4.3977	4.4069
2/1/19	19:26:06	131.95	4.4702	4.6197	4.3964	4.4039
2/1/19	19:26:08	133.03	4.4734	4.6204	4.3975	4.4043
2/1/19	19:26:09	134.09	4.4723	4.6213	4.3958	4.4002
2/1/19	19:26:10	135.2	4.4704	4.6219	4.3978	4.4003
2/1/19	19:26:11	136.37	4.4723	4.6232	4.3984	4.3991
2/1/19	19:26:12	137.81	4.4719	4.6211	4.4012	4.3996
2/1/19	19:26:13	138.98	4.4704	4.6196	4.3999	4.4003
2/1/19	19:26:15	140.14	4.4695	4.6172	4.3995	4.3985
2/1/19	19:26:16	141.16	4.4681	4.6175	4.3981	4.3987
2/1/19	19:26:17	142.25	4.4698	4.6188	4.3985	4.3975
2/1/19	19:26:18	143.45	4.4714	4.6202	4.3978	4.3969
2/1/19	19:26:19	144.56	4.4699	4.6179	4.3972	4.3947
2/1/19	19:26:20	145.84	4.4703	4.6178	4.3977	4.3922
2/1/19	19:26:22	147.69	4.4691	4.6165	4.3998	4.391
2/1/19	19:26:23	148.97	4.4715	4.6176	4.3987	4.3899
2/1/19	19:26:24	150.02	4.4708	4.6157	4.3978	4.3903
2/1/19	19:26:26	151.98	4.4721	4.6119	4.3971	4.3892
2/1/19	19:26:28	153.17	4.4727	4.6113	4.3984	4.3879
2/1/19	19:26:29	154.77	4.4739	4.6114	4.3998	4.3859
2/1/19	19:26:30	155.97	4.4731	4.6131	4.398	4.3832
2/1/19	19:26:32	157.25	4.4733	4.6135	4.3975	4.3851
2/1/19	19:26:33	158.72	4.4723	4.6135	4.3958	4.3846
2/1/19	19:26:34	159.91	4.4698	4.6131	4.3988	4.3866
2/1/19	19:26:36	161.2	4.4689	4.6119	4.3985	4.3816
2/1/19	19:26:37	162.39	4.4708	4.6119	4.3987	4.3796
2/1/19	19:26:38	163.62	4.4712	4.6131	4.396	4.3767
2/1/19	19:26:39	164.98	4.4715	4.6125	4.3963	4.3772
2/1/19	19:26:41	166.12	4.4697	4.6101	4.3949	4.3752
2/1/19	19:26:42	167.37	4.4695	4.6077	4.3937	4.3744
2/1/19	19:26:43	168.5	4.4675	4.608	4.3936	4.373
2/1/19	19:26:44	169.81	4.4664	4.608	4.3929	4.374
2/1/19	19:26:46	171.22	4.4664	4.6082	4.3923	4.3726
2/1/19	19:26:47	172.5	4.47	4.6051	4.3898	4.3719
2/1/19	19:26:49	174.16	4.4705	4.6045	4.3896	4.3701
2/1/19	19:26:50	175.78	4.4708	4.6045	4.3892	4.3706
2/1/19	19:26:51	176.89	4.4683	4.6055	4.3892	4.3694
2/1/19	19:26:53	178.27	4.468	4.6069	4.3894	4.3683
2/1/19	19:26:54	179.75	4.4678	4.6054	4.3873	4.3676
2/1/19	19:26:55	180.81	4.4674	4.6038	4.3867	4.3667
2/1/19	19:26:57	182.34	4.4684	4.6044	4.3872	4.3658
2/1/19	19:26:58	183.77	4.4689	4.6045	4.3872	4.363
2/1/19	19:26:59	184.92	4.4703	4.6073	4.3852	4.3611
2/1/19	19:27:01	186.05	4.4715	4.6044	4.383	4.3604
2/1/19	19:27:02	187.11	4.4723	4.605	4.3803	4.3583
2/1/19	19:27:03	188.23	4.4712	4.6026	4.3792	4.3576
2/1/19	19:27:05	190.03	4.4708	4.6007	4.3761	4.3565
2/1/19	19:27:06	191.52	4.4703	4.6	4.3762	4.3583
2/1/19	19:27:07	192.92	4.4692	4.5989	4.3738	4.3587
2/1/19	19:27:09	194.41	4.4692	4.5998	4.3729	4.3586
2/1/19	19:27:10	195.59	4.47	4.5989	4.3687	4.3588
2/1/19	19:27:11	196.83	4.4705	4.5983	4.3671	4.3565
2/1/19	19:27:13	198.16	4.4712	4.5967	4.3654	4.3547
2/1/19	19:27:14	199.25	4.469	4.5953	4.3645	4.3516
2/1/19	19:27:15	200.78	4.4693	4.5969	4.3628	4.3502
2/1/19	19:27:16	201.87	4.4656	4.5951	4.3597	4.3502
2/1/19	19:27:18	203.64	4.4676	4.5948	4.3597	4.3494
2/1/19	19:27:19	204.87	4.4683	4.5925	4.359	4.3495
2/1/19	19:27:21	206.03	4.4677	4.5919	4.3588	4.3476
2/1/19	19:27:22	207.17	4.4668	4.5923	4.3563	4.3456
2/1/19	19:27:23	208.31	4.4636	4.5901	4.3545	4.3456
2/1/19	19:27:24	209.36	4.4653	4.5901	4.3518	4.3441
2/1/19	19:27:25	210.41	4.4656	4.5866	4.3486	4.3438
2/1/19	19:27:26	211.55	4.4676	4.5873	4.3469	4.342
2/1/19	19:27:27	212.56	4.4689	4.5869	4.3451	4.3412
2/1/19	19:27:28	213.64	4.4689	4.5881	4.3465	4.3406
2/1/19	19:27:29	214.64	4.4709	4.5868	4.3446	4.3402
2/1/19	19:27:30	215.7	4.4692	4.5868	4.3428	4.3394
2/1/19	19:27:32	217.48	4.4693	4.5853	4.3389	4.3382
2/1/19	19:27:33	218.61	4.4671	4.5838	4.3363	4.3366
2/1/19	19:27:34	219.64	4.4664	4.5818	4.3343	4.3366
2/1/19	19:27:35	220.7	4.4653	4.5821	4.3313	4.3349
2/1/19	19:27:36	221.75	4.4642	4.5846	4.3309	4.3346
2/1/19	19:27:37	222.77	4.4646	4.5857	4.3299	4.3325
2/1/19	19:27:39	224.19	4.4659	4.5843	4.3295	4.3328
2/1/19	19:27:40	225.31	4.4667	4.581	4.3252	4.3292
2/1/19	19:27:41	226.37	4.4674	4.5813	4.3226	4.3263
2/1/19	19:27:42	227.44	4.4636	4.5818	4.322	4.3247
2/1/19	19:27:43	228.61	4.4667	4.5833	4.3216	4.3243
2/1/19	19:27:44	229.61	4.467	4.5806	4.3203	4.3247
2/1/19	19:27:46	231.83	4.4689	4.5799	4.3192	4.3229
2/1/19	19:27:48	233.5	4.4667	4.5795	4.3174	4.3207
2/1/19	19:27:49	234.75	4.4645	4.58	4.3156	4.3191
2/1/19	19:27:51	236.45	4.4633	4.5786	4.3142	4.3179
2/1/19	19:27:52	237.92	4.4618	4.5775	4.3141	4.3173
2/1/19	19:27:54	239.11	4.4655	4.5753	4.3134	4.3162
2/1/19	19:27:55	240.17	4.4667	4.5743	4.312	4.3149
2/1/19	19:27:56	241.28	4.4687	4.574	4.3111	4.314
2/1/19	19:27:58	243.87	4.4673	4.5745	4.3112	4.3128
2/1/19	19:28:00	245.73	4.4684	4.5748	4.3079	4.3117
2/1/19	19:28:01	246.86	4.4674	4.5735	4.3049	4.3099
2/1/19	19:28:03	248.28	4.4655	4.5727	4.3018	4.3078
2/1/19	19:28:04	249.48	4.467	4.5714	4.3009	4.3059
2/1/19	19:28:06	251.33	4.4667	4.5692	4.2981	4.3039
2/1/19	19:28:09	254.91	4.4679	4.5686	4.2964	4.301
2/1/19	19:28:13	258.31	4.4668	4.5678	4.2947	4.2984
2/1/19	19:28:15	260.58	4.468	4.5666	4.2949	4.296
2/1/19	19:28:17	262.22	4.4665	4.5651	4.2936	4.294
2/1/19	19:28:18	263.67	4.4646	4.5649	4.2912	4.2921
2/1/19	19:28:20	265.94	4.4637	4.566	4.2891	4.2929
2/1/19	19:28:22	267.39	4.4623	4.5653	4.2869	4.2911
2/1/19	19:28:24	269.44	4.4617	4.5634	4.2872	4.2894
2/1/19	19:28:26	271.19	4.4605	4.5617	4.2867	4.2874
2/1/19	19:28:27	272.8	4.4627	4.5612	4.2867	4.2883
2/1/19	19:28:29	274.84	4.4636	4.5625	4.2842	4.2884
2/1/19	19:28:31	276.45	4.4636	4.5625	4.285	4.285
2/1/19	19:28:33	278.19	4.4614	4.562	4.2834	4.2819
2/1/19	19:28:35	280.03	4.4604	4.5606	4.2822	4.2782
2/1/19	19:28:36	281.77	4.4582	4.5587	4.2781	4.2782
2/1/19	19:28:38	283.59	4.4584	4.5586	4.2781	4.2774
2/1/19	19:28:39	284.94	4.4581	4.5574	4.2779	4.2753
2/1/19	19:28:42	287.78	4.4611	4.5583	4.2781	4.2721
2/1/19	19:28:44	289.25	4.4627	4.5583	4.2765	4.2713
2/1/19	19:28:45	290.59	4.4621	4.5561	4.2745	4.2712
2/1/19	19:28:46	291.87	4.4592	4.5541	4.2722	4.2706
2/1/19	19:28:48	293.19	4.457	4.5512	4.2694	4.2684
2/1/19	19:28:49	294.53	4.4555	4.5519	4.2664	4.2679
2/1/19	19:28:51	296.03	4.4558	4.5519	4.263	4.2663
2/1/19	19:28:52	297.45	4.4579	4.5524	4.2601	4.265
2/1/19	19:28:53	298.73	4.4587	4.5515	4.2589	4.262
2/1/19	19:28:55	300.11	4.4598	4.5508	4.2578	4.2608
2/1/19	19:28:56	301.42	4.4608	4.5499	4.255	4.2608
2/1/19	19:28:57	302.75	4.4598	4.5489	4.2523	4.2612
2/1/19	19:28:59	304.03	4.4586	4.5477	4.2502	4.2592
2/1/19	19:29:00	305.34	4.4576	4.5484	4.2497	4.2551
2/1/19	19:29:01	306.61	4.4596	4.5515	4.2485	4.2516
2/1/19	19:29:02	307.95	4.4633	4.5517	4.2481	4.249
2/1/19	19:29:04	309.3	4.462	4.5509	4.2469	4.2491
2/1/19	19:29:05	310.66	4.4617	4.548	4.2442	4.2491
2/1/19	19:29:06	311.97	4.4582	4.5463	4.242	4.2505
2/1/19	19:29:08	313.23	4.4589	4.5444	4.2404	4.2479
2/1/19	19:29:09	314.53	4.4594	4.5443	4.24	4.246
2/1/19	19:29:10	315.91	4.4596	4.5456	4.2385	4.2427
2/1/19	19:29:12	317.45	4.4602	4.5472	4.238	4.2414
2/1/19	19:29:13	318.8	4.4598	4.5473	4.237	4.2387
2/1/19	19:29:15	320.09	4.4585	4.5475	4.2369	4.2383
2/1/19	19:29:16	321.44	4.457	4.5459	4.2359	4.2373
2/1/19	19:29:17	322.73	4.4567	4.5441	4.2358	4.2392
2/1/19	19:29:18	324.02	4.458	4.5416	4.2334	4.2384
2/1/19	19:29:20	325.27	4.4586	4.5409	4.2327	4.2367
2/1/19	19:29:21	326.59	4.457	4.5396	4.2341	4.2339
2/1/19	19:29:22	327.94	4.4569	4.5382	4.2343	4.2332
2/1/19	19:29:24	329.31	4.4547	4.5367	4.2336	4.2331
2/1/19	19:29:25	330.59	4.4564	4.537	4.2316	4.2337
2/1/19	19:29:26	331.97	4.4554	4.5383	4.2316	4.2328
2/1/19	19:29:28	333.37	4.4563	4.5376	4.2299	4.2308
2/1/19	19:29:29	334.8	4.4525	4.5354	4.2296	4.2275
2/1/19	19:29:31	336.19	4.4542	4.5346	4.2287	4.2245
2/1/19	19:29:32	337.67	4.4544	4.5349	4.2316	4.2225
2/1/19	19:29:33	339	4.4566	4.5354	4.2307	4.2203
2/1/19	19:29:35	340.33	4.4554	4.5344	4.2317	4.2189
2/1/19	19:29:36	341.58	4.4552	4.5337	4.2294	4.2194
2/1/19	19:29:37	342.91	4.4554	4.534	4.2276	4.2199
2/1/19	19:29:39	344.19	4.4554	4.5318	4.225	4.219
2/1/19	19:29:40	345.62	4.4561	4.5308	4.2238	4.2174
2/1/19	19:29:41	346.95	4.4558	4.5291	4.2236	4.216
2/1/19	19:29:43	348.23	4.4548	4.5299	4.2237	4.2144
2/1/19	19:29:44	349.52	4.455	4.5292	4.2228	4.2144
2/1/19	19:29:45	350.92	4.455	4.5308	4.2225	4.2138
2/1/19	19:29:47	352.22	4.4561	4.5327	4.2207	4.2123
2/1/19	19:29:48	353.58	4.4557	4.533	4.2212	4.2108
2/1/19	19:29:49	354.87	4.4548	4.5302	4.2204	4.2094
2/1/19	19:29:51	356.2	4.4561	4.5272	4.2183	4.2103
2/1/19	19:29:52	357.52	4.4551	4.5276	4.2159	4.2094
2/1/19	19:29:53	358.89	4.4542	4.5297	4.2134	4.2064
2/1/19	19:29:55	360.2	4.4516	4.5297	4.2134	4.2052
2/1/19	19:29:56	361.52	4.4538	4.529	4.2118	4.2019
2/1/19	19:29:57	362.75	4.4576	4.5265	4.2138	4.2017
2/1/19	19:29:59	364.09	4.4564	4.525	4.212	4.1994
2/1/19	19:30:00	365.62	4.4519	4.5237	4.2108	4.1974
2/1/19	19:30:02	367.53	4.4494	4.5233	4.2075	4.1967
2/1/19	19:30:03	368.84	4.4507	4.5235	4.2072	4.1943
2/1/19	19:30:05	370.25	4.4507	4.5232	4.206	4.193
2/1/19	19:30:06	371.5	4.4534	4.5223	4.2062	4.1904
2/1/19	19:30:07	372.92	4.4557	4.5238	4.2046	4.1892
2/1/19	19:30:09	374.17	4.4581	4.5231	4.203	4.1885
2/1/19	19:30:10	375.52	4.4544	4.5221	4.2019	4.1875
2/1/19	19:30:11	376.83	4.4518	4.52	4.2007	4.1849
2/1/19	19:30:13	378.06	4.4509	4.518	4.2022	4.1836
2/1/19	19:30:14	379.3	4.4537	4.5186	4.2008	4.1807
2/1/19	19:30:15	380.67	4.4519	4.5163	4.201	4.1817
2/1/19	19:30:16	381.98	4.4512	4.5183	4.1994	4.1806
2/1/19	19:30:18	383.42	4.4472	4.518	4.1976	4.1802
2/1/19	19:30:19	384.78	4.4485	4.5186	4.1954	4.1775
2/1/19	19:30:21	386.25	4.4498	4.5164	4.1939	4.1768
2/1/19	19:30:22	387.55	4.4513	4.5151	4.1927	4.1754
2/1/19	19:30:23	388.94	4.4507	4.516	4.1932	4.1742
2/1/19	19:30:25	390.17	4.4506	4.5144	4.1931	4.1709
2/1/19	19:30:26	391.47	4.4502	4.514	4.1932	4.1682
2/1/19	19:30:27	392.86	4.4513	4.5113	4.1911	4.1674
2/1/19	19:30:29	394.39	4.4497	4.513	4.1883	4.1665
2/1/19	19:30:30	395.75	4.4483	4.5127	4.1858	4.1674
2/1/19	19:30:32	397.09	4.4481	4.5126	4.1846	4.1648
2/1/19	19:30:33	398.27	4.4478	4.5113	4.1839	4.1627
2/1/19	19:30:34	399.75	4.4493	4.512	4.1841	4.1598
2/1/19	19:30:36	401.27	4.451	4.5108	4.1827	4.1583
2/1/19	19:30:37	402.69	4.4515	4.5104	4.1815	4.1567
2/1/19	19:30:39	404.05	4.45	4.5075	4.1793	4.1559
2/1/19	19:30:40	405.33	4.4472	4.5058	4.1785	4.1543
2/1/19	19:30:41	406.59	4.4487	4.5052	4.1778	4.152
2/1/19	19:30:43	408.11	4.4475	4.5042	4.1772	4.1508
2/1/19	19:30:44	409.41	4.4469	4.5042	4.1761	4.1493
2/1/19	19:30:45	410.75	4.4434	4.5031	4.1735	4.1479
2/1/19	19:30:46	411.98	4.444	4.5035	4.1717	4.1445
2/1/19	19:30:48	413.27	4.4417	4.5035	4.1705	4.1436
2/1/19	19:30:49	414.67	4.4434	4.5024	4.1708	4.144
2/1/19	19:30:50	415.92	4.445	4.5009	4.1705	4.1429
2/1/19	19:30:52	417.23	4.444	4.5014	4.1701	4.1424
2/1/19	19:30:53	418.56	4.4437	4.5007	4.1696	4.1402
2/1/19	19:30:54	419.81	4.4413	4.4998	4.1675	4.1398
2/1/19	19:30:56	421.39	4.444	4.4985	4.1666	4.1383
2/1/19	19:30:57	422.7	4.4424	4.4979	4.1643	4.1367
2/1/19	19:30:59	424.03	4.4434	4.4984	4.1651	4.1356
2/1/19	19:31:00	425.33	4.4424	4.4977	4.1651	4.1342
2/1/19	19:31:01	426.59	4.4429	4.4988	4.1653	4.1351
2/1/19	19:31:02	428	4.4402	4.4994	4.1637	4.135
2/1/19	19:31:04	429.25	4.438	4.5001	4.1618	4.1331
2/1/19	19:31:05	430.56	4.4386	4.4997	4.1631	4.1295
2/1/19	19:31:06	431.86	4.4391	4.4964	4.1626	4.1263
2/1/19	19:31:08	433.16	4.441	4.4954	4.1634	4.1249
2/1/19	19:31:09	434.39	4.4394	4.4937	4.1612	4.1246
2/1/19	19:31:10	435.73	4.4395	4.4951	4.1613	4.1228
2/1/19	19:31:12	437.23	4.4382	4.4938	4.1573	4.1234
2/1/19	19:31:13	438.59	4.4397	4.4944	4.1555	4.1229
2/1/19	19:31:14	439.86	4.4398	4.4953	4.1536	4.1236
2/1/19	19:31:16	441.75	4.4408	4.4937	4.1559	4.1208
2/1/19	19:31:17	443	4.4397	4.493	4.1542	4.1194
2/1/19	19:31:19	444.41	4.4387	4.4904	4.1519	4.1164
2/1/19	19:31:21	446.06	4.4387	4.4912	4.1488	4.116
2/1/19	19:31:22	447.55	4.4394	4.4889	4.1485	4.1155
2/1/19	19:31:24	449.05	4.4394	4.4898	4.1476	4.1141
2/1/19	19:31:25	450.23	4.4395	4.4878	4.1464	4.1116
2/1/19	19:31:27	452.05	4.4384	4.4875	4.145	4.1098
2/1/19	19:31:28	453.23	4.4405	4.4841	4.1442	4.1102
2/1/19	19:31:29	454.56	4.4392	4.4835	4.1438	4.1098
2/1/19	19:31:31	456.19	4.4411	4.482	4.1413	4.108
2/1/19	19:31:32	457.47	4.4392	4.4835	4.1391	4.1049
2/1/19	19:31:33	458.69	4.4391	4.4842	4.1377	4.1036
2/1/19	19:31:34	459.94	4.4379	4.4842	4.1396	4.1037
2/1/19	19:31:36	461.52	4.4375	4.4825	4.1406	4.1031
2/1/19	19:31:37	462.81	4.4384	4.482	4.1388	4.1024
2/1/19	19:31:39	464.2	4.4369	4.4821	4.1355	4.0984
2/1/19	19:31:40	465.86	4.4362	4.4815	4.1335	4.0957
2/1/19	19:31:42	467.75	4.4375	4.4793	4.1337	4.0928
2/1/19	19:31:43	468.98	4.4366	4.4788	4.1346	4.0934
2/1/19	19:31:45	470.81	4.4378	4.4768	4.1336	4.093
2/1/19	19:31:47	472.14	4.4357	4.4774	4.1311	4.0909
2/1/19	19:31:48	473.48	4.4372	4.4758	4.1284	4.087
2/1/19	19:31:50	475.17	4.4372	4.4773	4.1275	4.0848
2/1/19	19:31:51	476.41	4.4352	4.4768	4.1267	4.0828
2/1/19	19:31:52	477.72	4.433	4.4766	4.1254	4.0827
2/1/19	19:31:54	479.06	4.4314	4.4754	4.1224	4.0821
2/1/19	19:31:55	480.8	4.4325	4.4739	4.1217	4.081
2/1/19	19:31:57	482.34	4.4374	4.4737	4.1206	4.0787
2/1/19	19:31:58	483.72	4.4393	4.4729	4.1205	4.0766
2/1/19	19:32:00	485.44	4.438	4.4737	4.1179	4.0756
2/1/19	19:32:01	487	4.4323	4.472	4.116	4.073
2/1/19	19:32:03	488.67	4.4311	4.4713	4.1143	4.072
2/1/19	19:32:05	490.41	4.433	4.4673	4.1129	4.0696
2/1/19	19:32:06	491.95	4.4359	4.467	4.1121	4.0682
2/1/19	19:32:08	493.53	4.435	4.4668	4.1111	4.0669
2/1/19	19:32:10	495.59	4.4342	4.4663	4.1102	4.0664
2/1/19	19:32:11	496.97	4.4292	4.4641	4.1077	4.0661
2/1/19	19:32:13	498.23	4.4285	4.4626	4.1053	4.0638
2/1/19	19:32:14	499.97	4.428	4.4642	4.1034	4.0604
2/1/19	19:32:16	501.31	4.4307	4.4652	4.1024	4.0581
2/1/19	19:32:17	502.72	4.4304	4.4652	4.101	4.0568
2/1/19	19:32:19	504.41	4.4286	4.4646	4.0986	4.0555
2/1/19	19:32:20	505.78	4.4304	4.4635	4.096	4.0533
2/1/19	19:32:21	507.02	4.4295	4.4629	4.094	4.0503
2/1/19	19:32:23	508.77	4.4313	4.4639	4.0931	4.0484
2/1/19	19:32:25	510.16	4.4292	4.4641	4.0919	4.0461
2/1/19	19:32:26	511.52	4.4307	4.4641	4.0883	4.0473
2/1/19	19:32:27	512.62	4.4304	4.4604	4.0856	4.0471
2/1/19	19:32:29	514.12	4.4314	4.4605	4.0819	4.0468
2/1/19	19:32:30	515.39	4.4311	4.4587	4.0818	4.0422
2/1/19	19:32:31	516.56	4.4314	4.4615	4.0792	4.0389
2/1/19	19:32:33	518.19	4.4308	4.4604	4.0776	4.0367
2/1/19	19:32:34	519.36	4.4295	4.4603	4.0752	4.0366
2/1/19	19:32:35	520.67	4.4282	4.4583	4.0724	4.0359
2/1/19	19:32:36	521.97	4.4268	4.4573	4.0682	4.0352
2/1/19	19:32:38	523.42	4.4268	4.4578	4.0634	4.0329
2/1/19	19:32:39	524.7	4.425	4.4573	4.0611	4.0309
2/1/19	19:32:40	526	4.4253	4.4571	4.0576	4.029
2/1/19	19:32:42	527.64	4.4252	4.456	4.0541	4.0284
2/1/19	19:32:43	528.89	4.4279	4.4552	4.0505	4.0294
2/1/19	19:32:45	530.19	4.4288	4.4533	4.0478	4.0271
2/1/19	19:32:46	531.58	4.4303	4.4525	4.0436	4.0261
2/1/19	19:32:48	533.11	4.4298	4.4518	4.0399	4.0239
2/1/19	19:32:49	534.78	4.4288	4.4529	4.0374	4.0251
2/1/19	19:32:51	536.03	4.4279	4.4519	4.0346	4.0232
2/1/19	19:32:52	537.87	4.4266	4.4518	4.0319	4.0219
2/1/19	19:32:54	539.23	4.4249	4.4515	4.0309	4.0205
2/1/19	19:32:55	540.58	4.4243	4.4516	4.0306	4.0185
2/1/19	19:32:57	542.47	4.4223	4.4508	4.0279	4.0173
2/1/19	19:32:58	543.77	4.4231	4.448	4.0273	4.0148
2/1/19	19:33:00	545.05	4.4231	4.4473	4.0267	4.0145
2/1/19	19:33:01	546.66	4.4232	4.4464	4.028	4.0107
2/1/19	19:33:02	547.98	4.4208	4.4467	4.0265	4.0095
2/1/19	19:33:04	549.34	4.4205	4.4437	4.0279	4.006
2/1/19	19:33:05	550.75	4.421	4.4439	4.0277	4.0049
2/1/19	19:33:07	552.48	4.4217	4.443	4.0265	4.0027
2/1/19	19:33:08	553.84	4.4188	4.4427	4.026	4.0016
2/1/19	19:33:10	555.5	4.4178	4.443	4.0249	4.0011
2/1/19	19:33:12	557.19	4.4186	4.4423	4.0256	3.9997
2/1/19	19:33:13	558.44	4.4189	4.4433	4.0244	3.9983
2/1/19	19:33:16	561.22	4.421	4.4413	4.0242	3.9977
2/1/19	19:33:17	562.91	4.4194	4.4408	4.0238	3.9969
2/1/19	19:33:19	564.28	4.423	4.4399	4.0238	3.995
2/1/19	19:33:20	565.92	4.4211	4.4384	4.0233	3.9903
2/1/19	19:33:22	567.25	4.4214	4.4375	4.0218	3.987
2/1/19	19:33:23	568.62	4.4186	4.4353	4.0203	3.983
2/1/19	19:33:25	570.81	4.4185	4.435	4.0185	3.9818
2/1/19	19:33:27	572.19	4.4189	4.4356	4.0158	3.98
2/1/19	19:33:28	573.69	4.4191	4.4353	4.0134	3.9794
2/1/19	19:33:30	575.56	4.4187	4.4359	4.0095	3.978
2/1/19	19:33:31	576.95	4.4193	4.4357	4.0055	3.9756
2/1/19	19:33:33	578.2	4.4165	4.4357	3.9988	3.9745
2/1/19	19:33:34	579.48	4.4149	4.4349	3.9947	3.9714
2/1/19	19:33:36	581.12	4.4132	4.4336	3.991	3.9703
2/1/19	19:33:37	582.34	4.4155	4.4335	3.9872	3.9674
2/1/19	19:33:38	583.94	4.4169	4.4319	3.9827	3.9657
2/1/19	19:33:40	585.56	4.4147	4.4311	3.9783	3.9636
2/1/19	19:33:42	587.09	4.4147	4.4302	3.9755	3.9619
2/1/19	19:33:43	588.48	4.4126	4.4302	3.9727	3.9604
2/1/19	19:33:45	590.45	4.4159	4.4297	3.9695	3.9586
2/1/19	19:33:46	591.72	4.415	4.4302	3.967	3.9568
2/1/19	19:33:48	593.22	4.415	4.4293	3.9658	3.9561
2/1/19	19:33:50	595.12	4.4124	4.4283	3.9634	3.9552
2/1/19	19:33:51	596.5	4.4116	4.4259	3.9614	3.9552
2/1/19	19:33:53	598.23	4.4117	4.4259	3.9585	3.953
2/1/19	19:33:55	600.12	4.4106	4.4255	3.9564	3.9498
2/1/19	19:33:56	601.67	4.4097	4.4252	3.9544	3.9486
2/1/19	19:33:58	603.16	4.41	4.4228	3.9538	3.9461
2/1/19	19:33:59	604.8	4.4106	4.4217	3.9523	3.9452
2/1/19	19:34:01	606.19	4.4094	4.4203	3.95	3.9408
2/1/19	19:34:02	607.81	4.4091	4.4197	3.9466	3.9406
2/1/19	19:34:04	609.41	4.408	4.4216	3.9447	3.9395
2/1/19	19:34:05	610.86	4.4099	4.4221	3.9435	3.9397
2/1/19	19:34:07	612.47	4.4084	4.4217	3.9423	3.9378
2/1/19	19:34:09	614.16	4.4097	4.419	3.941	3.9356
2/1/19	19:34:10	615.52	4.4103	4.4172	3.9403	3.9337
2/1/19	19:34:12	617.59	4.4103	4.4183	3.9389	3.9326
2/1/19	19:34:13	618.95	4.4088	4.4164	3.9368	3.931
2/1/19	19:34:15	620.34	4.4058	4.4164	3.9344	3.9286
2/1/19	19:34:16	621.83	4.4057	4.4137	3.9333	3.926
2/1/19	19:34:18	623.44	4.4074	4.4134	3.934	3.9243
2/1/19	19:34:20	625.12	4.4086	4.4122	3.9319	3.9212
2/1/19	19:34:22	627.39	4.409	4.4132	3.9301	3.9196
2/1/19	19:34:23	628.77	4.407	4.412	3.929	3.9184
2/1/19	19:34:25	630.31	4.4054	4.4127	3.9301	3.9188
2/1/19	19:34:26	631.42	4.4037	4.4099	3.9288	3.9184
2/1/19	19:34:27	632.72	4.4051	4.4099	3.9273	3.9172
2/1/19	19:34:29	634.2	4.4047	4.4084	3.9257	3.9155
2/1/19	19:34:30	635.41	4.4044	4.4084	3.9251	3.9148
2/1/19	19:34:31	636.86	4.4019	4.407	3.9244	3.9145
2/1/19	19:34:33	638.27	4.4013	4.4078	3.9233	3.9137
2/1/19	19:34:34	639.55	4.4022	4.4063	3.923	3.9114
2/1/19	19:34:35	640.83	4.4041	4.4052	3.9217	3.9082
2/1/19	19:34:37	642.14	4.4037	4.4032	3.9199	3.9072
2/1/19	19:34:38	643.61	4.4034	4.4045	3.9172	3.9063
2/1/19	19:34:40	645.14	4.3999	4.4055	3.9142	3.9057
2/1/19	19:34:41	646.39	4.4011	4.4021	3.9124	3.9043
2/1/19	19:34:42	647.89	4.402	4.4023	3.9117	3.9025
2/1/19	19:34:44	649.42	4.4027	4.4017	3.9111	3.9015
2/1/19	19:34:45	650.62	4.3999	4.4038	3.9114	3.8994
2/1/19	19:34:46	651.91	4.3966	4.4016	3.9098	3.8979
2/1/19	19:34:48	653.34	4.3966	4.3996	3.9076	3.8956
2/1/19	19:34:49	654.77	4.3982	4.3992	3.9062	3.8949
2/1/19	19:34:50	655.97	4.3979	4.3999	3.9062	3.8945
2/1/19	19:34:52	657.27	4.3975	4.4002	3.9049	3.8944
2/1/19	19:34:53	658.81	4.3983	4.3984	3.9033	3.8929
2/1/19	19:34:55	660.03	4.4015	4.3967	3.9021	3.8902
2/1/19	19:34:56	661.28	4.4018	4.3961	3.9006	3.887
2/1/19	19:34:57	662.47	4.4004	4.3968	3.8988	3.8855
2/1/19	19:34:59	664.05	4.3982	4.3974	3.8949	3.8841
2/1/19	19:35:00	665.23	4.3973	4.3978	3.8939	3.8844
2/1/19	19:35:01	666.61	4.3962	4.3973	3.8915	3.8827
2/1/19	19:35:02	667.87	4.3945	4.3975	3.8893	3.8813
2/1/19	19:35:04	669.42	4.3942	4.3961	3.8853	3.8785
2/1/19	19:35:05	670.75	4.3943	4.3949	3.8788	3.8784
2/1/19	19:35:06	671.98	4.3959	4.3935	3.876	3.8782
2/1/19	19:35:08	673.19	4.3968	4.3939	3.8737	3.8776
2/1/19	19:35:09	674.62	4.3968	4.3942	3.8735	3.8739
2/1/19	19:35:10	675.94	4.3949	4.3925	3.8699	3.8702
2/1/19	19:35:12	677.16	4.395	4.3909	3.867	3.8684
2/1/19	19:35:13	678.56	4.3948	4.3896	3.864	3.8675
2/1/19	19:35:15	680.11	4.3969	4.3888	3.8616	3.8682
2/1/19	19:35:16	681.45	4.394	4.387	3.8579	3.8682
2/1/19	19:35:17	682.8	4.3948	4.3886	3.8549	3.8684
2/1/19	19:35:19	684.14	4.3937	4.3892	3.8508	3.867
2/1/19	19:35:20	685.36	4.3953	4.3899	3.8485	3.8652
2/1/19	19:35:21	686.8	4.3942	4.3868	3.8454	3.8627
2/1/19	19:35:23	688.45	4.3956	4.3859	3.843	3.8606
2/1/19	19:35:24	689.81	4.3942	4.384	3.8386	3.8582
2/1/19	19:35:26	691.06	4.392	4.3841	3.8355	3.8569
2/1/19	19:35:27	692.31	4.3886	4.382	3.8321	3.8539
2/1/19	19:35:28	693.69	4.3875	4.3821	3.8295	3.8506
2/1/19	19:35:29	694.89	4.3896	4.3811	3.8266	3.8481
2/1/19	19:35:31	696.14	4.3899	4.3796	3.8241	3.8469
2/1/19	19:35:32	697.42	4.3891	4.3784	3.8225	3.8464
2/1/19	19:35:33	698.95	4.3877	4.3772	3.8194	3.8448
2/1/19	19:35:35	700.28	4.3858	4.3796	3.8179	3.8447
2/1/19	19:35:36	701.59	4.3855	4.3784	3.8154	3.843
2/1/19	19:35:37	702.94	4.3851	4.3784	3.8154	3.8421
2/1/19	19:35:39	704.33	4.3851	4.3762	3.8124	3.8405
2/1/19	19:35:40	705.59	4.3845	4.3773	3.8126	3.8403
2/1/19	19:35:41	706.73	4.3827	4.3773	3.8108	3.8382
2/1/19	19:35:43	708.19	4.3804	4.3766	3.8107	3.8355
2/1/19	19:35:44	709.52	4.3805	4.3762	3.809	3.8322
2/1/19	19:35:45	710.77	4.3821	4.376	3.8078	3.8304
2/1/19	19:35:47	712.27	4.3848	4.376	3.8071	3.8297
2/1/19	19:35:48	713.47	4.3861	4.3755	3.807	3.8296
2/1/19	19:35:49	714.8	4.3854	4.3731	3.8067	3.8295
2/1/19	19:35:51	716.08	4.3859	4.3721	3.8063	3.8277
2/1/19	19:35:52	717.17	4.3823	4.3705	3.8013	3.826
2/1/19	19:35:53	718.72	4.3823	4.3709	3.7955	3.8238
2/1/19	19:35:54	720	4.381	4.3717	3.7869	3.8232
2/1/19	19:35:56	721.37	4.383	4.372	3.7803	3.824
2/1/19	19:35:57	722.64	4.3834	4.3729	3.7719	3.8231
2/1/19	19:35:58	723.86	4.3823	4.3713	3.7635	3.8224
2/1/19	19:36:00	725.09	4.3823	4.3711	3.7547	3.8215
2/1/19	19:36:01	726.62	4.3813	4.3695	3.7464	3.8192
2/1/19	19:36:02	727.86	4.3817	4.3684	3.739	3.817
2/1/19	19:36:04	729.28	4.381	4.3687	3.732	3.8145
2/1/19	19:36:05	730.83	4.383	4.3675	3.7266	3.8143
2/1/19	19:36:07	732.22	4.3839	4.3666	3.7215	3.8135
2/1/19	19:36:08	733.58	4.3842	4.3662	3.7159	3.8108
2/1/19	19:36:09	734.84	4.3823	4.3666	3.7091	3.8094
2/1/19	19:36:10	735.95	4.3801	4.3671	3.7063	3.8068
2/1/19	19:36:12	737.17	4.378	4.3661	3.702	3.8056
2/1/19	19:36:13	738.44	4.3774	4.3647	3.6983	3.8034
2/1/19	19:36:14	739.87	4.3768	4.364	3.6917	3.8031
2/1/19	19:36:16	741.2	4.3777	4.3607	3.6886	3.8016
2/1/19	19:36:17	742.42	4.3761	4.359	3.6855	3.8007
2/1/19	19:36:18	743.77	4.376	4.3589	3.6813	3.7975
2/1/19	19:36:19	744.89	4.3758	4.3593	3.6745	3.7969
2/1/19	19:36:21	746.31	4.3776	4.3603	3.6706	3.7951
2/1/19	19:36:22	747.72	4.379	4.359	3.6654	3.796
2/1/19	19:36:23	748.83	4.3794	4.359	3.662	3.7935
2/1/19	19:36:25	750.19	4.3761	4.3585	3.6571	3.792
2/1/19	19:36:26	751.59	4.3751	4.357	3.6555	3.7892
2/1/19	19:36:27	752.91	4.3731	4.356	3.6542	3.7888
2/1/19	19:36:29	754.11	4.3741	4.3552	3.6537	3.7891
2/1/19	19:36:30	755.34	4.3723	4.3541	3.6527	3.7884
2/1/19	19:36:31	756.61	4.3734	4.3542	3.6503	3.7873
2/1/19	19:36:33	758.05	4.374	4.3523	3.6476	3.7864
2/1/19	19:36:34	759.31	4.374	4.3523	3.6457	3.7869
2/1/19	19:36:35	760.77	4.3746	4.3519	3.6432	3.7865
2/1/19	19:36:37	762.03	4.3725	4.3511	3.642	3.7853
2/1/19	19:36:38	763.37	4.3714	4.35	3.6381	3.7846
2/1/19	19:36:39	764.95	4.3668	4.3483	3.638	3.7831
2/1/19	19:36:41	766.12	4.3678	4.349	3.6345	3.7811
2/1/19	19:36:42	767.48	4.3673	4.3491	3.6349	3.7786
2/1/19	19:36:43	768.75	4.3716	4.3487	3.6312	3.7776
2/1/19	19:36:45	770.08	4.3734	4.3485	3.63	3.7774
2/1/19	19:36:46	771.44	4.3746	4.3485	3.6256	3.7758
2/1/19	19:36:47	772.8	4.3722	4.3482	3.6241	3.7744
2/1/19	19:36:49	774.52	4.3697	4.3461	3.6207	3.7717
2/1/19	19:36:50	775.73	4.3701	4.3457	3.6163	3.7696
2/1/19	19:36:52	777.22	4.368	4.3445	3.6115	3.7682
2/1/19	19:36:53	778.39	4.368	4.3446	3.6083	3.7663
2/1/19	19:36:54	779.72	4.3676	4.3428	3.6053	3.7625
2/1/19	19:36:56	781.05	4.3709	4.3426	3.6002	3.7591
2/1/19	19:36:57	782.52	4.3686	4.3415	3.5943	3.7561
2/1/19	19:36:58	783.8	4.3676	4.3413	3.5893	3.7565
2/1/19	19:37:00	785.34	4.3674	4.3405	3.585	3.7541
2/1/19	19:37:01	786.72	4.37	4.3384	3.5801	3.7534
2/1/19	19:37:02	787.8	4.3694	4.3372	3.5751	3.7512
2/1/19	19:37:04	789.03	4.368	4.3358	3.5711	3.7502
2/1/19	19:37:05	790.2	4.3661	4.3368	3.5681	3.7485
2/1/19	19:37:06	791.72	4.3661	4.3365	3.5646	3.7473
2/1/19	19:37:07	792.86	4.3653	4.3371	3.5601	3.747
2/1/19	19:37:09	794.16	4.3626	4.336	3.5556	3.7459
2/1/19	19:37:10	795.45	4.3624	4.3336	3.5514	3.745
2/1/19	19:37:11	796.95	4.3601	4.3321	3.5494	3.7442
2/1/19	19:37:13	798.33	4.3639	4.3313	3.5476	3.7428
2/1/19	19:37:14	799.42	4.3644	4.3317	3.5465	3.7405
2/1/19	19:37:15	800.91	4.365	4.3327	3.5462	3.7384
2/1/19	19:37:17	802.27	4.3634	4.3339	3.5458	3.7378
2/1/19	19:37:18	803.48	4.3616	4.3339	3.5485	3.7362
2/1/19	19:37:19	804.78	4.3626	4.3316	3.5494	3.7352
2/1/19	19:37:21	806.09	4.3627	4.3286	3.5516	3.7347
2/1/19	19:37:22	807.27	4.3623	4.327	3.5508	3.7335
2/1/19	19:37:23	808.56	4.3594	4.3271	3.5524	3.7315
2/1/19	19:37:25	810.14	4.359	4.3276	3.5538	3.7296
2/1/19	19:37:26	811.64	4.3566	4.3294	3.557	3.7293
2/1/19	19:37:27	812.92	4.358	4.3283	3.5585	3.7284
2/1/19	19:37:29	814.09	4.358	4.3276	3.5601	3.7264
2/1/19	19:37:30	815.42	4.3599	4.3257	3.5628	3.7245
2/1/19	19:37:31	816.48	4.3626	4.3244	3.5665	3.7249
2/1/19	19:37:32	817.94	4.3582	4.3229	3.5698	3.7253
2/1/19	19:37:33	819	4.3572	4.3223	3.5718	3.7252
2/1/19	19:37:35	820.56	4.3542	4.3225	3.5737	3.7231
2/1/19	19:37:37	822.03	4.3579	4.3233	3.5766	3.7188
2/1/19	19:37:38	823.5	4.3582	4.3219	3.5788	3.7165
2/1/19	19:37:39	824.72	4.3569	4.3211	3.5821	3.7145
2/1/19	19:37:41	826.17	4.3552	4.3178	3.5852	3.7139
2/1/19	19:37:42	827.55	4.3536	4.3166	3.5886	3.7137
2/1/19	19:37:43	828.7	4.3525	4.3154	3.5909	3.7123
2/1/19	19:37:44	829.83	4.3519	4.3155	3.5931	3.7114
2/1/19	19:37:46	831.28	4.3538	4.3156	3.5942	3.7099
2/1/19	19:37:47	832.52	4.3545	4.3154	3.5945	3.7083
2/1/19	19:37:48	833.7	4.3533	4.3155	3.595	3.7079
2/1/19	19:37:50	835.37	4.3532	4.3151	3.5969	3.7068
2/1/19	19:37:51	836.73	4.3483	4.3148	3.6	3.7074
2/1/19	19:37:52	837.98	4.3482	4.314	3.6034	3.7073
2/1/19	19:37:54	839.3	4.3472	4.3129	3.6058	3.7063
2/1/19	19:37:55	840.59	4.3518	4.3122	3.6074	3.7053
2/1/19	19:37:56	841.86	4.3519	4.3121	3.6075	3.7031
2/1/19	19:37:58	843.25	4.3518	4.3121	3.6098	3.7009
2/1/19	19:37:59	844.5	4.3534	4.3121	3.6113	3.6996
2/1/19	19:38:00	845.66	4.3539	4.3108	3.6141	3.6991
2/1/19	19:38:01	846.92	4.3525	4.3103	3.6141	3.6995
2/1/19	19:38:03	848.56	4.3509	4.3094	3.6164	3.6965
2/1/19	19:38:04	849.8	4.3502	4.3098	3.6182	3.694
2/1/19	19:38:06	851.09	4.3517	4.3084	3.6198	3.6923
2/1/19	19:38:07	852.27	4.3515	4.309	3.6204	3.6907
2/1/19	19:38:08	853.52	4.3499	4.3079	3.6207	3.6898
2/1/19	19:38:09	854.97	4.3482	4.308	3.6216	3.6864
2/1/19	19:38:11	856.22	4.3471	4.3065	3.623	3.686
2/1/19	19:38:12	857.64	4.3455	4.3064	3.6231	3.6856
2/1/19	19:38:13	858.84	4.3448	4.3057	3.6242	3.6861
2/1/19	19:38:15	860.14	4.3438	4.3052	3.6256	3.6842
2/1/19	19:38:16	861.61	4.345	4.3044	3.6283	3.682
2/1/19	19:38:17	862.84	4.3435	4.3053	3.6293	3.6801
2/1/19	19:38:19	864.55	4.3423	4.3056	3.6298	3.6797
2/1/19	19:38:20	865.67	4.3413	4.3038	3.63	3.6788
2/1/19	19:38:22	867.12	4.3438	4.303	3.631	3.6782
2/1/19	19:38:23	868.37	4.3428	4.3021	3.6302	3.6779
2/1/19	19:38:25	870.19	4.3437	4.3018	3.6286	3.6769
2/1/19	19:38:26	871.95	4.3403	4.2989	3.6278	3.6754
2/1/19	19:38:28	873.31	4.342	4.2972	3.6277	3.6738
2/1/19	19:38:29	874.66	4.3423	4.298	3.6296	3.6731
2/1/19	19:38:30	875.89	4.3443	4.2977	3.6303	3.6719
2/1/19	19:38:32	877.17	4.3427	4.2976	3.6309	3.6705
2/1/19	19:38:33	878.42	4.341	4.296	3.6302	3.6693
2/1/19	19:38:34	879.64	4.34	4.2957	3.6304	3.6692
2/1/19	19:38:35	880.97	4.3399	4.2962	3.6311	3.6674
2/1/19	19:38:37	882.28	4.3389	4.2966	3.6309	3.6659
2/1/19	19:38:38	883.55	4.341	4.2958	3.6316	3.6648
2/1/19	19:38:39	884.89	4.342	4.2946	3.632	3.6637
2/1/19	19:38:41	886.3	4.3441	4.2934	3.6326	3.6621
2/1/19	19:38:42	887.52	4.3396	4.2935	3.6327	3.6585
2/1/19	19:38:43	888.86	4.3358	4.292	3.6331	3.6572
2/1/19	19:38:45	890.62	4.3335	4.2929	3.6343	3.655
2/1/19	19:38:46	891.8	4.3339	4.292	3.6351	3.6547
2/1/19	19:38:48	893.11	4.3349	4.2919	3.6347	3.6524
2/1/19	19:38:49	894.3	4.3338	4.2907	3.6329	3.6496
2/1/19	19:38:50	895.87	4.3331	4.2906	3.6329	3.6475
2/1/19	19:38:52	897.08	4.3318	4.2896	3.6345	3.6475
2/1/19	19:38:53	898.56	4.3308	4.2866	3.6356	3.6472
2/1/19	19:38:54	899.78	4.3314	4.2841	3.6349	3.6469
2/1/19	19:38:56	901.2	4.3334	4.2847	3.6351	3.6452
2/1/19	19:38:57	902.56	4.3331	4.2847	3.6356	3.6445
2/1/19	19:38:58	903.8	4.3358	4.2835	3.6365	3.6427
2/1/19	19:39:00	905.19	4.3329	4.2811	3.6357	3.6421
2/1/19	19:39:01	906.69	4.3339	4.281	3.6351	3.6406
2/1/19	19:39:02	907.89	4.3321	4.2821	3.6336	3.6411
2/1/19	19:39:04	909.27	4.333	4.2822	3.6322	3.6396
2/1/19	19:39:05	910.64	4.3331	4.2815	3.6317	3.6391
2/1/19	19:39:06	911.92	4.3296	4.2808	3.6319	3.6364
2/1/19	19:39:08	913.16	4.3304	4.2799	3.6316	3.6337
2/1/19	19:39:09	914.42	4.3288	4.2789	3.6302	3.6329
2/1/19	19:39:10	915.61	4.3296	4.279	3.6285	3.6311
2/1/19	19:39:12	917.17	4.3281	4.2773	3.6287	3.6314
2/1/19	19:39:13	918.3	4.3297	4.2777	3.6283	3.63
2/1/19	19:39:14	919.72	4.3301	4.2763	3.6285	3.6283
2/1/19	19:39:15	920.97	4.3321	4.2759	3.6261	3.6253
2/1/19	19:39:17	922.34	4.3294	4.2756	3.6263	3.6224
2/1/19	19:39:18	923.59	4.3289	4.2757	3.6243	3.6212
2/1/19	19:39:20	925.19	4.3267	4.2764	3.6247	3.6201
2/1/19	19:39:21	926.48	4.327	4.2764	3.6246	3.6206
2/1/19	19:39:22	927.87	4.3255	4.2748	3.6248	3.6196
2/1/19	19:39:24	929.33	4.3249	4.2737	3.6255	3.6176
2/1/19	19:39:25	930.77	4.3255	4.2734	3.6242	3.6143
2/1/19	19:39:26	932.02	4.3265	4.2745	3.6243	3.6116
2/1/19	19:39:28	933.39	4.3259	4.2737	3.6221	3.61
2/1/19	19:39:29	934.7	4.3252	4.271	3.6212	3.6091
2/1/19	19:39:30	935.84	4.3242	4.2686	3.6197	3.608
2/1/19	19:39:32	937.37	4.3238	4.2693	3.6185	3.6064
2/1/19	19:39:33	938.89	4.3219	4.2689	3.6172	3.604
2/1/19	19:39:35	940.27	4.3211	4.2695	3.6144	3.6032
2/1/19	19:39:36	941.77	4.3188	4.2668	3.6099	3.6012
2/1/19	19:39:37	942.94	4.319	4.2675	3.6048	3.599
2/1/19	19:39:39	944.62	4.3198	4.2663	3.5994	3.5952
2/1/19	19:39:41	946.25	4.3214	4.2671	3.5948	3.594
2/1/19	19:39:42	947.72	4.321	4.2664	3.5898	3.5942
2/1/19	19:39:44	949.23	4.3178	4.2666	3.5865	3.5939
2/1/19	19:39:45	950.53	4.3177	4.2646	3.5809	3.5919
2/1/19	19:39:46	951.67	4.3174	4.2633	3.575	3.589
2/1/19	19:39:48	953.19	4.321	4.2617	3.5689	3.5877
2/1/19	19:39:49	954.31	4.3218	4.2625	3.5648	3.587
2/1/19	19:39:50	955.81	4.3231	4.2624	3.5598	3.5872
2/1/19	19:39:52	957.09	4.3204	4.2623	3.5563	3.5865
2/1/19	19:39:53	958.2	4.3176	4.2616	3.5535	3.5866
2/1/19	19:39:54	959.53	4.3169	4.2604	3.5506	3.5848
2/1/19	19:39:55	960.95	4.3193	4.2584	3.5476	3.5831
2/1/19	19:39:57	962.39	4.3206	4.2579	3.5453	3.5819
2/1/19	19:39:58	963.55	4.3183	4.2589	3.546	3.582
2/1/19	19:39:59	964.98	4.3139	4.2611	3.5461	3.5819
2/1/19	19:40:01	966.27	4.3144	4.2607	3.5449	3.5783
2/1/19	19:40:02	967.59	4.3132	4.2595	3.5431	3.5758
2/1/19	19:40:04	969.05	4.3148	4.2564	3.5413	3.5738
2/1/19	19:40:05	970.25	4.3127	4.256	3.5404	3.5757
2/1/19	19:40:06	971.48	4.3162	4.2562	3.5388	3.5744
2/1/19	19:40:07	972.81	4.3163	4.2575	3.5383	3.5735
2/1/19	19:40:08	973.98	4.3152	4.258	3.5381	3.5708
2/1/19	19:40:10	975.3	4.311	4.2569	3.5387	3.5698
2/1/19	19:40:11	976.77	4.3103	4.2571	3.538	3.5689
2/1/19	19:40:13	978.28	4.3107	4.2544	3.538	3.5689
2/1/19	19:40:14	979.5	4.3113	4.2532	3.5355	3.568
2/1/19	19:40:15	980.83	4.3125	4.2522	3.5339	3.565
2/1/19	19:40:17	982.06	4.312	4.2525	3.5309	3.5637
2/1/19	19:40:18	983.37	4.3125	4.2516	3.5308	3.5627
2/1/19	19:40:19	984.55	4.31	4.2506	3.5297	3.5641
2/1/19	19:40:20	985.75	4.3089	4.2513	3.5292	3.562
2/1/19	19:40:22	987.31	4.3073	4.2513	3.5285	3.5604
2/1/19	19:40:23	988.48	4.3062	4.2502	3.5275	3.5582
2/1/19	19:40:24	989.73	4.3089	4.2496	3.5265	3.5577
2/1/19	19:40:26	991.05	4.3085	4.2493	3.5243	3.5575
2/1/19	19:40:27	992.3	4.308	4.2493	3.5234	3.5562
2/1/19	19:40:28	993.67	4.3079	4.2472	3.5218	3.5534
2/1/19	19:40:30	995.17	4.3079	4.2459	3.5201	3.5519
2/1/19	19:40:31	996.55	4.3064	4.2458	3.5178	3.5511
2/1/19	19:40:32	997.78	4.3048	4.2461	3.5159	3.5501
2/1/19	19:40:34	999.25	4.3068	4.2461	3.514	3.5478
2/1/19	19:40:35	1000.5	4.3083	4.2443	3.512	3.5466
2/1/19	19:40:36	1001.8	4.3085	4.2427	3.5092	3.5454
2/1/19	19:40:37	1002.86	4.3057	4.2403	3.5071	3.5453
2/1/19	19:40:39	1004.23	4.3047	4.2409	3.5046	3.5436
2/1/19	19:40:40	1005.5	4.3023	4.2414	3.5036	3.5443
2/1/19	19:40:41	1006.98	4.3038	4.2415	3.5016	3.5425
2/1/19	19:40:43	1008.2	4.3031	4.2418	3.4993	3.5409
2/1/19	19:40:44	1009.42	4.3029	4.241	3.4972	3.5384
2/1/19	19:40:45	1011	4.3019	4.2404	3.4961	3.5362
2/1/19	19:40:47	1012.42	4.3023	4.2384	3.495	3.5343
2/1/19	19:40:48	1013.7	4.3006	4.2374	3.4948	3.5318
2/1/19	19:40:49	1014.92	4.2982	4.2385	3.4946	3.5303
2/1/19	19:40:51	1016.23	4.2968	4.2384	3.4961	3.5288
2/1/19	19:40:52	1017.44	4.2975	4.2382	3.4969	3.5289
2/1/19	19:40:53	1018.86	4.2972	4.2369	3.4968	3.5282
2/1/19	19:40:55	1020.03	4.2986	4.2355	3.4959	3.5262
2/1/19	19:40:56	1021.55	4.2996	4.2358	3.4954	3.5224
2/1/19	19:40:58	1023.27	4.3009	4.2357	3.4969	3.5198
2/1/19	19:40:59	1024.59	4.2999	4.2348	3.498	3.5184
2/1/19	19:41:00	1025.78	4.2991	4.2334	3.4983	3.518
2/1/19	19:41:02	1027.03	4.2961	4.2318	3.4957	3.516
2/1/19	19:41:03	1028.36	4.2955	4.2325	3.4939	3.5154
2/1/19	19:41:04	1029.55	4.2949	4.2318	3.4914	3.5131
2/1/19	19:41:05	1030.77	4.2961	4.2308	3.4911	3.5124
2/1/19	19:41:07	1032.16	4.2977	4.229	3.4907	3.5101
2/1/19	19:41:08	1033.53	4.2969	4.2276	3.4906	3.5097
2/1/19	19:41:10	1035.06	4.2967	4.2285	3.4909	3.5085
2/1/19	19:41:11	1036.37	4.2939	4.2286	3.4919	3.5073
2/1/19	19:41:12	1037.72	4.2927	4.2296	3.49	3.507
2/1/19	19:41:13	1038.91	4.2917	4.229	3.4896	3.5065
2/1/19	19:41:15	1040.17	4.2908	4.2289	3.4867	3.5066
2/1/19	19:41:16	1041.37	4.293	4.2278	3.4872	3.5053
2/1/19	19:41:17	1042.89	4.2938	4.2276	3.4849	3.504
2/1/19	19:41:19	1044.09	4.2938	4.2269	3.4835	3.5014
2/1/19	19:41:20	1045.39	4.2913	4.2269	3.4795	3.4987
2/1/19	19:41:21	1046.8	4.2922	4.2274	3.4776	3.4972
2/1/19	19:41:23	1048.05	4.2924	4.2258	3.4742	3.498
2/1/19	19:41:24	1049.3	4.2903	4.2244	3.4728	3.4977
2/1/19	19:41:25	1050.58	4.2885	4.2217	3.47	3.4964
2/1/19	19:41:26	1051.69	4.2893	4.221	3.4668	3.494
2/1/19	19:41:28	1053.09	4.2912	4.2192	3.4634	3.4939
2/1/19	19:41:29	1054.59	4.2875	4.2182	3.4589	3.4925
2/1/19	19:41:31	1056.12	4.2857	4.218	3.4563	3.493
2/1/19	19:41:32	1057.33	4.2854	4.2189	3.4538	3.4918
2/1/19	19:41:33	1058.55	4.287	4.2188	3.4528	3.4917
2/1/19	19:41:34	1059.77	4.2868	4.2192	3.4491	3.4885
2/1/19	19:41:35	1061.02	4.286	4.2196	3.4471	3.4852
2/1/19	19:41:37	1062.28	4.2868	4.2193	3.4448	3.4822
2/1/19	19:41:38	1063.69	4.285	4.2191	3.4444	3.4808
2/1/19	19:41:39	1064.98	4.2843	4.2181	3.4439	3.4791
2/1/19	19:41:41	1066.45	4.2814	4.2175	3.4425	3.4782
2/1/19	19:41:42	1067.67	4.2815	4.2157	3.443	3.476
2/1/19	19:41:43	1068.92	4.2838	4.2149	3.4412	3.4754
2/1/19	19:41:45	1070.09	4.2839	4.2135	3.4406	3.473
2/1/19	19:41:46	1071.48	4.2856	4.2132	3.4391	3.4711
2/1/19	19:41:47	1072.72	4.2848	4.212	3.4398	3.4682
2/1/19	19:41:49	1074.31	4.2855	4.2123	3.4402	3.4668
2/1/19	19:41:50	1075.56	4.2829	4.2108	3.4401	3.4661
2/1/19	19:41:51	1076.78	4.2808	4.2116	3.4402	3.465
2/1/19	19:41:52	1078	4.2808	4.2116	3.4401	3.4637
2/1/19	19:41:54	1079.52	4.2822	4.2132	3.4416	3.4624
2/1/19	19:41:55	1080.91	4.281	4.2119	3.4416	3.4618
2/1/19	19:41:57	1082.14	4.2825	4.2111	3.442	3.4597
2/1/19	19:41:58	1083.33	4.2818	4.2098	3.4408	3.4577
2/1/19	19:41:59	1084.83	4.28	4.2081	3.4405	3.4562
2/1/19	19:42:01	1086.03	4.276	4.2063	3.441	3.4569
2/1/19	19:42:02	1087.48	4.2757	4.2062	3.4434	3.4554
2/1/19	19:42:03	1088.92	4.2761	4.2071	3.4454	3.4531
2/1/19	19:42:05	1090.06	4.2762	4.2073	3.4475	3.45
2/1/19	19:42:06	1091.64	4.2736	4.2061	3.4512	3.4481
2/1/19	19:42:08	1093.17	4.275	4.204	3.4535	3.4466
2/1/19	19:42:09	1094.37	4.275	4.2044	3.4549	3.4439
2/1/19	19:42:10	1095.77	4.2749	4.2045	3.454	3.4422
2/1/19	19:42:12	1097.39	4.2747	4.2061	3.4565	3.4411
2/1/19	19:42:13	1098.69	4.2757	4.2053	3.4585	3.4415
2/1/19	19:42:14	1099.92	4.2781	4.204	3.4612	3.4403
2/1/19	19:42:16	1101.67	4.277	4.2028	3.4618	3.4394
2/1/19	19:42:17	1102.98	4.2753	4.2023	3.4629	3.4373
2/1/19	19:42:19	1104.61	4.2703	4.2028	3.4639	3.436
2/1/19	19:42:21	1106.16	4.2712	4.2037	3.4648	3.4336
2/1/19	19:42:22	1107.56	4.271	4.2031	3.4675	3.4323
2/1/19	19:42:23	1108.81	4.2704	4.2025	3.4708	3.4328
2/1/19	19:42:25	1110.25	4.2665	4.2008	3.4733	3.432
2/1/19	19:42:26	1111.78	4.2668	4.2004	3.4743	3.4303
2/1/19	19:42:28	1113.12	4.2692	4.199	3.4748	3.4275
2/1/19	19:42:29	1114.41	4.2706	4.1973	3.4757	3.4261
2/1/19	19:42:31	1116.09	4.2685	4.1957	3.4778	3.4253
2/1/19	19:42:32	1117.31	4.2674	4.1958	3.4787	3.4246
2/1/19	19:42:33	1118.75	4.2702	4.1951	3.4817	3.4238
2/1/19	19:42:35	1120.27	4.2734	4.1958	3.4828	3.4216
2/1/19	19:42:36	1121.91	4.2751	4.1975	3.485	3.4186
2/1/19	19:42:38	1123.34	4.2727	4.1995	3.4862	3.4161
2/1/19	19:42:39	1124.53	4.2706	4.1986	3.4881	3.417
2/1/19	19:42:41	1126.06	4.2685	4.1949	3.4884	3.4168
2/1/19	19:42:42	1127.44	4.2679	4.1911	3.4891	3.416
2/1/19	19:42:43	1128.95	4.2672	4.1897	3.4892	3.4136
2/1/19	19:42:45	1130.66	4.2645	4.1911	3.4915	3.414
2/1/19	19:42:46	1131.77	4.2629	4.1921	3.4929	3.4133
2/1/19	19:42:48	1133.52	4.2614	4.192	3.4949	3.4123
2/1/19	19:42:50	1135.31	4.2657	4.1915	3.4966	3.41
2/1/19	19:42:51	1136.48	4.266	4.1916	3.4971	3.4094
2/1/19	19:42:52	1137.8	4.2652	4.1917	3.4976	3.4069
2/1/19	19:42:54	1139.11	4.2618	4.1906	3.4978	3.4059
2/1/19	19:42:55	1140.52	4.2607	4.1911	3.4995	3.4048
2/1/19	19:42:56	1141.83	4.261	4.1895	3.5022	3.4051
2/1/19	19:42:58	1143.16	4.2625	4.1888	3.5037	3.4035
2/1/19	19:42:59	1144.41	4.2624	4.188	3.5053	3.4038
2/1/19	19:43:00	1145.62	4.2631	4.1892	3.506	3.4031
2/1/19	19:43:02	1147.69	4.2614	4.1895	3.5068	3.4015
2/1/19	19:43:03	1148.97	4.2599	4.1894	3.5076	3.3984
2/1/19	19:43:05	1150.09	4.2592	4.1882	3.5091	3.3978
2/1/19	19:43:06	1151.87	4.26	4.1867	3.5118	3.3961
2/1/19	19:43:08	1153.3	4.2607	4.1844	3.5146	3.3955
2/1/19	19:43:09	1154.61	4.2603	4.184	3.5164	3.3931
2/1/19	19:43:11	1156.05	4.2577	4.1825	3.5163	3.3941
2/1/19	19:43:12	1157.36	4.2584	4.1825	3.5164	3.3929
2/1/19	19:43:13	1158.89	4.2581	4.1829	3.5184	3.3932
2/1/19	19:43:15	1160.14	4.2593	4.1833	3.5208	3.3922
2/1/19	19:43:16	1161.55	4.255	4.1839	3.521	3.3915
2/1/19	19:43:17	1163	4.2544	4.1828	3.5215	3.3903
2/1/19	19:43:19	1164.48	4.2524	4.1819	3.5215	3.3877
2/1/19	19:43:20	1165.75	4.2539	4.181	3.5221	3.3858
2/1/19	19:43:22	1167.12	4.2525	4.1823	3.5218	3.3837
2/1/19	19:43:23	1168.56	4.2516	4.1829	3.5227	3.3845
2/1/19	19:43:25	1170.08	4.2538	4.1827	3.5262	3.3842
2/1/19	19:43:26	1171.37	4.253	4.1808	3.5263	3.3836
2/1/19	19:43:27	1172.64	4.252	4.1794	3.5261	3.382
2/1/19	19:43:28	1173.87	4.2506	4.1788	3.524	3.3808
2/1/19	19:43:30	1175.34	4.2513	4.1778	3.5271	3.3805
2/1/19	19:43:31	1176.58	4.2541	4.1791	3.5288	3.3791
2/1/19	19:43:32	1177.92	4.2526	4.1789	3.5306	3.3795
2/1/19	19:43:34	1179.41	4.2526	4.1783	3.53	3.3779
2/1/19	19:43:35	1180.84	4.2502	4.177	3.5319	3.3783
2/1/19	19:43:37	1182.06	4.2498	4.1762	3.532	3.3768
2/1/19	19:43:38	1183.34	4.248	4.1758	3.5319	3.3765
2/1/19	19:43:39	1184.66	4.2485	4.1758	3.5309	3.3758
2/1/19	19:43:40	1185.89	4.2488	4.1765	3.5312	3.3763
2/1/19	19:43:42	1187.25	4.2473	4.1774	3.5325	3.3751
2/1/19	19:43:43	1188.56	4.2459	4.1756	3.5325	3.3738
2/1/19	19:43:44	1189.95	4.2448	4.1751	3.5328	3.3727
2/1/19	19:43:46	1191.19	4.2461	4.1733	3.532	3.3724
2/1/19	19:43:47	1192.83	4.2472	4.1741	3.5318	3.3724
2/1/19	19:43:49	1194.44	4.2468	4.1736	3.5306	3.3712
2/1/19	19:43:50	1195.72	4.2466	4.1736	3.5295	3.3694
2/1/19	19:43:52	1197.23	4.2455	4.1744	3.5269	3.3682
2/1/19	19:43:53	1198.66	4.2451	4.1744	3.5255	3.3674
2/1/19	19:43:55	1200.11	4.2439	4.174	3.5242	3.3673
2/1/19	19:43:56	1201.44	4.2426	4.172	3.5229	3.3657
2/1/19	19:43:57	1203.02	4.2434	4.1707	3.5208	3.3642
2/1/19	19:43:59	1204.36	4.2432	4.1716	3.5183	3.3631
2/1/19	19:44:00	1205.86	4.2457	4.171	3.5138	3.3618
2/1/19	19:44:02	1207.16	4.245	4.1714	3.5104	3.3607
2/1/19	19:44:03	1208.53	4.2453	4.17	3.5068	3.36
2/1/19	19:44:05	1210.12	4.2415	4.1713	3.5062	3.36
2/1/19	19:44:06	1211.42	4.2381	4.1718	3.5052	3.3596
2/1/19	19:44:07	1212.73	4.2374	4.1728	3.5037	3.3593
2/1/19	19:44:09	1214.16	4.2352	4.1728	3.5026	3.3599
2/1/19	19:44:10	1215.47	4.2368	4.1709	3.5005	3.3598
2/1/19	19:44:12	1217.06	4.237	4.1688	3.4986	3.3598
2/1/19	19:44:13	1218.28	4.2382	4.1689	3.4945	3.3584
2/1/19	19:44:14	1219.55	4.237	4.1692	3.4897	3.3588
2/1/19	19:44:15	1220.87	4.236	4.1689	3.4828	3.3586
2/1/19	19:44:17	1222.3	4.2382	4.1677	3.4764	3.3581
2/1/19	19:44:18	1223.56	4.2416	4.1684	3.4687	3.3552
2/1/19	19:44:19	1224.94	4.2417	4.1694	3.4603	3.3534
2/1/19	19:44:21	1226.3	4.2411	4.1702	3.4516	3.3535
2/1/19	19:44:22	1227.8	4.2367	4.1681	3.4416	3.353
2/1/19	19:44:23	1229	4.2363	4.1676	3.4317	3.3533
2/1/19	19:44:25	1230.44	4.2348	4.1665	3.4206	3.3523
2/1/19	19:44:26	1231.86	4.2356	4.168	3.4099	3.3527
2/1/19	19:44:28	1233.11	4.2338	4.1665	3.3998	3.3526
2/1/19	19:44:29	1234.41	4.2326	4.1667	3.3902	3.3509
2/1/19	19:44:30	1235.73	4.2319	4.1654	3.3813	3.3512
2/1/19	19:44:32	1237.08	4.2338	4.1668	3.3731	3.3481
2/1/19	19:44:33	1238.31	4.2348	4.1667	3.3637	3.348
2/1/19	19:44:34	1239.73	4.2355	4.1672	3.3545	3.347
2/1/19	19:44:35	1240.89	4.234	4.1669	3.345	3.3489
2/1/19	19:44:37	1242.36	4.2319	4.166	3.3371	3.349
2/1/19	19:44:38	1243.86	4.2309	4.1648	3.3297	3.349
2/1/19	19:44:40	1245.41	4.2315	4.1645	3.3235	3.3477
2/1/19	19:44:41	1246.64	4.2322	4.1647	3.3188	3.3473
2/1/19	19:44:42	1248.02	4.23	4.1654	3.3137	3.3467
2/1/19	19:44:44	1249.39	4.228	4.1652	3.3088	3.3468
2/1/19	19:44:45	1250.67	4.2268	4.1652	3.3048	3.3467
2/1/19	19:44:46	1251.98	4.2291	4.1662	3.3022	3.3471
2/1/19	19:44:48	1253.41	4.2293	4.1663	3.2999	3.3464
2/1/19	19:44:49	1254.77	4.2294	4.167	3.2982	3.3464
2/1/19	19:44:51	1256.59	4.229	4.1656	3.2991	3.3444
2/1/19	19:44:52	1257.72	4.2265	4.1687	3.2996	3.3438
2/1/19	19:44:53	1258.98	4.2264	4.1673	3.3008	3.3429
2/1/19	19:44:55	1260.27	4.226	4.1666	3.3014	3.3435
2/1/19	19:44:56	1261.5	4.2283	4.1634	3.3047	3.3436
2/1/19	19:44:57	1262.94	4.2268	4.1635	3.307	3.343
2/1/19	19:44:59	1264.47	4.2243	4.1647	3.3093	3.343
2/1/19	19:45:00	1265.77	4.2242	4.1648	3.3113	3.3433
2/1/19	19:45:01	1266.97	4.223	4.1655	3.3147	3.3445
2/1/19	19:45:03	1268.44	4.2231	4.1656	3.3191	3.3444
2/1/19	19:45:04	1269.7	4.222	4.1637	3.3231	3.3441
2/1/19	19:45:05	1270.94	4.2249	4.1626	3.3262	3.3424
2/1/19	19:45:07	1272.25	4.2256	4.1612	3.3289	3.3427
2/1/19	19:45:08	1273.55	4.2244	4.1625	3.332	3.3421
2/1/19	19:45:09	1274.97	4.2248	4.1624	3.3368	3.3422
2/1/19	19:45:11	1276.23	4.2242	4.1618	3.3397	3.3414
2/1/19	19:45:12	1277.8	4.2242	4.1626	3.3431	3.3415
2/1/19	19:45:13	1279	4.2212	4.1609	3.3456	3.3412
2/1/19	19:45:15	1280.34	4.2204	4.1611	3.3495	3.34
2/1/19	19:45:16	1281.75	4.2208	4.1588	3.3532	3.3391
2/1/19	19:45:18	1283.28	4.2198	4.1613	3.3557	3.3383
2/1/19	19:45:19	1284.58	4.2197	4.16	3.3578	3.3379
2/1/19	19:45:20	1285.98	4.2218	4.1588	3.3579	3.3375
2/1/19	19:45:22	1287.36	4.2238	4.1571	3.3586	3.3381
2/1/19	19:45:23	1288.66	4.2241	4.1595	3.3584	3.3379
2/1/19	19:45:24	1289.98	4.2196	4.163	3.3582	3.3386
2/1/19	19:45:26	1291.39	4.2175	4.1634	3.3569	3.3385
2/1/19	19:45:27	1292.67	4.216	4.1624	3.3559	3.3377
2/1/19	19:45:29	1294.33	4.2187	4.1613	3.3552	3.3364
2/1/19	19:45:30	1295.66	4.2179	4.1603	3.3547	3.3363
2/1/19	19:45:32	1297.28	4.2186	4.1611	3.3558	3.3368
2/1/19	19:45:33	1298.53	4.2165	4.1604	3.3559	3.3369
2/1/19	19:45:34	1299.75	4.2168	4.1595	3.3556	3.3362
2/1/19	19:45:36	1301.23	4.2159	4.1591	3.3536	3.3372
2/1/19	19:45:37	1302.53	4.2163	4.1575	3.3516	3.3376
2/1/19	19:45:39	1304.22	4.2159	4.1577	3.35	3.3369
2/1/19	19:45:40	1305.42	4.2157	4.1575	3.3476	3.3355
2/1/19	19:45:41	1306.7	4.2145	4.159	3.3462	3.3343
2/1/19	19:45:42	1307.98	4.2153	4.1601	3.345	3.3345
2/1/19	19:45:44	1309.44	4.2134	4.1587	3.3439	3.3351
2/1/19	19:45:45	1310.61	4.2128	4.1588	3.3418	3.3363
2/1/19	19:45:47	1312.37	4.2129	4.1577	3.3406	3.3358
2/1/19	19:45:48	1313.72	4.2126	4.1583	3.3384	3.3358
2/1/19	19:45:50	1315.05	4.2123	4.1573	3.3399	3.335
2/1/19	19:45:51	1316.31	4.2113	4.1575	3.341	3.3355
2/1/19	19:45:52	1317.89	4.2109	4.1581	3.3423	3.3358
2/1/19	19:45:54	1319.16	4.2114	4.1591	3.3416	3.336
2/1/19	19:45:55	1320.39	4.2111	4.1603	3.3403	3.3346
2/1/19	19:45:56	1321.69	4.2115	4.1592	3.341	3.3331
2/1/19	19:45:57	1322.98	4.211	4.1592	3.3427	3.3331
2/1/19	19:45:59	1324.5	4.2102	4.1592	3.3421	3.3337
2/1/19	19:46:00	1325.81	4.2106	4.1607	3.3412	3.3336
2/1/19	19:46:02	1327.37	4.2089	4.161	3.3392	3.3328
2/1/19	19:46:03	1328.58	4.2073	4.1613	3.3388	3.3315
2/1/19	19:46:04	1329.83	4.2065	4.1612	3.3386	3.3318
2/1/19	19:46:06	1331.25	4.2073	4.1596	3.3378	3.3315
2/1/19	19:46:07	1332.7	4.2078	4.1601	3.3385	3.3323
2/1/19	19:46:08	1333.94	4.2048	4.1609	3.3375	3.3323
2/1/19	19:46:10	1335.3	4.2063	4.16	3.3381	3.3328
2/1/19	19:46:11	1336.61	4.2042	4.1596	3.3377	3.3326
2/1/19	19:46:13	1338.06	4.2063	4.1597	3.34	3.3319
2/1/19	19:46:14	1339.42	4.2031	4.1605	3.3414	3.3319
2/1/19	19:46:15	1340.67	4.2021	4.1596	3.342	3.3316
2/1/19	19:46:16	1341.92	4.1995	4.158	3.3433	3.3325
2/1/19	19:46:18	1343.34	4.2039	4.1609	3.3437	3.3322
2/1/19	19:46:19	1344.59	4.2038	4.1622	3.3461	3.333
2/1/19	19:46:20	1345.95	4.205	4.1644	3.3486	3.3325
2/1/19	19:46:22	1347.33	4.1985	4.1635	3.3512	3.3329
2/1/19	19:46:23	1348.59	4.2017	4.1617	3.3538	3.3322
2/1/19	19:46:24	1349.81	4.201	4.1605	3.3556	3.3316
2/1/19	19:46:26	1351.36	4.2028	4.1591	3.3572	3.3313
2/1/19	19:46:27	1352.72	4.2038	4.1591	3.3602	3.3317
2/1/19	19:46:28	1353.94	4.2025	4.1576	3.3625	3.3315
2/1/19	19:46:30	1355.23	4.2017	4.1582	3.3651	3.3313
2/1/19	19:46:31	1356.83	4.199	4.1578	3.3659	3.3317
2/1/19	19:46:33	1358.11	4.2017	4.1592	3.3668	3.3327
2/1/19	19:46:34	1359.39	4.1995	4.158	3.3693	3.3325
2/1/19	19:46:35	1360.77	4.1988	4.1592	3.3713	3.3328
2/1/19	19:46:37	1362.16	4.1965	4.1584	3.3714	3.3312
2/1/19	19:46:38	1363.53	4.199	4.1596	3.372	3.3311
2/1/19	19:46:39	1364.92	4.1991	4.1592	3.373	3.3303
2/1/19	19:46:41	1366.12	4.1992	4.1588	3.3762	3.3317
2/1/19	19:46:42	1367.53	4.1975	4.1593	3.3777	3.3332
2/1/19	19:46:43	1368.8	4.1973	4.1603	3.3792	3.3336
2/1/19	19:46:45	1370.27	4.1962	4.1601	3.3792	3.3348
2/1/19	19:46:46	1371.69	4.1958	4.1603	3.3803	3.3333
2/1/19	19:46:47	1372.97	4.1957	4.1595	3.3828	3.3337
2/1/19	19:46:49	1374.25	4.1971	4.1596	3.3854	3.333
2/1/19	19:46:50	1375.48	4.1967	4.1583	3.3882	3.3341
2/1/19	19:46:51	1376.83	4.1943	4.1575	3.3894	3.3341
2/1/19	19:46:53	1378.19	4.1922	4.1559	3.3926	3.3331
2/1/19	19:46:54	1379.59	4.192	4.1566	3.3928	3.3337
2/1/19	19:46:55	1380.83	4.1913	4.1572	3.3936	3.3331
2/1/19	19:46:57	1382.16	4.1908	4.1595	3.3938	3.3342
2/1/19	19:46:58	1383.61	4.1912	4.1603	3.3956	3.3332
2/1/19	19:46:59	1384.97	4.192	4.1625	3.397	3.3327
2/1/19	19:47:01	1386.19	4.1905	4.1621	3.3984	3.3327
2/1/19	19:47:02	1387.66	4.1901	4.1616	3.4005	3.3332
2/1/19	19:47:04	1389.34	4.1879	4.161	3.4023	3.3337
2/1/19	19:47:05	1390.52	4.1897	4.1617	3.4035	3.3337
2/1/19	19:47:06	1391.91	4.1898	4.1629	3.4043	3.3329
2/1/19	19:47:08	1393.52	4.1925	4.161	3.4053	3.3318
2/1/19	19:47:09	1394.8	4.1927	4.1605	3.4057	3.3307
2/1/19	19:47:11	1396.08	4.1918	4.1601	3.4064	3.3316
2/1/19	19:47:12	1397.48	4.1889	4.1622	3.407	3.3324
2/1/19	19:47:13	1398.69	4.1883	4.1619	3.4092	3.3335
2/1/19	19:47:15	1400.08	4.1878	4.1609	3.4097	3.3328
2/1/19	19:47:16	1401.69	4.1889	4.1597	3.4114	3.3334
2/1/19	19:47:18	1403.03	4.1892	4.1617	3.4131	3.333
2/1/19	19:47:19	1404.23	4.1877	4.1644	3.4163	3.3347
2/1/19	19:47:20	1405.52	4.1874	4.1639	3.418	3.3347
2/1/19	19:47:21	1407.02	4.187	4.1636	3.4193	3.335
2/1/19	19:47:23	1408.23	4.1884	4.1604	3.4198	3.3353
2/1/19	19:47:24	1409.58	4.1882	4.1639	3.421	3.337
2/1/19	19:47:26	1411.08	4.1859	4.164	3.4206	3.3368
2/1/19	19:47:27	1412.47	4.1845	4.1659	3.4228	3.3356
2/1/19	19:47:28	1413.72	4.1854	4.1651	3.4236	3.3336
2/1/19	19:47:29	1415.02	4.1841	4.166	3.4249	3.334
2/1/19	19:47:31	1416.61	4.1842	4.1665	3.4257	3.334
2/1/19	19:47:32	1417.89	4.1809	4.1653	3.428	3.3341
2/1/19	19:47:34	1419.17	4.1806	4.1644	3.4312	3.335
2/1/19	19:47:35	1420.64	4.1801	4.1644	3.4337	3.3356
2/1/19	19:47:36	1422.02	4.1807	4.1653	3.4351	3.3358
2/1/19	19:47:38	1423.27	4.1817	4.1667	3.4368	3.3346
2/1/19	19:47:39	1424.7	4.1814	4.1676	3.4383	3.3349
2/1/19	19:47:41	1426.09	4.1816	4.1666	3.4398	3.3346
2/1/19	19:47:42	1427.27	4.1821	4.1647	3.4407	3.3357
2/1/19	19:47:43	1428.58	4.1817	4.1628	3.4422	3.3357
2/1/19	19:47:45	1430.05	4.1808	4.1642	3.4448	3.3366
2/1/19	19:47:46	1431.23	4.1795	4.1653	3.4461	3.3361
2/1/19	19:47:47	1432.53	4.1779	4.1663	3.4468	3.3355
2/1/19	19:47:49	1434.06	4.1764	4.1676	3.448	3.336
2/1/19	19:47:50	1435.47	4.1757	4.1677	3.4504	3.3361
2/1/19	19:47:52	1437.09	4.1761	4.1678	3.452	3.3364
2/1/19	19:47:53	1438.19	4.1771	4.1655	3.4517	3.3362
2/1/19	19:47:54	1439.5	4.176	4.1661	3.4518	3.3359
2/1/19	19:47:56	1441.06	4.1761	4.1666	3.452	3.3356
2/1/19	19:47:57	1442.37	4.1778	4.1669	3.4541	3.3358
2/1/19	19:47:58	1443.87	4.1787	4.1666	3.4553	3.3363
2/1/19	19:48:00	1445.47	4.179	4.1662	3.4575	3.3367
2/1/19	19:48:01	1446.87	4.1757	4.1686	3.4586	3.3366
2/1/19	19:48:03	1448.2	4.1741	4.17	3.461	3.336
2/1/19	19:48:04	1449.44	4.1722	4.1723	3.4627	3.3361
2/1/19	19:48:05	1450.87	4.1745	4.1712	3.4643	3.336
2/1/19	19:48:07	1452.2	4.1763	4.1711	3.4641	3.3371
2/1/19	19:48:08	1453.44	4.1757	4.1702	3.4644	3.3374
2/1/19	19:48:09	1454.7	4.1726	4.1691	3.4658	3.3384
2/1/19	19:48:11	1456.23	4.1702	4.1703	3.4682	3.3397
2/1/19	19:48:12	1457.69	4.1719	4.1698	3.4703	3.3399
2/1/19	19:48:14	1459.28	4.172	4.1731	3.4727	3.3397
2/1/19	19:48:15	1460.67	4.172	4.1708	3.4762	3.3375
2/1/19	19:48:16	1461.86	4.1694	4.1725	3.4788	3.3379
2/1/19	19:48:18	1463.11	4.1698	4.1711	3.4798	3.3386
2/1/19	19:48:19	1464.53	4.171	4.1727	3.4805	3.3408
2/1/19	19:48:21	1466.03	4.1718	4.1721	3.483	3.34
2/1/19	19:48:22	1467.3	4.1705	4.1724	3.4861	3.3386
2/1/19	19:48:23	1468.77	4.1699	4.1717	3.4893	3.3381
2/1/19	19:48:25	1470.05	4.1698	4.1723	3.4904	3.3393
2/1/19	19:48:26	1471.56	4.1676	4.1727	3.4927	3.34
2/1/19	19:48:27	1472.81	4.1653	4.1719	3.4941	3.3404
2/1/19	19:48:29	1474.23	4.166	4.1707	3.4954	3.3409
2/1/19	19:48:30	1475.64	4.169	4.1705	3.4949	3.3412
2/1/19	19:48:32	1477.14	4.1683	4.1727	3.4949	3.3407
2/1/19	19:48:33	1478.3	4.1671	4.1733	3.4954	3.3397
2/1/19	19:48:34	1479.7	4.1641	4.173	3.4961	3.3398
2/1/19	19:48:35	1480.89	4.1664	4.1713	3.4966	3.3407
2/1/19	19:48:37	1482.42	4.1641	4.1717	3.4972	3.3404
2/1/19	19:48:38	1483.73	4.1649	4.1715	3.4974	3.3408
2/1/19	19:48:40	1485.2	4.1641	4.1723	3.4986	3.3387
2/1/19	19:48:41	1486.47	4.1641	4.172	3.4997	3.3394
2/1/19	19:48:42	1487.87	4.166	4.1724	3.5024	3.3393
2/1/19	19:48:44	1489.25	4.1655	4.1726	3.5043	3.3414
2/1/19	19:48:45	1490.64	4.1668	4.1729	3.5078	3.3415
2/1/19	19:48:46	1491.92	4.1647	4.1734	3.5113	3.3421
2/1/19	19:48:48	1493.41	4.1641	4.1732	3.5139	3.342
2/1/19	19:48:49	1494.92	4.163	4.1743	3.5164	3.3428
2/1/19	19:48:51	1496.19	4.1625	4.1736	3.5177	3.3441
2/1/19	19:48:52	1497.62	4.1607	4.174	3.519	3.3443
2/1/19	19:48:54	1499.11	4.1595	4.1745	3.5205	3.3444
2/1/19	19:48:55	1500.44	4.1594	4.1732	3.5218	3.3431
2/1/19	19:48:56	1501.86	4.1602	4.1737	3.525	3.3432
2/1/19	19:48:58	1503.14	4.1609	4.1738	3.5266	3.3425
2/1/19	19:48:59	1504.56	4.1607	4.1744	3.5314	3.3428
2/1/19	19:49:01	1506.14	4.1603	4.1737	3.5355	3.3428
2/1/19	19:49:02	1507.61	4.1605	4.1732	3.541	3.3432
2/1/19	19:49:03	1508.75	4.1584	4.1747	3.5449	3.3424
2/1/19	19:49:05	1510.23	4.1594	4.1759	3.5496	3.3415
2/1/19	19:49:06	1511.58	4.158	4.1761	3.5533	3.3414
2/1/19	19:49:07	1512.89	4.1594	4.1757	3.5563	3.3427
2/1/19	19:49:09	1514.16	4.1578	4.1763	3.558	3.3432
2/1/19	19:49:10	1515.41	4.1576	4.1774	3.5621	3.3452
2/1/19	19:49:11	1516.89	4.1586	4.1774	3.566	3.344
2/1/19	19:49:13	1518.22	4.158	4.178	3.5686	3.345
2/1/19	19:49:14	1519.45	4.1579	4.1764	3.5695	3.3443
2/1/19	19:49:15	1520.95	4.1545	4.1783	3.5698	3.3455
2/1/19	19:49:17	1522.33	4.1536	4.1781	3.5703	3.3448
2/1/19	19:49:18	1523.61	4.1524	4.1785	3.5702	3.3456
2/1/19	19:49:19	1524.97	4.1532	4.1771	3.5695	3.3453
2/1/19	19:49:21	1526.22	4.1537	4.177	3.5709	3.3464
2/1/19	19:49:22	1527.62	4.1543	4.1774	3.5706	3.3465
2/1/19	19:49:24	1529.19	4.1552	4.1791	3.5738	3.3457
2/1/19	19:49:25	1530.48	4.1548	4.1792	3.5755	3.3449
2/1/19	19:49:26	1531.91	4.1531	4.1795	3.5775	3.3441
2/1/19	19:49:28	1533.12	4.1536	4.18	3.5772	3.3456
2/1/19	19:49:29	1534.62	4.1518	4.1801	3.5769	3.3468
2/1/19	19:49:30	1535.86	4.1548	4.1801	3.5773	3.3463
2/1/19	19:49:32	1537.22	4.151	4.1801	3.578	3.3462
2/1/19	19:49:33	1538.61	4.1533	4.1804	3.5792	3.3458
2/1/19	19:49:34	1539.95	4.1508	4.1824	3.5809	3.3459
2/1/19	19:49:36	1541.36	4.1509	4.1824	3.581	3.3466
2/1/19	19:49:37	1542.78	4.1495	4.1822	3.5807	3.3475
2/1/19	19:49:39	1544.19	4.15	4.1804	3.5801	3.3477
2/1/19	19:49:40	1545.45	4.1529	4.1802	3.581	3.3472
2/1/19	19:49:41	1546.8	4.1521	4.1806	3.5823	3.347
2/1/19	19:49:42	1548.02	4.1516	4.1813	3.5849	3.3475
2/1/19	19:49:44	1549.5	4.1492	4.1812	3.5868	3.3458
2/1/19	19:49:45	1550.75	4.152	4.1821	3.586	3.345
2/1/19	19:49:47	1552.12	4.1516	4.1814	3.5856	3.3448
2/1/19	19:49:48	1553.52	4.1508	4.1837	3.5856	3.3471
2/1/19	19:49:49	1554.95	4.1469	4.1838	3.5881	3.348
2/1/19	19:49:51	1556.23	4.1471	4.1854	3.5889	3.3485
2/1/19	19:49:52	1557.72	4.1455	4.1847	3.5889	3.3489
2/1/19	19:49:53	1558.97	4.1461	4.185	3.59	3.3506
2/1/19	19:49:55	1560.47	4.1451	4.1868	3.5901	3.3503
2/1/19	19:49:56	1561.7	4.1452	4.1869	3.5907	3.351
2/1/19	19:49:58	1563.05	4.1442	4.1872	3.5899	3.3492
2/1/19	19:49:59	1564.34	4.1457	4.1858	3.59	3.349
2/1/19	19:50:00	1565.66	4.1473	4.1869	3.5897	3.3485
2/1/19	19:50:02	1567.16	4.1463	4.188	3.5891	3.3484
2/1/19	19:50:03	1568.28	4.1439	4.1888	3.5882	3.3498
2/1/19	19:50:04	1569.59	4.144	4.1871	3.59	3.3505
2/1/19	19:50:06	1571.11	4.1461	4.1864	3.592	3.352
2/1/19	19:50:07	1572.33	4.1469	4.1876	3.5939	3.3522
2/1/19	19:50:08	1573.64	4.1462	4.1895	3.5949	3.3526
2/1/19	19:50:10	1575.11	4.1455	4.1887	3.5956	3.3515
2/1/19	19:50:11	1576.44	4.1446	4.1872	3.5973	3.3508
2/1/19	19:50:12	1577.95	4.1454	4.1884	3.5982	3.3487
2/1/19	19:50:14	1579.36	4.1461	4.1891	3.599	3.3502
2/1/19	19:50:15	1580.44	4.1457	4.19	3.6003	3.3518
2/1/19	19:50:16	1581.81	4.1433	4.1879	3.6015	3.3533
2/1/19	19:50:18	1583.05	4.1418	4.188	3.6015	3.3522
2/1/19	19:50:19	1584.48	4.1416	4.1879	3.6008	3.352
2/1/19	19:50:20	1585.81	4.1402	4.1895	3.5991	3.3525
2/1/19	19:50:22	1587.17	4.1392	4.1902	3.5983	3.3531
2/1/19	19:50:23	1588.78	4.1391	4.1897	3.5978	3.3533
2/1/19	19:50:25	1590.16	4.14	4.1905	3.5974	3.353
2/1/19	19:50:26	1591.56	4.1396	4.1905	3.5981	3.353
2/1/19	19:50:27	1592.78	4.1396	4.1914	3.5982	3.3533
2/1/19	19:50:28	1593.98	4.1384	4.1913	3.5982	3.3534
2/1/19	19:50:30	1595.33	4.1377	4.1922	3.5972	3.3541
2/1/19	19:50:31	1596.69	4.1373	4.1924	3.5985	3.3551
2/1/19	19:50:32	1597.81	4.1387	4.1918	3.6005	3.3558
2/1/19	19:50:34	1599.37	4.1402	4.1921	3.6051	3.3563
2/1/19	19:50:35	1600.81	4.1407	4.191	3.6063	3.3549
2/1/19	19:50:37	1602.16	4.1396	4.1905	3.6101	3.355
2/1/19	19:50:38	1603.55	4.1382	4.1901	3.6121	3.3549
2/1/19	19:50:39	1604.61	4.1372	4.1914	3.6165	3.3558
2/1/19	19:50:40	1605.78	4.1375	4.1919	3.6208	3.3555
2/1/19	19:50:42	1607.23	4.1359	4.1921	3.6253	3.3554
2/1/19	19:50:43	1608.77	4.1348	4.1929	3.6313	3.3551
2/1/19	19:50:44	1609.94	4.1339	4.1942	3.6348	3.3552
2/1/19	19:50:46	1611.12	4.134	4.1935	3.6369	3.3546
2/1/19	19:50:47	1612.28	4.1363	4.1938	3.6381	3.3548
2/1/19	19:50:48	1613.61	4.1367	4.1933	3.6387	3.3545
2/1/19	19:50:49	1614.72	4.138	4.195	3.6391	3.3555
2/1/19	19:50:51	1616.37	4.1359	4.1954	3.638	3.3569
2/1/19	19:50:52	1617.72	4.1347	4.1954	3.6367	3.3574
2/1/19	19:50:53	1618.94	4.1336	4.1943	3.6365	3.3586
2/1/19	19:50:55	1620.37	4.1322	4.1943	3.6356	3.3567
2/1/19	19:50:56	1621.67	4.1333	4.1947	3.6341	3.357
2/1/19	19:50:57	1622.91	4.1352	4.1951	3.633	3.3568
2/1/19	19:50:59	1624.45	4.136	4.1952	3.6329	3.3593
2/1/19	19:51:00	1625.8	4.1352	4.1957	3.6324	3.3596
2/1/19	19:51:02	1627.62	4.1316	4.1979	3.6308	3.3589
2/1/19	19:51:03	1628.91	4.1321	4.1987	3.6291	3.358
2/1/19	19:51:05	1630.17	4.1329	4.1992	3.6272	3.3587
2/1/19	19:51:06	1631.45	4.1349	4.1985	3.6247	3.3589
2/1/19	19:51:07	1632.98	4.1339	4.1991	3.621	3.3585
2/1/19	19:51:09	1634.27	4.1327	4.1988	3.6183	3.3589
2/1/19	19:51:10	1635.73	4.1312	4.1981	3.6158	3.3599
2/1/19	19:51:12	1637.33	4.132	4.1984	3.614	3.3602
2/1/19	19:51:13	1638.56	4.1301	4.1986	3.6122	3.3607
2/1/19	19:51:14	1639.84	4.132	4.1988	3.6114	3.3599
2/1/19	19:51:16	1641.19	4.1304	4.1984	3.6114	3.3603
2/1/19	19:51:17	1642.59	4.1313	4.1998	3.6093	3.36
2/1/19	19:51:18	1643.86	4.1305	4.2008	3.6094	3.3606
2/1/19	19:51:20	1645.25	4.129	4.2008	3.6089	3.3611
2/1/19	19:51:21	1646.67	4.129	4.2	3.6107	3.3613
2/1/19	19:51:23	1648.05	4.1268	4.2014	3.6108	3.3616
2/1/19	19:51:24	1649.36	4.1272	4.2018	3.6139	3.3627
2/1/19	19:51:25	1650.73	4.1268	4.2022	3.6196	3.3634
2/1/19	19:51:27	1652.16	4.1277	4.2004	3.6256	3.3643
2/1/19	19:51:28	1653.45	4.1268	4.2019	3.6313	3.3637
2/1/19	19:51:29	1654.8	4.1277	4.2023	3.6362	3.3628
2/1/19	19:51:31	1656.23	4.1273	4.2039	3.6413	3.3627
2/1/19	19:51:32	1657.44	4.1268	4.2039	3.6451	3.363
2/1/19	19:51:33	1658.77	4.1273	4.2046	3.6478	3.3642
2/1/19	19:51:35	1660.11	4.1281	4.2041	3.6522	3.3642
2/1/19	19:51:36	1661.53	4.1295	4.203	3.656	3.363
2/1/19	19:51:38	1663.08	4.1268	4.2022	3.6585	3.3621
2/1/19	19:51:39	1664.59	4.1264	4.2039	3.6597	3.3623
2/1/19	19:51:40	1665.89	4.1253	4.2053	3.6601	3.3642
2/1/19	19:51:42	1667.25	4.1249	4.2064	3.6609	3.3645
2/1/19	19:51:43	1668.45	4.1222	4.2058	3.6604	3.3657
2/1/19	19:51:44	1669.78	4.1233	4.2056	3.6598	3.3659
2/1/19	19:51:46	1671.03	4.1228	4.2067	3.6593	3.367
2/1/19	19:51:47	1672.44	4.1236	4.2076	3.6602	3.3667
2/1/19	19:51:48	1673.87	4.1241	4.2072	3.6593	3.3665
2/1/19	19:51:50	1675.36	4.1251	4.2063	3.6591	3.3671
2/1/19	19:51:51	1676.8	4.1249	4.2062	3.6567	3.3671
2/1/19	19:51:53	1678.11	4.1217	4.2069	3.6572	3.3674
2/1/19	19:51:54	1679.42	4.1225	4.2067	3.6576	3.3668
2/1/19	19:51:55	1680.92	4.1204	4.2073	3.6584	3.3668
2/1/19	19:51:57	1682.17	4.1208	4.2071	3.6576	3.367
2/1/19	19:51:58	1683.42	4.1192	4.2083	3.6575	3.3678
2/1/19	19:51:59	1684.86	4.1212	4.2077	3.6564	3.3682
2/1/19	19:52:01	1686.19	4.1212	4.2076	3.657	3.368
2/1/19	19:52:02	1687.58	4.1218	4.2085	3.656	3.3681
2/1/19	19:52:03	1689	4.1217	4.2091	3.6575	3.3684
2/1/19	19:52:05	1690.34	4.1202	4.2097	3.6584	3.3685
2/1/19	19:52:06	1691.59	4.1189	4.2092	3.6613	3.3681
2/1/19	19:52:07	1692.86	4.1193	4.2087	3.663	3.3684
2/1/19	19:52:09	1694.5	4.1205	4.2083	3.6656	3.3686
2/1/19	19:52:10	1695.78	4.1209	4.2079	3.6673	3.3702
2/1/19	19:52:12	1697.17	4.1178	4.21	3.6695	3.3706
2/1/19	19:52:13	1698.39	4.1157	4.211	3.6726	3.3705
2/1/19	19:52:14	1699.75	4.1173	4.2124	3.6728	3.3701
2/1/19	19:52:16	1701.09	4.1185	4.2117	3.6746	3.3701
2/1/19	19:52:17	1702.45	4.1177	4.2122	3.6755	3.3709
2/1/19	19:52:18	1703.81	4.1141	4.212	3.6788	3.3715
2/1/19	19:52:20	1705.23	4.1148	4.2122	3.681	3.3706
2/1/19	19:52:21	1706.53	4.1181	4.2121	3.6818	3.3715
2/1/19	19:52:22	1707.86	4.12	4.2124	3.6814	3.3716
2/1/19	19:52:24	1709.27	4.1193	4.2118	3.6807	3.372
2/1/19	19:52:25	1710.58	4.1177	4.2133	3.6802	3.3721
2/1/19	19:52:26	1711.83	4.115	4.2147	3.6812	3.372
2/1/19	19:52:28	1713.28	4.1146	4.2161	3.6817	3.3729
2/1/19	19:52:29	1714.56	4.1153	4.2185	3.681	3.3741
2/1/19	19:52:30	1715.87	4.114	4.2185	3.6796	3.3736
2/1/19	19:52:32	1717.14	4.1134	4.2191	3.6773	3.3736
2/1/19	19:52:33	1718.62	4.113	4.217	3.675	3.3724
2/1/19	19:52:34	1719.92	4.115	4.2175	3.6719	3.3735
2/1/19	19:52:36	1721.19	4.1165	4.2165	3.6687	3.3739
2/1/19	19:52:37	1722.83	4.1154	4.2177	3.6666	3.3752
2/1/19	19:52:39	1724.14	4.116	4.2165	3.6639	3.3748
2/1/19	19:52:40	1725.37	4.1128	4.218	3.6618	3.3761
2/1/19	19:52:41	1726.64	4.1125	4.2186	3.6589	3.3753
2/1/19	19:52:42	1727.91	4.1112	4.22	3.6575	3.3764
2/1/19	19:52:44	1729.39	4.1109	4.2206	3.6573	3.3754
2/1/19	19:52:45	1730.67	4.1106	4.2202	3.6568	3.3757
2/1/19	19:52:46	1731.92	4.1092	4.221	3.6576	3.3762
2/1/19	19:52:48	1733.33	4.1101	4.221	3.6573	3.3769
2/1/19	19:52:49	1734.67	4.1105	4.2207	3.6577	3.3773
2/1/19	19:52:50	1735.91	4.111	4.2196	3.656	3.3772
2/1/19	19:52:52	1737.48	4.1109	4.2194	3.6556	3.3773
2/1/19	19:52:54	1739.11	4.11	4.2202	3.6551	3.3771
2/1/19	19:52:55	1740.23	4.1106	4.222	3.6555	3.3764
2/1/19	19:52:56	1741.5	4.1081	4.2214	3.6538	3.3766
2/1/19	19:52:57	1742.77	4.1078	4.2212	3.6544	3.3774
2/1/19	19:52:59	1744.2	4.107	4.2214	3.6526	3.3777
2/1/19	19:53:00	1745.34	4.1096	4.224	3.6518	3.3782
2/1/19	19:53:01	1746.73	4.1081	4.2239	3.6479	3.3788
2/1/19	19:53:02	1748.02	4.106	4.2224	3.6478	3.3803
2/1/19	19:53:04	1749.25	4.1041	4.2212	3.6466	3.3802
2/1/19	19:53:05	1750.67	4.1061	4.2226	3.6447	3.3793
2/1/19	19:53:06	1752.02	4.1072	4.2238	3.6419	3.3798
2/1/19	19:53:08	1753.22	4.1073	4.2232	3.6399	3.38
2/1/19	19:53:09	1754.53	4.104	4.2224	3.6376	3.3802
2/1/19	19:53:10	1755.83	4.1057	4.2223	3.636	3.3798
2/1/19	19:53:12	1757.2	4.1063	4.2247	3.6338	3.3808
2/1/19	19:53:13	1758.72	4.1068	4.2264	3.6344	3.3824
2/1/19	19:53:14	1759.98	4.106	4.228	3.6346	3.3833
2/1/19	19:53:16	1761.28	4.1071	4.2284	3.6349	3.3829
2/1/19	19:53:17	1762.61	4.1077	4.2275	3.6343	3.3828
2/1/19	19:53:18	1763.8	4.1056	4.2277	3.6333	3.3828
2/1/19	19:53:20	1765.23	4.1044	4.2263	3.634	3.3823
2/1/19	19:53:21	1766.7	4.1039	4.2271	3.636	3.3828
2/1/19	19:53:22	1768.02	4.1029	4.2252	3.6377	3.3835
2/1/19	19:53:24	1769.33	4.1017	4.2259	3.6391	3.3846
2/1/19	19:53:25	1770.75	4.1025	4.2263	3.6393	3.3845
2/1/19	19:53:27	1772.08	4.1047	4.2284	3.6415	3.3842
2/1/19	19:53:28	1773.81	4.106	4.228	3.643	3.3845
2/1/19	19:53:29	1774.92	4.1052	4.2281	3.6439	3.3844
2/1/19	19:53:31	1776.34	4.1035	4.2268	3.6449	3.3836
2/1/19	19:53:32	1777.67	4.1012	4.2273	3.6453	3.3827
2/1/19	19:53:33	1778.92	4.1015	4.2257	3.6467	3.3835
2/1/19	19:53:35	1780.39	4.1025	4.2264	3.6469	3.3846
2/1/19	19:53:36	1781.97	4.1037	4.2279	3.6465	3.3878
2/1/19	19:53:38	1783.22	4.1019	4.2292	3.6464	3.3882
2/1/19	19:53:39	1784.61	4.1016	4.2303	3.6464	3.3896
2/1/19	19:53:40	1785.84	4.0991	4.2291	3.6467	3.3887
2/1/19	19:53:42	1787.12	4.1003	4.2312	3.6457	3.3883
2/1/19	19:53:43	1788.41	4.0975	4.2327	3.6449	3.3876
2/1/19	19:53:44	1789.83	4.0988	4.2335	3.6449	3.3868
2/1/19	19:53:46	1791.2	4.0985	4.2309	3.6449	3.3881
2/1/19	19:53:47	1792.53	4.1001	4.2293	3.6438	3.3881
2/1/19	19:53:49	1794.03	4.0997	4.2301	3.6436	3.3886
2/1/19	19:53:50	1795.37	4.0983	4.2314	3.6435	3.3883
2/1/19	19:53:51	1796.75	4.098	4.2322	3.6434	3.3884
2/1/19	19:53:52	1797.97	4.0979	4.2325	3.6436	3.3886
2/1/19	19:53:54	1799.2	4.0976	4.2327	3.6425	3.3887
2/1/19	19:53:55	1800.66	4.0987	4.2331	3.6421	3.3892
2/1/19	19:53:57	1802.06	4.0962	4.2335	3.6383	3.3897
2/1/19	19:53:58	1803.45	4.0959	4.2342	3.6366	3.3904
2/1/19	19:53:59	1804.78	4.0942	4.2337	3.6349	3.3907
2/1/19	19:54:01	1806.09	4.0963	4.2338	3.6349	3.3912
2/1/19	19:54:02	1807.42	4.0974	4.2349	3.6334	3.3931
2/1/19	19:54:04	1809.3	4.0994	4.2363	3.6323	3.394
2/1/19	19:54:05	1810.58	4.0988	4.2383	3.6314	3.3938
2/1/19	19:54:06	1811.94	4.0974	4.2377	3.6312	3.393
2/1/19	19:54:08	1813.19	4.0943	4.2368	3.6301	3.3931
2/1/19	19:54:09	1814.58	4.0955	4.2357	3.6286	3.3941
2/1/19	19:54:10	1815.92	4.0954	4.2352	3.6281	3.3934
2/1/19	19:54:12	1817.3	4.0947	4.236	3.6268	3.3944
2/1/19	19:54:13	1818.7	4.0943	4.2357	3.6267	3.3952
2/1/19	19:54:14	1819.92	4.0948	4.2377	3.6247	3.3948
2/1/19	19:54:16	1821.22	4.0967	4.2378	3.6242	3.3947
2/1/19	19:54:17	1822.69	4.0959	4.2378	3.6224	3.394
2/1/19	19:54:18	1823.98	4.0948	4.2374	3.6215	3.3956
2/1/19	19:54:20	1825.37	4.0942	4.2368	3.6188	3.395
2/1/19	19:54:21	1826.75	4.0943	4.2378	3.6171	3.3965
2/1/19	19:54:23	1828.06	4.096	4.2381	3.6152	3.3966
2/1/19	19:54:24	1829.5	4.0952	4.2398	3.6133	3.3982
2/1/19	19:54:25	1830.75	4.0947	4.2409	3.6106	3.3975
2/1/19	19:54:27	1832.12	4.0928	4.2412	3.609	3.3965
2/1/19	19:54:28	1833.53	4.0935	4.2421	3.6095	3.3957
2/1/19	19:54:29	1834.81	4.0939	4.2406	3.61	3.3965
2/1/19	19:54:31	1836.08	4.0934	4.2406	3.6115	3.398
2/1/19	19:54:32	1837.39	4.0926	4.2404	3.6112	3.3982
2/1/19	19:54:33	1838.73	4.0918	4.2397	3.6103	3.3978
2/1/19	19:54:34	1839.98	4.0913	4.239	3.6097	3.3974
2/1/19	19:54:36	1841.41	4.0927	4.2392	3.6095	3.3977
2/1/19	19:54:37	1842.87	4.0926	4.2402	3.6121	3.3989
2/1/19	19:54:39	1844.2	4.0949	4.2413	3.6136	3.4004
2/1/19	19:54:40	1845.5	4.0913	4.241	3.616	3.4027
2/1/19	19:54:41	1847	4.0909	4.2421	3.6157	3.4018
2/1/19	19:54:43	1848.28	4.0895	4.2424	3.6162	3.4014
2/1/19	19:54:44	1849.58	4.0921	4.2429	3.6169	3.401
2/1/19	19:54:45	1850.89	4.0914	4.2433	3.6174	3.4027
2/1/19	19:54:47	1852.41	4.091	4.244	3.6178	3.4038
2/1/19	19:54:48	1853.73	4.0902	4.2456	3.6178	3.4029
2/1/19	19:54:50	1855.2	4.0907	4.2472	3.6194	3.4018
2/1/19	19:54:51	1856.41	4.0923	4.247	3.619	3.4014
2/1/19	19:54:52	1857.78	4.0902	4.2464	3.6202	3.4019
2/1/19	19:54:53	1859	4.0902	4.2462	3.6206	3.4026
2/1/19	19:54:55	1860.53	4.088	4.2464	3.6204	3.4022
2/1/19	19:54:56	1861.92	4.0884	4.2457	3.6192	3.4029
2/1/19	19:54:58	1863.09	4.0874	4.2446	3.6181	3.4036
2/1/19	19:54:59	1864.47	4.0885	4.2446	3.6189	3.4054
2/1/19	19:55:00	1865.62	4.0882	4.2458	3.62	3.4053
2/1/19	19:55:01	1866.95	4.0862	4.2476	3.6205	3.4049
2/1/19	19:55:03	1868.5	4.086	4.2484	3.6212	3.4043
2/1/19	19:55:04	1869.97	4.0886	4.2488	3.6215	3.4049
2/1/19	19:55:06	1871.23	4.0893	4.2487	3.6222	3.4062
2/1/19	19:55:07	1872.66	4.0862	4.249	3.6229	3.4063
2/1/19	19:55:09	1874.31	4.0833	4.2496	3.621	3.4056
2/1/19	19:55:10	1875.39	4.0844	4.2497	3.6219	3.4049
2/1/19	19:55:11	1876.64	4.0858	4.2519	3.6203	3.4052
2/1/19	19:55:12	1877.92	4.0865	4.2519	3.623	3.4062
2/1/19	19:55:14	1879.12	4.0878	4.2531	3.6228	3.4072
2/1/19	19:55:15	1880.36	4.0894	4.253	3.6225	3.4081
2/1/19	19:55:16	1881.72	4.0893	4.254	3.6202	3.4077
2/1/19	19:55:17	1882.97	4.0869	4.253	3.6179	3.4082
2/1/19	19:55:19	1884.27	4.0857	4.2524	3.6164	3.4078
2/1/19	19:55:20	1885.67	4.0839	4.2524	3.6159	3.4089
2/1/19	19:55:21	1886.95	4.0848	4.2537	3.6145	3.4088
2/1/19	19:55:23	1888.27	4.0873	4.2538	3.6142	3.4077
2/1/19	19:55:24	1889.58	4.0896	4.2537	3.6123	3.4088
2/1/19	19:55:25	1890.87	4.0884	4.2534	3.6102	3.4093
2/1/19	19:55:27	1892.22	4.0845	4.2522	3.6091	3.4112
2/1/19	19:55:28	1893.5	4.0845	4.2528	3.6079	3.4115
2/1/19	19:55:29	1894.87	4.0843	4.2537	3.6089	3.4121
2/1/19	19:55:31	1896.2	4.0841	4.2569	3.6109	3.4121
2/1/19	19:55:32	1897.56	4.0831	4.2568	3.6139	3.4126
2/1/19	19:55:33	1898.75	4.0837	4.2556	3.6183	3.4113
2/1/19	19:55:35	1900.23	4.0829	4.2542	3.6195	3.4117
2/1/19	19:55:36	1901.48	4.0832	4.2554	3.6215	3.4105
2/1/19	19:55:37	1902.8	4.0811	4.2573	3.6235	3.4109
2/1/19	19:55:39	1904.05	4.0812	4.2585	3.6247	3.411
2/1/19	19:55:40	1905.47	4.0792	4.2601	3.6263	3.4121
2/1/19	19:55:41	1906.7	4.0794	4.2608	3.6258	3.4129
2/1/19	19:55:42	1908	4.0811	4.2606	3.6273	3.4135
2/1/19	19:55:44	1909.37	4.0831	4.2596	3.627	3.4131
2/1/19	19:55:45	1910.59	4.0859	4.2588	3.6275	3.4137
2/1/19	19:55:47	1912.53	4.0843	4.2595	3.6283	3.4145
2/1/19	19:55:48	1913.83	4.0824	4.2599	3.6295	3.4147
2/1/19	19:55:50	1915.06	4.0803	4.2618	3.6305	3.4148
2/1/19	19:55:51	1916.5	4.0808	4.2637	3.6299	3.4158
2/1/19	19:55:52	1917.98	4.0819	4.2641	3.6306	3.416
2/1/19	19:55:54	1919.67	4.082	4.2645	3.6292	3.4166
2/1/19	19:55:55	1920.98	4.0819	4.2631	3.6305	3.4156
2/1/19	19:55:57	1922.39	4.0812	4.2638	3.6296	3.4157
2/1/19	19:55:58	1923.86	4.0808	4.2639	3.6307	3.4155
2/1/19	19:56:00	1925.12	4.0811	4.2643	3.6307	3.4152
2/1/19	19:56:01	1926.36	4.0811	4.2647	3.6336	3.4144
2/1/19	19:56:02	1927.73	4.081	4.2638	3.6358	3.4147
2/1/19	19:56:04	1929.09	4.0804	4.265	3.6369	3.4151
2/1/19	19:56:05	1930.37	4.0815	4.2655	3.6378	3.4159
2/1/19	19:56:06	1931.81	4.0807	4.2659	3.6376	3.4166
2/1/19	19:56:08	1933.3	4.079	4.2653	3.6392	3.4184
2/1/19	19:56:09	1934.55	4.0782	4.2642	3.6384	3.4191
2/1/19	19:56:10	1935.77	4.0794	4.2646	3.6385	3.421
2/1/19	19:56:12	1937.16	4.0802	4.2648	3.6368	3.4214
2/1/19	19:56:13	1938.44	4.0781	4.2655	3.638	3.4222
2/1/19	19:56:14	1939.69	4.0755	4.2664	3.6379	3.4208
2/1/19	19:56:15	1940.91	4.0765	4.2674	3.6391	3.4204
2/1/19	19:56:17	1942.34	4.0771	4.2687	3.6381	3.4214
2/1/19	19:56:18	1943.56	4.0784	4.269	3.64	3.4219
2/1/19	19:56:19	1945.02	4.0762	4.2687	3.6414	3.4222
2/1/19	19:56:21	1946.25	4.0771	4.2679	3.6443	3.423
2/1/19	19:56:22	1947.52	4.0767	4.2675	3.6449	3.4244
2/1/19	19:56:23	1948.78	4.0752	4.2676	3.6467	3.4255
2/1/19	19:56:25	1950.25	4.0732	4.2685	3.6453	3.4244
2/1/19	19:56:26	1951.58	4.0728	4.2689	3.6458	3.4225
2/1/19	19:56:27	1952.84	4.0774	4.2701	3.646	3.4224
2/1/19	19:56:29	1954.08	4.079	4.2703	3.6475	3.4225
2/1/19	19:56:30	1955.47	4.0794	4.2709	3.6478	3.4232
2/1/19	19:56:31	1956.75	4.0758	4.2711	3.6471	3.4246
2/1/19	19:56:33	1958.23	4.0748	4.2722	3.6477	3.4251
2/1/19	19:56:34	1959.47	4.0733	4.2728	3.648	3.4265
2/1/19	19:56:36	1961.06	4.074	4.2721	3.6481	3.4247
2/1/19	19:56:37	1962.42	4.0746	4.2713	3.6488	3.4246
2/1/19	19:56:38	1963.84	4.0742	4.2704	3.6501	3.4237
2/1/19	19:56:40	1965.11	4.0754	4.2714	3.652	3.4249
2/1/19	19:56:41	1966.34	4.0741	4.2718	3.6527	3.4261
2/1/19	19:56:42	1967.77	4.0732	4.274	3.6535	3.4269
2/1/19	19:56:44	1969.19	4.0734	4.2754	3.6545	3.4267
2/1/19	19:56:45	1970.67	4.0753	4.2767	3.6568	3.4275
2/1/19	19:56:46	1971.98	4.0781	4.2764	3.6582	3.4298
2/1/19	19:56:48	1973.22	4.0763	4.2761	3.6582	3.43
2/1/19	19:56:49	1974.56	4.0742	4.2765	3.6591	3.4291
2/1/19	19:56:50	1975.84	4.073	4.2756	3.6599	3.4276
2/1/19	19:56:52	1977.11	4.0727	4.2758	3.6618	3.4267
2/1/19	19:56:53	1978.42	4.0738	4.2765	3.6619	3.427
2/1/19	19:56:54	1979.78	4.073	4.2784	3.6632	3.4276
2/1/19	19:56:56	1981.2	4.073	4.2785	3.663	3.4295
2/1/19	19:56:57	1982.39	4.0745	4.2776	3.6635	3.4303
2/1/19	19:56:58	1983.81	4.0762	4.2776	3.6632	3.4295
2/1/19	19:57:00	1985.09	4.0769	4.2779	3.6647	3.429
2/1/19	19:57:01	1986.42	4.0753	4.2795	3.6644	3.4296
2/1/19	19:57:02	1987.78	4.074	4.2796	3.6659	3.4305
2/1/19	19:57:04	1989.31	4.073	4.2814	3.6673	3.431
2/1/19	19:57:05	1990.61	4.0734	4.2808	3.6686	3.4309
2/1/19	19:57:06	1991.87	4.0734	4.2808	3.6688	3.4322
2/1/19	19:57:08	1993.09	4.0746	4.2806	3.6691	3.4321
2/1/19	19:57:09	1994.56	4.0745	4.2818	3.6698	3.4333
2/1/19	19:57:10	1995.84	4.0737	4.2817	3.6703	3.4341
2/1/19	19:57:12	1997.27	4.0725	4.2825	3.6703	3.4344
2/1/19	19:57:13	1998.61	4.0695	4.2803	3.6709	3.4338
2/1/19	19:57:14	1999.83	4.0687	4.2811	3.6724	3.4328
2/1/19	19:57:16	2001.17	4.0672	4.2815	3.6721	3.4337
2/1/19	19:57:17	2002.47	4.0688	4.2833	3.6722	3.4336
2/1/19	19:57:18	2003.75	4.0689	4.2845	3.6714	3.4333
2/1/19	19:57:20	2005.25	4.0696	4.2831	3.6719	3.4332
2/1/19	19:57:21	2006.56	4.0682	4.2838	3.6718	3.4325
2/1/19	19:57:22	2007.89	4.0704	4.2823	3.6722	3.4321
2/1/19	19:57:24	2009.09	4.0699	4.2827	3.6729	3.4331
2/1/19	19:57:25	2010.48	4.0724	4.2841	3.6743	3.4342
2/1/19	19:57:26	2011.91	4.0704	4.2855	3.6762	3.4359
2/1/19	19:57:28	2013.28	4.0696	4.2878	3.6776	3.4353
2/1/19	19:57:29	2014.58	4.0683	4.2868	3.6773	3.4367
2/1/19	19:57:30	2015.8	4.0676	4.2874	3.6782	3.4367
2/1/19	19:57:32	2017.19	4.0703	4.2873	3.6782	3.4375
2/1/19	19:57:33	2018.56	4.0701	4.2888	3.68	3.4368
2/1/19	19:57:35	2020.11	4.0705	4.2897	3.6798	3.4372
2/1/19	19:57:36	2021.36	4.0672	4.2885	3.6817	3.4382
2/1/19	19:57:37	2022.81	4.0671	4.2889	3.6829	3.4394
2/1/19	19:57:38	2024	4.0672	4.289	3.6839	3.4389
2/1/19	19:57:40	2025.37	4.0698	4.2903	3.6852	3.4401
2/1/19	19:57:41	2026.73	4.0698	4.2899	3.6866	3.4394
2/1/19	19:57:43	2028.06	4.0693	4.2911	3.6863	3.44
2/1/19	19:57:44	2029.48	4.0675	4.2912	3.686	3.439
2/1/19	19:57:45	2030.77	4.0668	4.2908	3.6844	3.4386
2/1/19	19:57:47	2032.12	4.0646	4.2904	3.6862	3.4388
2/1/19	19:57:48	2033.53	4.0657	4.2919	3.687	3.439
2/1/19	19:57:49	2034.84	4.0674	4.2932	3.6888	3.4399
2/1/19	19:57:51	2036.17	4.0691	4.2917	3.6885	3.4406
2/1/19	19:57:52	2037.48	4.0693	4.2916	3.6905	3.4414
2/1/19	19:57:53	2038.98	4.0662	4.2916	3.6914	3.442
2/1/19	19:57:55	2040.14	4.0658	4.2926	3.6952	3.4429
2/1/19	19:57:56	2041.61	4.0634	4.2931	3.6955	3.4433
2/1/19	19:57:57	2042.92	4.0649	4.2942	3.6968	3.4443
2/1/19	19:57:59	2044.48	4.0668	4.2939	3.6964	3.4439
2/1/19	19:58:00	2045.81	4.0682	4.2945	3.6959	3.444
2/1/19	19:58:02	2047.05	4.0691	4.2951	3.6985	3.4445
2/1/19	19:58:03	2048.33	4.0679	4.2976	3.6973	3.4441
2/1/19	19:58:04	2049.72	4.0698	4.2972	3.699	3.443
2/1/19	19:58:06	2051.03	4.0673	4.2984	3.6979	3.4429
2/1/19	19:58:07	2052.53	4.0681	4.2968	3.6997	3.4435
2/1/19	19:58:08	2053.89	4.0678	4.2972	3.6991	3.4439
2/1/19	19:58:10	2055.16	4.0691	4.2972	3.6994	3.4442
2/1/19	19:58:11	2056.45	4.0684	4.2993	3.7004	3.4448
2/1/19	19:58:12	2057.98	4.0654	4.2998	3.7009	3.4453
2/1/19	19:58:14	2059.2	4.0646	4.2988	3.7024	3.4447
2/1/19	19:58:15	2060.42	4.0632	4.298	3.7026	3.4449
2/1/19	19:58:16	2061.94	4.0641	4.2968	3.7034	3.4456
2/1/19	19:58:18	2063.34	4.0665	4.2977	3.7017	3.4471
2/1/19	19:58:19	2064.5	4.0686	4.2984	3.7027	3.4481
2/1/19	19:58:20	2065.83	4.0688	4.3012	3.7032	3.448
2/1/19	19:58:22	2067.31	4.067	4.3003	3.7048	3.4471
2/1/19	19:58:23	2068.91	4.0657	4.3029	3.7051	3.4473
2/1/19	19:58:25	2070.23	4.0653	4.3038	3.7069	3.4482
2/1/19	19:58:26	2071.53	4.0636	4.3053	3.708	3.4481
2/1/19	19:58:27	2072.81	4.0649	4.3034	3.7087	3.449
2/1/19	19:58:29	2074.27	4.0656	4.3019	3.7097	3.4488
2/1/19	19:58:30	2075.56	4.0671	4.3024	3.7106	3.4501
2/1/19	19:58:31	2076.84	4.0668	4.3033	3.7104	3.45
2/1/19	19:58:33	2078.2	4.067	4.3038	3.7098	3.4508
2/1/19	19:58:34	2079.59	4.0693	4.3042	3.7075	3.4503
2/1/19	19:58:35	2081	4.0695	4.3048	3.7079	3.4496
2/1/19	19:58:37	2082.25	4.0679	4.3053	3.7094	3.4493
2/1/19	19:58:38	2083.58	4.0644	4.3052	3.7132	3.451
2/1/19	19:58:40	2085.16	4.0618	4.3058	3.7142	3.4511
2/1/19	19:58:41	2086.41	4.0616	4.305	3.716	3.452
2/1/19	19:58:42	2087.87	4.0625	4.3053	3.7163	3.451
2/1/19	19:58:44	2089.08	4.0616	4.3069	3.717	3.45
2/1/19	19:58:45	2090.59	4.0612	4.3098	3.7156	3.45
2/1/19	19:58:47	2092.05	4.0603	4.3113	3.7159	3.4508
2/1/19	19:58:48	2093.48	4.0605	4.3102	3.7163	3.4517
2/1/19	19:58:49	2094.77	4.0609	4.3095	3.7171	3.4519
2/1/19	19:58:51	2096.06	4.0599	4.3083	3.7189	3.4527
2/1/19	19:58:52	2097.34	4.0611	4.3075	3.72	3.4539
2/1/19	19:58:53	2098.64	4.0616	4.3072	3.7213	3.4557
2/1/19	19:58:54	2099.89	4.0624	4.3065	3.7212	3.4551
2/1/19	19:58:56	2101.22	4.0621	4.3077	3.7229	3.4553
2/1/19	19:58:57	2102.55	4.0596	4.3096	3.724	3.4551
2/1/19	19:58:58	2103.75	4.0582	4.3118	3.725	3.4565
2/1/19	19:59:00	2105.37	4.0586	4.3115	3.7256	3.4574
2/1/19	19:59:01	2106.62	4.06	4.3103	3.725	3.4565
2/1/19	19:59:03	2108.17	4.0609	4.3109	3.7259	3.4552
2/1/19	19:59:04	2109.48	4.06	4.3124	3.7245	3.4545
2/1/19	19:59:05	2110.83	4.0606	4.3132	3.7256	3.4557
2/1/19	19:59:07	2112.2	4.061	4.3139	3.7264	3.4572
2/1/19	19:59:08	2113.47	4.0624	4.3136	3.7305	3.458
2/1/19	19:59:09	2114.8	4.0617	4.3136	3.7339	3.4567
2/1/19	19:59:11	2116.11	4.0628	4.3137	3.7357	3.4566
2/1/19	19:59:12	2117.45	4.0611	4.314	3.7355	3.4564
2/1/19	19:59:13	2118.73	4.0617	4.3148	3.7359	3.4573
2/1/19	19:59:15	2120.06	4.0608	4.3155	3.7367	3.4576
2/1/19	19:59:16	2121.44	4.0599	4.316	3.7381	3.4574
2/1/19	19:59:17	2122.69	4.0595	4.3166	3.7381	3.4572
2/1/19	19:59:18	2124	4.0596	4.3164	3.7389	3.4568
2/1/19	19:59:20	2125.58	4.0606	4.3174	3.7382	3.4576
2/1/19	19:59:22	2127.09	4.0608	4.3189	3.7396	3.4587
2/1/19	19:59:23	2128.33	4.06	4.319	3.7412	3.4606
2/1/19	19:59:24	2129.73	4.0603	4.3197	3.7437	3.4617
2/1/19	19:59:26	2131.03	4.0575	4.3193	3.7437	3.4616
2/1/19	19:59:27	2132.5	4.0578	4.3201	3.7439	3.4608
2/1/19	19:59:28	2133.92	4.0591	4.3211	3.7438	3.462
2/1/19	19:59:30	2135.19	4.0611	4.3205	3.7451	3.4618
2/1/19	19:59:31	2136.53	4.0595	4.3209	3.7447	3.4626
2/1/19	19:59:32	2137.87	4.0585	4.3204	3.7448	3.4611
2/1/19	19:59:34	2139.17	4.0575	4.3212	3.7446	3.4621
2/1/19	19:59:35	2140.64	4.0582	4.3205	3.7453	3.4612
2/1/19	19:59:36	2141.87	4.0573	4.3198	3.746	3.463
2/1/19	19:59:38	2143.08	4.0569	4.3205	3.7468	3.4639
2/1/19	19:59:39	2144.5	4.0582	4.3218	3.7464	3.4657
2/1/19	19:59:40	2145.83	4.0577	4.323	3.7479	3.4645
2/1/19	19:59:42	2147.22	4.0586	4.3228	3.7474	3.4638
2/1/19	19:59:43	2148.58	4.0577	4.3234	3.7482	3.4629
2/1/19	19:59:44	2149.91	4.0588	4.3245	3.7485	3.4637
2/1/19	19:59:46	2151.14	4.0582	4.3249	3.7498	3.4645
2/1/19	19:59:47	2152.55	4.0567	4.3246	3.7505	3.465
2/1/19	19:59:48	2153.8	4.0563	4.3246	3.7493	3.4653
2/1/19	19:59:50	2155.11	4.0558	4.3243	3.75	3.4639
2/1/19	19:59:51	2156.55	4.057	4.3249	3.7512	3.4637
2/1/19	19:59:53	2158.06	4.0549	4.3247	3.7522	3.4643
2/1/19	19:59:54	2159.31	4.0554	4.3272	3.7527	3.4667
2/1/19	19:59:55	2160.56	4.0535	4.3286	3.7526	3.4673
2/1/19	19:59:56	2161.89	4.0541	4.3294	3.7536	3.4677
2/1/19	19:59:58	2163.31	4.0553	4.3295	3.7536	3.4669
2/1/19	19:59:59	2164.55	4.0538	4.3299	3.7546	3.4673
2/1/19	20:00:01	2166.09	4.0535	4.3308	3.7549	3.4668
2/1/19	20:00:02	2167.36	4.0548	4.3313	3.7554	3.468
2/1/19	20:00:03	2168.69	4.0569	4.3314	3.7547	3.4692
2/1/19	20:00:04	2169.87	4.0569	4.3317	3.7547	3.4696
2/1/19	20:00:06	2171.37	4.0544	4.3312	3.7547	3.4684
2/1/19	20:00:07	2172.69	4.0568	4.3316	3.7554	3.4681
2/1/19	20:00:09	2174.12	4.0572	4.3332	3.7558	3.4702
2/1/19	20:00:10	2175.42	4.0546	4.3354	3.7562	3.4724
2/1/19	20:00:11	2176.72	4.0533	4.3357	3.7576	3.4734
2/1/19	20:00:13	2178.09	4.0535	4.3361	3.7596	3.4727
2/1/19	20:00:14	2179.27	4.0539	4.3332	3.7605	3.4726
2/1/19	20:00:15	2180.59	4.0525	4.3334	3.7609	3.4726
2/1/19	20:00:16	2181.84	4.0518	4.3332	3.762	3.4722
2/1/19	20:00:18	2183.22	4.0554	4.3362	3.7641	3.4724
2/1/19	20:00:19	2184.61	4.0553	4.3379	3.7652	3.4742
2/1/19	20:00:20	2186	4.0556	4.338	3.7658	3.4751
2/1/19	20:00:22	2187.3	4.0511	4.3373	3.7661	3.475
2/1/19	20:00:23	2188.64	4.0516	4.3386	3.7659	3.4735
2/1/19	20:00:25	2190.12	4.0535	4.3388	3.7661	3.4736
2/1/19	20:00:26	2191.33	4.0558	4.3397	3.7667	3.475
2/1/19	20:00:27	2192.75	4.0558	4.3384	3.7674	3.4753
2/1/19	20:00:28	2194	4.0528	4.3375	3.7663	3.4758
2/1/19	20:00:30	2195.42	4.0514	4.3372	3.766	3.4774
2/1/19	20:00:31	2196.78	4.0508	4.3377	3.7664	3.4777
2/1/19	20:00:33	2198.12	4.0527	4.3384	3.7678	3.4787
2/1/19	20:00:34	2199.34	4.052	4.3389	3.7682	3.4776
2/1/19	20:00:35	2200.69	4.0532	4.3388	3.7685	3.4785
2/1/19	20:00:37	2202.05	4.0511	4.3399	3.7685	3.4792
2/1/19	20:00:38	2203.42	4.0537	4.3425	3.7686	3.4802
2/1/19	20:00:39	2204.64	4.052	4.3446	3.7698	3.4807
2/1/19	20:00:41	2206.05	4.0541	4.3468	3.7703	3.4795
2/1/19	20:00:42	2207.36	4.051	4.3453	3.7719	3.4795
2/1/19	20:00:43	2208.64	4.0508	4.3443	3.772	3.4786
2/1/19	20:00:45	2210.03	4.0479	4.3443	3.7744	3.4799
2/1/19	20:00:46	2211.25	4.0506	4.3458	3.7741	3.4785
2/1/19	20:00:47	2212.61	4.0502	4.3473	3.774	3.48
2/1/19	20:00:48	2213.95	4.0523	4.3473	3.7729	3.4804
2/1/19	20:00:50	2215.37	4.0495	4.347	3.7725	3.4829
2/1/19	20:00:51	2217.02	4.0503	4.347	3.7733	3.4826
2/1/19	20:00:53	2218.36	4.0519	4.347	3.7746	3.4827
2/1/19	20:00:54	2219.58	4.0529	4.3487	3.7765	3.4826
2/1/19	20:00:55	2221.02	4.0527	4.3483	3.7772	3.4837
2/1/19	20:00:57	2222.5	4.0497	4.351	3.778	3.4853
2/1/19	20:00:58	2223.94	4.0503	4.3508	3.7771	3.485
2/1/19	20:01:00	2225.31	4.0516	4.3513	3.7777	3.4841
2/1/19	20:01:01	2226.56	4.052	4.3508	3.7768	3.4828
2/1/19	20:01:02	2227.95	4.0522	4.3527	3.7796	3.4821
2/1/19	20:01:04	2229.3	4.0508	4.3555	3.78	3.4826
2/1/19	20:01:05	2230.61	4.0514	4.3555	3.7819	3.4842
2/1/19	20:01:06	2231.94	4.0515	4.3532	3.7829	3.4856
2/1/19	20:01:08	2233.27	4.0523	4.352	3.7841	3.4856
2/1/19	20:01:09	2234.73	4.0519	4.3516	3.7842	3.484
2/1/19	20:01:11	2236.17	4.0498	4.3534	3.7849	3.4843
2/1/19	20:01:12	2237.48	4.051	4.3559	3.7849	3.4853
2/1/19	20:01:13	2238.89	4.0509	4.3579	3.785	3.487
2/1/19	20:01:15	2240.19	4.0536	4.3579	3.786	3.4869
2/1/19	20:01:16	2241.7	4.0512	4.356	3.7874	3.4875
2/1/19	20:01:17	2242.91	4.0523	4.3561	3.789	3.4885
2/1/19	20:01:19	2244.31	4.0515	4.3569	3.7892	3.4897
2/1/19	20:01:20	2245.58	4.051	4.3576	3.79	3.4902
2/1/19	20:01:21	2246.83	4.0484	4.3564	3.7889	3.4901
2/1/19	20:01:23	2248.11	4.0452	4.3569	3.7888	3.4917
2/1/19	20:01:24	2249.58	4.0456	4.359	3.7888	3.4912
2/1/19	20:01:25	2250.87	4.046	4.36	3.7906	3.49
2/1/19	20:01:27	2252.19	4.0477	4.3612	3.7909	3.4883
2/1/19	20:01:28	2253.58	4.0483	4.3608	3.7927	3.489
2/1/19	20:01:29	2254.89	4.0493	4.3609	3.7933	3.4905
2/1/19	20:01:31	2256.25	4.0497	4.3597	3.7945	3.4914
2/1/19	20:01:32	2257.53	4.0478	4.3596	3.7941	3.4923
2/1/19	20:01:33	2258.91	4.0466	4.3612	3.7952	3.492
2/1/19	20:01:35	2260.2	4.046	4.3614	3.7957	3.4922
2/1/19	20:01:36	2261.55	4.0464	4.3615	3.7971	3.4924
2/1/19	20:01:37	2262.89	4.0474	4.3605	3.7974	3.4918
2/1/19	20:01:39	2264.19	4.0472	4.3602	3.799	3.4921
2/1/19	20:01:40	2265.64	4.0455	4.3601	3.7989	3.4927
2/1/19	20:01:42	2267.06	4.044	4.3602	3.8002	3.4934
2/1/19	20:01:43	2268.33	4.0443	4.3622	3.8005	3.4938
2/1/19	20:01:44	2269.75	4.0473	4.3616	3.8008	3.493
2/1/19	20:01:46	2271.31	4.0503	4.3631	3.8018	3.4943
2/1/19	20:01:47	2272.59	4.0515	4.363	3.8025	3.4945
2/1/19	20:01:48	2273.78	4.0494	4.3656	3.8043	3.4957
2/1/19	20:01:50	2275.05	4.0461	4.3654	3.8041	3.4961
2/1/19	20:01:51	2276.33	4.0439	4.3655	3.8033	3.4955
2/1/19	20:01:52	2277.62	4.0459	4.3642	3.8034	3.4957
2/1/19	20:01:54	2279.06	4.0474	4.3647	3.8057	3.4956
2/1/19	20:01:55	2280.37	4.048	4.366	3.807	3.4974
2/1/19	20:01:56	2281.72	4.0462	4.3688	3.807	3.4983
2/1/19	20:01:58	2283.23	4.0441	4.3683	3.806	3.4998
2/1/19	20:01:59	2284.72	4.0441	4.3685	3.807	3.4987
2/1/19	20:02:00	2286.02	4.0445	4.3674	3.8093	3.4986
2/1/19	20:02:02	2287.3	4.0455	4.3687	3.8097	3.498
2/1/19	20:02:03	2288.55	4.0463	4.3683	3.8116	3.4998
2/1/19	20:02:04	2289.83	4.0481	4.3678	3.8126	3.5007
2/1/19	20:02:06	2291.16	4.0476	4.3677	3.8157	3.5
2/1/19	20:02:07	2292.52	4.0463	4.3687	3.8155	3.4999
2/1/19	20:02:08	2293.92	4.0442	4.3719	3.8156	3.4996
2/1/19	20:02:10	2295.42	4.0438	4.3728	3.8153	3.5012
2/1/19	20:02:11	2297	4.0451	4.3725	3.8168	3.5023
2/1/19	20:02:13	2298.42	4.0467	4.3706	3.8197	3.5035
2/1/19	20:02:14	2299.75	4.0496	4.3718	3.82	3.5029
2/1/19	20:02:16	2301.19	4.0482	4.3724	3.8218	3.5029
2/1/19	20:02:17	2302.5	4.0469	4.3729	3.8225	3.5018
2/1/19	20:02:18	2303.78	4.0447	4.3714	3.8241	3.5027
2/1/19	20:02:20	2305.28	4.0455	4.3723	3.8258	3.5036
2/1/19	20:02:21	2306.69	4.0463	4.3724	3.8263	3.5042
2/1/19	20:02:22	2307.78	4.0464	4.3745	3.8276	3.505
2/1/19	20:02:24	2309.31	4.0446	4.3754	3.8284	3.5033
2/1/19	20:02:25	2310.48	4.045	4.3743	3.8301	3.5043
2/1/19	20:02:26	2311.89	4.0465	4.3738	3.8315	3.5053
2/1/19	20:02:28	2313.22	4.0501	4.3735	3.832	3.5059
2/1/19	20:02:29	2314.55	4.0489	4.3775	3.8324	3.5052
2/1/19	20:02:31	2316.05	4.0484	4.379	3.8332	3.5054
2/1/19	20:02:32	2317.41	4.0463	4.3802	3.8325	3.507
2/1/19	20:02:33	2318.7	4.0465	4.3814	3.8332	3.5076
2/1/19	20:02:34	2319.95	4.0475	4.3808	3.833	3.5067
2/1/19	20:02:36	2321.28	4.0487	4.3803	3.8349	3.5079
2/1/19	20:02:37	2322.62	4.0473	4.3789	3.8337	3.5079
2/1/19	20:02:39	2324.08	4.0466	4.3792	3.8356	3.5082
2/1/19	20:02:40	2325.34	4.0454	4.38	3.8362	3.5065
2/1/19	20:02:41	2326.58	4.0448	4.3787	3.8378	3.508
2/1/19	20:02:42	2327.86	4.0446	4.3785	3.8373	3.5077
2/1/19	20:02:44	2329.31	4.0461	4.3794	3.8381	3.5092
2/1/19	20:02:45	2330.62	4.049	4.3804	3.8416	3.5079
2/1/19	20:02:47	2332.19	4.0461	4.3808	3.8433	3.509
2/1/19	20:02:48	2333.59	4.0446	4.3793	3.847	3.5082
2/1/19	20:02:49	2334.91	4.0421	4.3794	3.8461	3.5096
2/1/19	20:02:51	2336.58	4.0454	4.3818	3.8485	3.51
2/1/19	20:02:52	2337.94	4.0433	4.3822	3.846	3.5102
2/1/19	20:02:54	2339.16	4.0421	4.384	3.8473	3.5108
2/1/19	20:02:55	2340.44	4.041	4.3822	3.8471	3.512
2/1/19	20:02:56	2341.75	4.0431	4.3825	3.8497	3.5139
2/1/19	20:02:58	2343.05	4.0452	4.3819	3.8504	3.5141
2/1/19	20:02:59	2344.58	4.0463	4.3844	3.8513	3.5147
2/1/19	20:03:00	2345.83	4.0464	4.3854	3.8515	3.5147
2/1/19	20:03:02	2347.25	4.045	4.385	3.8525	3.514
2/1/19	20:03:03	2348.58	4.0438	4.3842	3.8532	3.5137
2/1/19	20:03:04	2349.86	4.0425	4.386	3.8539	3.514
2/1/19	20:03:06	2351.25	4.0463	4.3868	3.8542	3.5161
2/1/19	20:03:07	2352.53	4.0465	4.3868	3.8566	3.5162
2/1/19	20:03:08	2353.77	4.0492	4.3857	3.8588	3.517
2/1/19	20:03:10	2355.03	4.0459	4.3855	3.8618	3.5169
2/1/19	20:03:11	2356.75	4.0459	4.3848	3.8616	3.5181
2/1/19	20:03:13	2358.05	4.0426	4.386	3.863	3.5177
2/1/19	20:03:14	2359.48	4.0425	4.3867	3.8617	3.5181
2/1/19	20:03:15	2360.72	4.0429	4.3885	3.8605	3.5181
2/1/19	20:03:17	2362.06	4.0466	4.3885	3.8601	3.5191
2/1/19	20:03:18	2363.34	4.0469	4.3891	3.8602	3.5189
2/1/19	20:03:19	2364.66	4.0456	4.39	3.8647	3.519
2/1/19	20:03:20	2365.95	4.0441	4.3889	3.8655	3.5169
2/1/19	20:03:22	2367.25	4.0438	4.3887	3.8692	3.518
2/1/19	20:03:23	2368.69	4.0438	4.3883	3.8678	3.5178
2/1/19	20:03:25	2370.19	4.0427	4.3893	3.8695	3.5203
2/1/19	20:03:26	2371.45	4.0448	4.3908	3.869	3.5206
2/1/19	20:03:27	2372.7	4.0454	4.3903	3.871	3.5223
2/1/19	20:03:29	2374.16	4.0454	4.3907	3.8708	3.5232
2/1/19	20:03:30	2375.56	4.0444	4.3893	3.8728	3.5239
2/1/19	20:03:31	2376.95	4.0423	4.3902	3.8723	3.5244
2/1/19	20:03:33	2378.39	4.0417	4.3915	3.8731	3.5238
2/1/19	20:03:34	2379.66	4.0426	4.3935	3.8721	3.5232
2/1/19	20:03:36	2381.23	4.0435	4.3954	3.8738	3.5227
2/1/19	20:03:37	2382.5	4.0464	4.3935	3.8744	3.5233
2/1/19	20:03:38	2383.7	4.0454	4.3926	3.8762	3.5241
2/1/19	20:03:40	2385.94	4.0459	4.3898	3.8748	3.5237
2/1/19	20:03:42	2387.09	4.0442	4.3901	3.8761	3.5244
2/1/19	20:03:43	2388.44	4.0435	4.3904	3.8766	3.525
2/1/19	20:03:44	2389.77	4.0437	4.3913	3.8777	3.5277
2/1/19	20:03:46	2391.31	4.0429	4.394	3.8789	3.527
2/1/19	20:03:47	2392.62	4.0427	4.393	3.8791	3.528
2/1/19	20:03:48	2393.91	4.0454	4.3925	3.8813	3.5272
2/1/19	20:03:50	2395.08	4.0475	4.3899	3.8819	3.5285
2/1/19	20:03:51	2396.3	4.0476	4.3913	3.8826	3.5283
2/1/19	20:03:52	2397.59	4.0441	4.3919	3.8833	3.5289
2/1/19	20:03:53	2398.8	4.0416	4.393	3.8827	3.5292
2/1/19	20:03:55	2400.11	4.0406	4.3926	3.884	3.5305
2/1/19	20:03:57	2402.14	4.0424	4.3934	3.885	3.529