Date	Time (HH:MM:SS)	Time (s)	Ch1	Ch2	Ch3	Ch4
1/27/2019	14:35:14	0	4.3481	4.4336	4.3739	4.4456
1/27/2019	14:35:17	3.45	4.3502	4.4315	4.375	4.4451
1/27/2019	14:35:19	5.08	4.3508	4.4309	4.3735	4.4428
1/27/2019	14:35:20	6.41	4.3524	4.4324	4.3742	4.4407
1/27/2019	14:35:22	7.69	4.355	4.4324	4.3759	4.4399
1/27/2019	14:35:23	9.02	4.3561	4.4312	4.374	4.4402
1/27/2019	14:35:24	10.2	4.3585	4.4317	4.3731	4.4404
1/27/2019	14:35:26	11.66	4.3569	4.4304	4.3702	4.4406
1/27/2019	14:35:27	12.89	4.3532	4.4317	4.3705	4.4402
1/27/2019	14:35:28	14.27	4.3519	4.4314	4.3701	4.4368
1/27/2019	14:35:29	15.41	4.3494	4.4319	4.3719	4.4354
1/27/2019	14:35:31	16.89	4.3507	4.4324	4.3712	4.4372
1/27/2019	14:35:32	18.17	4.349	4.434	4.3719	4.4391
1/27/2019	14:35:34	19.5	4.3501	4.4338	4.3716	4.441
1/27/2019	14:35:35	20.91	4.3487	4.433	4.3733	4.4392
1/27/2019	14:35:37	22.67	4.3506	4.4314	4.374	4.4382
1/27/2019	14:35:38	24.19	4.3483	4.4314	4.3733	4.434
1/27/2019	14:35:40	25.77	4.3459	4.4324	4.3728	4.4338
1/27/2019	14:35:41	27.36	4.3429	4.4321	4.3722	4.4338
1/27/2019	14:35:43	28.86	4.3424	4.4309	4.3725	4.4336
1/27/2019	14:35:44	30.25	4.3413	4.4289	4.3724	4.4319
1/27/2019	14:35:46	31.7	4.3414	4.4254	4.3715	4.4311
1/27/2019	14:35:47	33.25	4.3403	4.4254	4.3708	4.4311
1/27/2019	14:35:49	34.78	4.3412	4.4261	4.3711	4.4319
1/27/2019	14:35:50	36.34	4.3405	4.4289	4.3712	4.4326
1/27/2019	14:35:52	37.89	4.3363	4.4296	4.3721	4.4339
1/27/2019	14:35:54	39.89	4.3337	4.4317	4.3721	4.4346
1/27/2019	14:35:56	42.31	4.3318	4.434	4.372	4.4331
1/27/2019	14:35:58	44	4.3319	4.4352	4.3705	4.4341
1/27/2019	14:35:59	45.44	4.3365	4.4351	4.3694	4.4295
1/27/2019	14:36:01	46.52	4.337	4.4326	4.3696	4.4285
1/27/2019	14:36:02	47.72	4.342	4.4304	4.37	4.4262
1/27/2019	14:36:03	48.98	4.3398	4.4286	4.3705	4.4283
1/27/2019	14:36:04	50.36	4.3366	4.428	4.3676	4.4299
1/27/2019	14:36:06	51.52	4.3328	4.4289	4.3663	4.4303
1/27/2019	14:36:07	53.02	4.334	4.4276	4.3661	4.4305
1/27/2019	14:36:08	54.27	4.3347	4.4272	4.3683	4.4295
1/27/2019	14:36:09	55.41	4.332	4.4283	4.3708	4.43
1/27/2019	14:36:11	56.72	4.3273	4.4313	4.3711	4.4297
1/27/2019	14:36:12	58.22	4.3266	4.4335	4.3728	4.4282
1/27/2019	14:36:14	59.72	4.3296	4.4334	4.3717	4.4266
1/27/2019	14:36:15	61.27	4.3306	4.4341	4.3714	4.4268
1/27/2019	14:36:17	62.48	4.3318	4.4342	4.3694	4.4264
1/27/2019	14:36:18	63.83	4.3314	4.4359	4.3697	4.4268
1/27/2019	14:36:19	65.27	4.3323	4.4368	4.3694	4.4265
1/27/2019	14:36:21	66.56	4.33	4.4348	4.3718	4.4265
1/27/2019	14:36:22	68.09	4.3299	4.433	4.3728	4.4254
1/27/2019	14:36:23	69.31	4.3265	4.431	4.3714	4.4262
1/27/2019	14:36:25	70.87	4.3265	4.4317	4.3696	4.4254
1/27/2019	14:36:26	72.28	4.3225	4.4314	4.3686	4.4225
1/27/2019	14:36:28	73.7	4.3258	4.4306	4.3705	4.4217
1/27/2019	14:36:29	74.89	4.328	4.4302	4.3702	4.4218
1/27/2019	14:36:30	76.03	4.3311	4.4292	4.3697	4.423
1/27/2019	14:36:31	77.2	4.3296	4.4269	4.3688	4.4216
1/27/2019	14:36:32	78.36	4.3291	4.4275	4.3696	4.4216
1/27/2019	14:36:34	79.69	4.3276	4.428	4.3707	4.422
1/27/2019	14:36:35	81.08	4.3261	4.4296	4.3726	4.4216
1/27/2019	14:36:37	82.52	4.3214	4.43	4.3726	4.4225
1/27/2019	14:36:38	83.81	4.3198	4.4306	4.3717	4.4232
1/27/2019	14:36:39	85.02	4.3177	4.4299	4.3691	4.4234
1/27/2019	14:36:40	86.41	4.3177	4.43	4.3679	4.4245
1/27/2019	14:36:42	87.61	4.3176	4.4297	4.3668	4.4242
1/27/2019	14:36:43	89.14	4.3169	4.431	4.3696	4.4245
1/27/2019	14:36:44	90.34	4.3194	4.4303	4.3689	4.4228
1/27/2019	14:36:46	91.89	4.3201	4.4293	4.3696	4.4221
1/27/2019	14:36:47	93.02	4.3224	4.4289	4.3679	4.4236
1/27/2019	14:36:49	94.7	4.3203	4.4263	4.3704	4.4253
1/27/2019	14:36:50	95.95	4.3206	4.4261	4.3701	4.4257
1/27/2019	14:36:51	97.3	4.3227	4.4244	4.3704	4.424
1/27/2019	14:36:53	98.64	4.3213	4.4266	4.3687	4.4232
1/27/2019	14:36:54	99.75	4.317	4.4268	4.3691	4.4245
1/27/2019	14:36:55	101.08	4.3151	4.4275	4.367	4.4237
1/27/2019	14:36:56	102.41	4.3139	4.4271	4.3687	4.4232
1/27/2019	14:36:58	103.91	4.3172	4.4293	4.3681	4.4205
1/27/2019	14:36:59	105.19	4.3132	4.4325	4.3708	4.4208
1/27/2019	14:37:01	106.78	4.3154	4.4349	4.3714	4.4213
1/27/2019	14:37:02	107.89	4.3166	4.4331	4.3715	4.4228
1/27/2019	14:37:03	109.44	4.3186	4.4325	4.371	4.4234
1/27/2019	14:37:05	110.67	4.3166	4.431	4.37	4.4229
1/27/2019	14:37:06	111.83	4.3118	4.4321	4.3697	4.4228
1/27/2019	14:37:08	113.53	4.31	4.4315	4.3705	4.4224
1/27/2019	14:37:09	114.89	4.3118	4.4322	4.3705	4.4217
1/27/2019	14:37:10	116.19	4.3121	4.4339	4.3715	4.4222
1/27/2019	14:37:11	117.42	4.3168	4.437	4.3711	4.4217
1/27/2019	14:37:13	118.95	4.3151	4.4422	4.3698	4.4215
1/27/2019	14:37:14	120.06	4.3141	4.4442	4.3701	4.4215
1/27/2019	14:37:16	122	4.3104	4.4431	4.3705	4.4205
1/27/2019	14:37:18	123.64	4.3115	4.4403	4.3723	4.4218
1/27/2019	14:37:19	125	4.3138	4.4389	4.3732	4.4212
1/27/2019	14:37:20	126.25	4.3155	4.4377	4.3723	4.4222
1/27/2019	14:37:22	127.66	4.3152	4.4375	4.3719	4.4195
1/27/2019	14:37:23	128.81	4.3166	4.4353	4.3715	4.4213
1/27/2019	14:37:24	130.06	4.3115	4.4348	4.3726	4.4217
1/27/2019	14:37:25	131.36	4.31	4.432	4.3716	4.4229
1/27/2019	14:37:27	133.11	4.3069	4.4321	4.3729	4.4205
1/27/2019	14:37:28	134.33	4.3111	4.4327	4.3726	4.4196
1/27/2019	14:37:30	135.53	4.3114	4.4335	4.373	4.4201
1/27/2019	14:37:31	136.78	4.31	4.4366	4.3723	4.4221
1/27/2019	14:37:32	138.27	4.3087	4.4372	4.3719	4.423
1/27/2019	14:37:34	139.52	4.3076	4.4389	4.3739	4.4233
1/27/2019	14:37:35	140.81	4.308	4.4398	4.3747	4.4224
1/27/2019	14:37:36	141.95	4.3087	4.4418	4.3749	4.422
1/27/2019	14:37:37	143.17	4.3099	4.4432	4.374	4.4212
1/27/2019	14:37:39	144.75	4.3101	4.4414	4.3729	4.4197
1/27/2019	14:37:40	146.02	4.308	4.4408	4.3721	4.4202
1/27/2019	14:37:41	147.27	4.3082	4.4407	4.3723	4.4217
1/27/2019	14:37:42	148.42	4.308	4.4421	4.373	4.4236
1/27/2019	14:37:44	149.81	4.3077	4.4418	4.374	4.4264
1/27/2019	14:37:45	151.19	4.307	4.4443	4.3737	4.4256
1/27/2019	14:37:47	152.5	4.3049	4.4441	4.3719	4.4253
1/27/2019	14:37:48	153.72	4.3049	4.4448	4.3725	4.4234
1/27/2019	14:37:49	155.11	4.302	4.4442	4.3732	4.4237
1/27/2019	14:37:50	156.39	4.3042	4.4455	4.3744	4.4236
1/27/2019	14:37:52	157.95	4.3051	4.4474	4.3753	4.4224
1/27/2019	14:37:53	159.12	4.3068	4.4473	4.3751	4.423
1/27/2019	14:37:55	160.62	4.3057	4.4466	4.3764	4.4234
1/27/2019	14:37:56	161.95	4.3038	4.4443	4.374	4.4237
1/27/2019	14:37:57	163.31	4.3016	4.4416	4.3729	4.4236
1/27/2019	14:37:59	164.47	4.3013	4.4419	4.3718	4.4232
1/27/2019	14:38:00	165.84	4.2995	4.4417	4.3728	4.4236
1/27/2019	14:38:01	167.2	4.2986	4.4408	4.3728	4.4224
1/27/2019	14:38:03	168.73	4.2985	4.4395	4.3722	4.4209
1/27/2019	14:38:04	169.95	4.2962	4.4395	4.3714	4.4205
1/27/2019	14:38:06	171.5	4.2965	4.4411	4.3732	4.421
1/27/2019	14:38:07	172.8	4.2986	4.4428	4.3736	4.4236
1/27/2019	14:38:08	174.41	4.2991	4.4439	4.374	4.4248
1/27/2019	14:38:09	175.45	4.2984	4.4465	4.3726	4.4266
1/27/2019	14:38:11	176.91	4.296	4.447	4.3736	4.425
1/27/2019	14:38:12	178.27	4.3008	4.4484	4.374	4.4236
1/27/2019	14:38:14	179.78	4.301	4.4483	4.3737	4.4245
1/27/2019	14:38:15	180.98	4.3027	4.4483	4.3721	4.4256
1/27/2019	14:38:17	182.61	4.2981	4.4484	4.3726	4.4276
1/27/2019	14:38:19	184.7	4.297	4.4498	4.3723	4.4253
1/27/2019	14:38:20	186.08	4.2936	4.4494	4.373	4.425
1/27/2019	14:38:22	188.28	4.2946	4.4497	4.3742	4.4238
1/27/2019	14:38:23	189.31	4.2941	4.4476	4.3749	4.423
1/27/2019	14:38:25	190.61	4.2927	4.4497	4.3758	4.4237
1/27/2019	14:38:26	191.83	4.2911	4.4495	4.3751	4.4226
1/27/2019	14:38:27	193.17	4.2894	4.4498	4.3749	4.4237
1/27/2019	14:38:29	194.47	4.2903	4.4485	4.375	4.423
1/27/2019	14:38:30	196.39	4.2894	4.449	4.376	4.4233
1/27/2019	14:38:32	197.72	4.2905	4.4497	4.3774	4.4231
1/27/2019	14:38:33	199.41	4.2876	4.449	4.3763	4.4217
1/27/2019	14:38:35	200.8	4.2879	4.4494	4.3751	4.4233
1/27/2019	14:38:36	202.12	4.2875	4.4524	4.3755	4.4251
1/27/2019	14:38:38	203.53	4.289	4.4573	4.3747	4.4254
1/27/2019	14:38:39	204.78	4.2876	4.4566	4.3754	4.4239
1/27/2019	14:38:40	206.28	4.2858	4.4559	4.3765	4.4227
1/27/2019	14:38:41	207.44	4.2854	4.4529	4.38	4.4238
1/27/2019	14:38:43	208.98	4.2854	4.4556	4.3792	4.4247
1/27/2019	14:38:44	210.14	4.2855	4.4536	4.3777	4.4238
1/27/2019	14:38:46	211.91	4.2823	4.4517	4.3765	4.4238
1/27/2019	14:38:47	213	4.2831	4.4508	4.3777	4.4223
1/27/2019	14:38:49	214.5	4.2813	4.4515	4.3791	4.4238
1/27/2019	14:38:50	215.87	4.282	4.4518	4.3803	4.4259
1/27/2019	14:38:51	217.08	4.2805	4.4525	4.3796	4.4285
1/27/2019	14:38:52	218.36	4.2808	4.4515	4.3796	4.4275
1/27/2019	14:38:54	219.86	4.2805	4.4536	4.376	4.4279
1/27/2019	14:38:55	221.08	4.2813	4.4538	4.3763	4.4278
1/27/2019	14:38:57	222.58	4.2833	4.456	4.3739	4.4295
1/27/2019	14:38:58	223.75	4.2836	4.457	4.3753	4.4287
1/27/2019	14:38:59	225.19	4.2823	4.4565	4.3751	4.4286
1/27/2019	14:39:01	226.48	4.2794	4.4575	4.3757	4.4286
1/27/2019	14:39:02	227.98	4.2832	4.4582	4.3751	4.4301
1/27/2019	14:39:04	229.55	4.2811	4.4596	4.3753	4.4317
1/27/2019	14:39:05	230.89	4.2844	4.459	4.3751	4.4317
1/27/2019	14:39:06	232.19	4.2808	4.4556	4.3757	4.4299
1/27/2019	14:39:08	233.67	4.282	4.4525	4.3754	4.4283
1/27/2019	14:39:09	234.97	4.2823	4.4507	4.3775	4.4285
1/27/2019	14:39:10	236.42	4.2825	4.4507	4.3793	4.4262
1/27/2019	14:39:12	237.61	4.2816	4.4486	4.3803	4.4271
1/27/2019	14:39:13	238.87	4.2816	4.4463	4.3778	4.4265
1/27/2019	14:39:14	240	4.2833	4.4456	4.3775	4.4289
1/27/2019	14:39:15	241.44	4.2854	4.446	4.3746	4.4259
1/27/2019	14:39:17	242.91	4.2822	4.4477	4.3764	4.4269
1/27/2019	14:39:18	244.42	4.2793	4.4469	4.3747	4.4263
1/27/2019	14:39:20	245.5	4.2782	4.4475	4.3778	4.429
1/27/2019	14:39:21	246.66	4.2776	4.4462	4.3768	4.4279
1/27/2019	14:39:22	247.83	4.2786	4.4473	4.3788	4.429
1/27/2019	14:39:23	249.06	4.2794	4.4483	4.3775	4.4294
1/27/2019	14:39:25	250.61	4.2795	4.4483	4.3791	4.4318
1/27/2019	14:39:26	251.67	4.2792	4.449	4.3778	4.4331
1/27/2019	14:39:27	253.19	4.2739	4.4481	4.3783	4.4331
1/27/2019	14:39:29	254.5	4.2715	4.4496	4.3765	4.4337
1/27/2019	14:39:30	255.78	4.2695	4.4503	4.3771	4.4315
1/27/2019	14:39:31	257.06	4.2712	4.4508	4.3778	4.4339
1/27/2019	14:39:33	258.72	4.2718	4.4486	4.3798	4.4307
1/27/2019	14:39:34	259.92	4.2736	4.4483	4.3791	4.432
1/27/2019	14:39:35	261.34	4.2723	4.4483	4.3792	4.4289
1/27/2019	14:39:37	262.58	4.2708	4.449	4.3789	4.43
1/27/2019	14:39:38	264.06	4.2683	4.4459	4.3812	4.4297
1/27/2019	14:39:39	265.25	4.27	4.4446	4.3824	4.4298
1/27/2019	14:39:41	266.97	4.2704	4.4429	4.3813	4.4315
1/27/2019	14:39:43	268.56	4.2699	4.4441	4.3824	4.4329
1/27/2019	14:39:44	269.66	4.2683	4.446	4.3812	4.4341
1/27/2019	14:39:45	271.09	4.2669	4.4482	4.3801	4.4341
1/27/2019	14:39:46	272.23	4.2658	4.4491	4.3786	4.4334
1/27/2019	14:39:48	273.69	4.2658	4.4474	4.3782	4.4343
1/27/2019	14:39:49	274.84	4.2672	4.4466	4.3796	4.4314
1/27/2019	14:39:50	276.11	4.2669	4.4452	4.3782	4.4319
1/27/2019	14:39:51	277.28	4.2652	4.4448	4.3799	4.4318
1/27/2019	14:39:53	278.55	4.2633	4.4446	4.3814	4.4319
1/27/2019	14:39:54	279.98	4.2642	4.4459	4.3854	4.4311
1/27/2019	14:39:55	281.12	4.2656	4.4465	4.3859	4.431
1/27/2019	14:39:57	282.92	4.2683	4.4465	4.3858	4.4337
1/27/2019	14:39:59	284.52	4.2675	4.4455	4.3833	4.4339
1/27/2019	14:40:00	285.72	4.2647	4.4441	4.3842	4.4323
1/27/2019	14:40:01	287.22	4.2627	4.4442	4.384	4.4339
1/27/2019	14:40:02	288.44	4.2607	4.4453	4.384	4.4333
1/27/2019	14:40:04	289.81	4.2651	4.4448	4.3823	4.4355
1/27/2019	14:40:05	290.98	4.2683	4.4462	4.3831	4.4337
1/27/2019	14:40:06	292.23	4.2677	4.4448	4.382	4.4343
1/27/2019	14:40:08	293.5	4.2652	4.447	4.3818	4.4342
1/27/2019	14:40:09	294.73	4.2616	4.4456	4.38	4.4352
1/27/2019	14:40:10	295.86	4.2629	4.4456	4.3813	4.437
1/27/2019	14:40:11	297.06	4.2637	4.4443	4.3814	4.4383
1/27/2019	14:40:13	298.77	4.2633	4.4441	4.3833	4.4417
1/27/2019	14:40:14	300.2	4.2633	4.4439	4.3827	4.4403
1/27/2019	14:40:15	301.41	4.2626	4.4422	4.3817	4.4383
1/27/2019	14:40:17	302.86	4.2629	4.4423	4.3803	4.4348
1/27/2019	14:40:18	304.03	4.2624	4.4428	4.3821	4.4346
1/27/2019	14:40:20	305.58	4.2638	4.4463	4.3828	4.4364
1/27/2019	14:40:21	306.78	4.2626	4.4473	4.3838	4.4368
1/27/2019	14:40:22	308.11	4.2614	4.4483	4.3813	4.4383
1/27/2019	14:40:24	309.56	4.2577	4.4476	4.3804	4.4367
1/27/2019	14:40:25	310.97	4.2575	4.4483	4.3804	4.4367
1/27/2019	14:40:26	312.31	4.2589	4.4487	4.38	4.4364
1/27/2019	14:40:28	313.84	4.2594	4.4508	4.3802	4.439
1/27/2019	14:40:29	314.87	4.2573	4.4494	4.3804	4.4384
1/27/2019	14:40:31	316.61	4.2544	4.448	4.382	4.4391
1/27/2019	14:40:32	318.08	4.2525	4.4442	4.3824	4.437
1/27/2019	14:40:33	319.34	4.2536	4.4439	4.3803	4.4386
1/27/2019	14:40:35	320.81	4.2571	4.4436	4.3796	4.4384
1/27/2019	14:40:36	321.86	4.2585	4.4459	4.3799	4.4408
1/27/2019	14:40:37	323.42	4.2614	4.4477	4.3822	4.4383
1/27/2019	14:40:39	324.64	4.2571	4.4483	4.3851	4.4366
1/27/2019	14:40:40	326.06	4.2589	4.4472	4.3858	4.4346
1/27/2019	14:40:41	327.31	4.2554	4.4459	4.3877	4.4332
1/27/2019	14:40:43	328.92	4.2583	4.4466	4.3856	4.4363
1/27/2019	14:40:44	330.2	4.2539	4.4462	4.3859	4.4358
1/27/2019	14:40:46	332.36	4.2557	4.4464	4.3841	4.4396
1/27/2019	14:40:48	333.67	4.2553	4.4464	4.3855	4.4404
1/27/2019	14:40:49	335.03	4.2547	4.4484	4.387	4.4418
1/27/2019	14:40:51	336.53	4.2525	4.449	4.3879	4.4415
1/27/2019	14:40:52	337.91	4.2542	4.4496	4.3886	4.4407
1/27/2019	14:40:53	339.27	4.2557	4.449	4.3883	4.4407
1/27/2019	14:40:55	340.75	4.255	4.4494	4.3862	4.4408
1/27/2019	14:40:56	341.91	4.2539	4.4493	4.3841	4.4415
1/27/2019	14:40:57	343.34	4.2533	4.4491	4.3834	4.4408
1/27/2019	14:40:59	344.56	4.255	4.4498	4.3845	4.4411
1/27/2019	14:41:00	346.09	4.2493	4.4494	4.3855	4.4397
1/27/2019	14:41:01	347.19	4.2504	4.4488	4.3835	4.4415
1/27/2019	14:41:03	348.89	4.2468	4.448	4.3818	4.4423
1/27/2019	14:41:04	350.09	4.2495	4.448	4.3818	4.4446
1/27/2019	14:41:06	351.69	4.2457	4.45	4.3829	4.4454
1/27/2019	14:41:07	352.75	4.2451	4.4529	4.3838	4.4446
1/27/2019	14:41:08	354.31	4.2422	4.4543	4.3828	4.4432
1/27/2019	14:41:09	355.45	4.2415	4.4535	4.3835	4.4435
1/27/2019	14:41:11	356.91	4.2421	4.4509	4.3844	4.4447
1/27/2019	14:41:12	358.17	4.2422	4.4519	4.3869	4.4441
1/27/2019	14:41:14	359.56	4.2428	4.4532	4.3876	4.4443
1/27/2019	14:41:15	360.72	4.2423	4.4538	4.3887	4.4446
1/27/2019	14:41:16	362.44	4.2413	4.4535	4.3887	4.4444
1/27/2019	14:41:18	363.98	4.2402	4.4532	4.388	4.4427
1/27/2019	14:41:20	365.84	4.2384	4.4543	4.3862	4.4435
1/27/2019	14:41:21	367.09	4.2377	4.4558	4.3839	4.4452
1/27/2019	14:41:23	368.48	4.2362	4.457	4.3845	4.4466
1/27/2019	14:41:24	370	4.2362	4.455	4.3841	4.4443
1/27/2019	14:41:25	371.45	4.2358	4.4515	4.3845	4.4433
1/27/2019	14:41:27	372.7	4.2351	4.4491	4.3829	4.4441
1/27/2019	14:41:28	373.87	4.235	4.4489	4.3834	4.4449
1/27/2019	14:41:29	374.95	4.233	4.4506	4.386	4.4455
1/27/2019	14:41:30	376.19	4.2322	4.4532	4.3869	4.444
1/27/2019	14:41:31	377.41	4.231	4.4566	4.3883	4.4433
1/27/2019	14:41:33	378.73	4.2317	4.4594	4.3849	4.4432
1/27/2019	14:41:34	380.03	4.2354	4.4602	4.3852	4.4444
1/27/2019	14:41:35	381.36	4.2364	4.4604	4.3863	4.447
1/27/2019	14:41:37	382.7	4.2365	4.4591	4.389	4.4459
1/27/2019	14:41:38	383.98	4.2323	4.4589	4.3886	4.4451
1/27/2019	14:41:40	385.5	4.2319	4.4565	4.3886	4.4428
1/27/2019	14:41:41	386.67	4.231	4.4579	4.3874	4.4445
1/27/2019	14:41:42	387.86	4.2321	4.4579	4.3881	4.4443
1/27/2019	14:41:43	389.19	4.2312	4.4576	4.3881	4.4449
1/27/2019	14:41:45	390.53	4.2321	4.4542	4.3869	4.4455
1/27/2019	14:41:46	391.7	4.2303	4.4532	4.388	4.4471
1/27/2019	14:41:47	392.87	4.2301	4.4535	4.3881	4.4484
1/27/2019	14:41:48	394.12	4.2287	4.4546	4.3888	4.4477
1/27/2019	14:41:50	395.62	4.23	4.4557	4.3873	4.4476
1/27/2019	14:41:51	397.33	4.2313	4.456	4.3869	4.4464
1/27/2019	14:41:53	398.84	4.2322	4.4563	4.3886	4.4451
1/27/2019	14:41:54	400.05	4.2333	4.4539	4.3877	4.4448
1/27/2019	14:41:55	401.31	4.2322	4.4545	4.3871	4.4452
1/27/2019	14:41:57	402.84	4.2306	4.4574	4.3876	4.4477
1/27/2019	14:41:58	403.97	4.2282	4.4606	4.3907	4.4484
1/27/2019	14:41:59	405.41	4.227	4.463	4.3895	4.448
1/27/2019	14:42:01	406.64	4.2273	4.4604	4.3869	4.4459
1/27/2019	14:42:02	408.25	4.2267	4.4601	4.3845	4.4451
1/27/2019	14:42:03	409.45	4.2236	4.459	4.3864	4.4457
1/27/2019	14:42:05	410.66	4.2229	4.4591	4.3878	4.4476
1/27/2019	14:42:06	411.95	4.2229	4.4596	4.3884	4.4487
1/27/2019	14:42:07	413.34	4.2233	4.4581	4.3891	4.4483
1/27/2019	14:42:09	414.55	4.2247	4.4574	4.3893	4.4488
1/27/2019	14:42:10	416.09	4.2212	4.4573	4.391	4.4485
1/27/2019	14:42:11	417.28	4.2209	4.4574	4.389	4.4507
1/27/2019	14:42:13	418.83	4.2179	4.4557	4.3873	4.4487
1/27/2019	14:42:14	420.08	4.2196	4.454	4.3867	4.4485
1/27/2019	14:42:16	421.59	4.2181	4.4539	4.3877	4.4469
1/27/2019	14:42:17	422.86	4.2174	4.4559	4.3894	4.4472
1/27/2019	14:42:19	424.47	4.2179	4.4566	4.387	4.4476
1/27/2019	14:42:20	426.02	4.2197	4.4596	4.3861	4.4493
1/27/2019	14:42:21	427.2	4.2204	4.4622	4.3866	4.4501
1/27/2019	14:42:23	428.81	4.2207	4.4634	4.3884	4.4504
1/27/2019	14:42:24	430.16	4.2217	4.4618	4.3904	4.4488
1/27/2019	14:42:26	431.7	4.2214	4.4612	4.3911	4.4507
1/27/2019	14:42:27	432.97	4.2189	4.4618	4.3898	4.4515
1/27/2019	14:42:29	434.59	4.2172	4.4621	4.3898	4.4537
1/27/2019	14:42:30	435.83	4.2179	4.461	4.3881	4.4535
1/27/2019	14:42:31	437.02	4.2193	4.4591	4.3894	4.4529
1/27/2019	14:42:32	438.27	4.2207	4.4598	4.3897	4.4516
1/27/2019	14:42:33	439.42	4.2237	4.4598	4.3907	4.4523
1/27/2019	14:42:35	440.91	4.2236	4.4621	4.3914	4.4536
1/27/2019	14:42:36	442.12	4.2196	4.4608	4.3899	4.4562
1/27/2019	14:42:38	443.62	4.2144	4.4598	4.3929	4.456
1/27/2019	14:42:39	444.91	4.2145	4.4588	4.393	4.4537
1/27/2019	14:42:40	446.19	4.2174	4.4596	4.3952	4.4513
1/27/2019	14:42:42	447.58	4.2129	4.4596	4.3932	4.4508
1/27/2019	14:42:43	449.05	4.2112	4.4597	4.3932	4.4531
1/27/2019	14:42:44	450.12	4.2097	4.461	4.3933	4.454
1/27/2019	14:42:45	451.34	4.2156	4.4627	4.3939	4.4543
1/27/2019	14:42:47	452.7	4.2116	4.462	4.3932	4.4527
1/27/2019	14:42:48	453.91	4.2105	4.4611	4.3906	4.4511
1/27/2019	14:42:49	455.37	4.2084	4.4601	4.3908	4.4497
1/27/2019	14:42:50	456.42	4.2085	4.4611	4.3909	4.4494
1/27/2019	14:42:52	457.92	4.2063	4.4593	4.3921	4.4493
1/27/2019	14:42:53	459.11	4.2041	4.4586	4.3885	4.4513
1/27/2019	14:42:55	460.55	4.2069	4.4564	4.3894	4.4519
1/27/2019	14:42:56	461.77	4.2059	4.4564	4.3904	4.4537
1/27/2019	14:42:58	463.53	4.2054	4.4587	4.3937	4.4537
1/27/2019	14:42:59	464.81	4.2054	4.4613	4.3933	4.4537
1/27/2019	14:43:00	466.22	4.2065	4.4608	4.3926	4.4528
1/27/2019	14:43:02	467.7	4.2074	4.4614	4.3938	4.4531
1/27/2019	14:43:03	468.89	4.2056	4.4608	4.393	4.4537
1/27/2019	14:43:04	470.44	4.2062	4.4635	4.3913	4.454
1/27/2019	14:43:06	471.61	4.2063	4.4615	4.3885	4.4531
1/27/2019	14:43:07	473.02	4.2041	4.4612	4.3909	4.4535
1/27/2019	14:43:09	474.5	4.202	4.4594	4.393	4.4532
1/27/2019	14:43:10	475.86	4.1973	4.4597	4.3916	4.4518
1/27/2019	14:43:11	477.08	4.1981	4.461	4.3919	4.4537
1/27/2019	14:43:13	478.83	4.1994	4.4614	4.3933	4.4534
1/27/2019	14:43:14	480.06	4.2017	4.4627	4.3954	4.4547
1/27/2019	14:43:15	481.45	4.1988	4.4617	4.3947	4.4532
1/27/2019	14:43:17	482.77	4.1968	4.4625	4.3912	4.4549
1/27/2019	14:43:18	484.2	4.1933	4.4627	4.3919	4.4561
1/27/2019	14:43:19	485.37	4.194	4.4612	4.3899	4.4568
1/27/2019	14:43:21	486.5	4.1933	4.4622	4.3925	4.4569
1/27/2019	14:43:22	488.08	4.1953	4.462	4.3925	4.4559
1/27/2019	14:43:23	489.23	4.1939	4.4645	4.3946	4.4571
1/27/2019	14:43:24	490.45	4.1916	4.4662	4.3935	4.456
1/27/2019	14:43:26	491.72	4.1897	4.4647	4.3927	4.4555
1/27/2019	14:43:27	492.86	4.192	4.4637	4.3912	4.4538
1/27/2019	14:43:28	494.45	4.1931	4.4612	4.3909	4.4546
1/27/2019	14:43:30	495.56	4.1934	4.462	4.3929	4.4553
1/27/2019	14:43:31	497.02	4.1921	4.4621	4.3936	4.4538
1/27/2019	14:43:32	498.22	4.1927	4.4635	4.3935	4.4538
1/27/2019	14:43:34	499.72	4.1931	4.4638	4.3932	4.4521
1/27/2019	14:43:35	500.92	4.19	4.4654	4.393	4.455
1/27/2019	14:43:37	502.48	4.1891	4.4646	4.3944	4.4563
1/27/2019	14:43:38	503.73	4.1895	4.4648	4.3925	4.4579
1/27/2019	14:43:39	505.34	4.1923	4.4641	4.3926	4.4545
1/27/2019	14:43:41	506.59	4.1905	4.4648	4.3933	4.453
1/27/2019	14:43:42	508.16	4.1867	4.4662	4.3954	4.4545
1/27/2019	14:43:43	509.27	4.1829	4.4655	4.396	4.456
1/27/2019	14:43:45	510.48	4.1818	4.4674	4.3947	4.4557
1/27/2019	14:43:46	511.64	4.1834	4.4662	4.3943	4.4542
1/27/2019	14:43:47	513.17	4.1858	4.4681	4.3943	4.4558
1/27/2019	14:43:48	514.3	4.188	4.4663	4.397	4.4581
1/27/2019	14:43:50	515.77	4.1851	4.469	4.3971	4.4588
1/27/2019	14:43:51	517.02	4.1839	4.468	4.3973	4.4595
1/27/2019	14:43:53	518.62	4.1821	4.4683	4.3964	4.4576
1/27/2019	14:43:54	520.17	4.1832	4.4669	4.3973	4.4596
1/27/2019	14:43:55	521.34	4.1825	4.4669	4.3956	4.4593
1/27/2019	14:43:57	522.95	4.1834	4.4683	4.3946	4.4589
1/27/2019	14:43:58	524.19	4.1852	4.4672	4.3942	4.4581
1/27/2019	14:44:00	525.73	4.1851	4.4699	4.3981	4.4569
1/27/2019	14:44:01	526.92	4.1829	4.4695	4.3985	4.458
1/27/2019	14:44:02	528.36	4.1817	4.4715	4.3981	4.4596
1/27/2019	14:44:04	529.5	4.1818	4.4717	4.3963	4.4601
1/27/2019	14:44:05	531.11	4.1836	4.4716	4.3963	4.46
1/27/2019	14:44:06	532.25	4.1827	4.4729	4.3975	4.4574
1/27/2019	14:44:08	533.58	4.1817	4.4697	4.3984	4.4565
1/27/2019	14:44:09	535.05	4.1821	4.47	4.3966	4.4578
1/27/2019	14:44:11	536.62	4.1826	4.4707	4.3968	4.4604
1/27/2019	14:44:12	537.87	4.1822	4.4724	4.3942	4.4609
1/27/2019	14:44:13	539.44	4.1762	4.4736	4.3944	4.4597
1/27/2019	14:44:15	540.64	4.175	4.4728	4.3933	4.4588
1/27/2019	14:44:16	542.23	4.1727	4.4753	4.3947	4.4588
1/27/2019	14:44:18	543.47	4.1753	4.4741	4.3967	4.4582
1/27/2019	14:44:19	545	4.1746	4.4757	4.3978	4.4585
1/27/2019	14:44:20	546.16	4.1757	4.4763	4.3989	4.4601
1/27/2019	14:44:22	547.61	4.1749	4.4773	4.3978	4.4612
1/27/2019	14:44:23	548.75	4.1726	4.4783	4.397	4.4607
1/27/2019	14:44:24	550.2	4.1732	4.478	4.3965	4.46
1/27/2019	14:44:25	551.39	4.1727	4.4774	4.3971	4.4611
1/27/2019	14:44:27	552.59	4.1763	4.4768	4.3975	4.4609
1/27/2019	14:44:28	554.28	4.1749	4.4784	4.3975	4.4611
1/27/2019	14:44:30	555.55	4.1744	4.479	4.397	4.4604
1/27/2019	14:44:31	556.92	4.1711	4.4784	4.398	4.4589
1/27/2019	14:44:32	558.42	4.171	4.4754	4.3987	4.4586
1/27/2019	14:44:34	559.64	4.1694	4.475	4.4002	4.4578
1/27/2019	14:44:35	561.09	4.1687	4.4736	4.3984	4.4605
1/27/2019	14:44:36	562.37	4.1658	4.4746	4.3999	4.4612
1/27/2019	14:44:38	563.53	4.167	4.4731	4.4008	4.4603
1/27/2019	14:44:39	564.73	4.1662	4.4736	4.4025	4.4585
1/27/2019	14:44:40	566.05	4.1664	4.4707	4.4015	4.4569
1/27/2019	14:44:41	567.41	4.1638	4.474	4.4005	4.4593
1/27/2019	14:44:43	568.59	4.1622	4.4727	4.3982	4.4613
1/27/2019	14:44:44	569.77	4.1649	4.4746	4.3991	4.4631
1/27/2019	14:44:45	570.91	4.1673	4.4724	4.4002	4.4634
1/27/2019	14:44:46	572.44	4.1709	4.473	4.402	4.4632
1/27/2019	14:44:48	573.59	4.1694	4.4726	4.4009	4.4616
1/27/2019	14:44:49	575.02	4.1676	4.4746	4.3992	4.4619
1/27/2019	14:44:50	576.44	4.1642	4.4771	4.3985	4.4611
1/27/2019	14:44:52	577.92	4.1652	4.4773	4.3981	4.4619
1/27/2019	14:44:53	579.09	4.1672	4.4753	4.3994	4.4608
1/27/2019	14:44:55	580.69	4.1703	4.4749	4.4001	4.4628
1/27/2019	14:44:56	581.72	4.1684	4.4729	4.4002	4.4638
1/27/2019	14:44:57	583.37	4.1668	4.475	4.3988	4.4637
1/27/2019	14:44:59	584.72	4.1634	4.4739	4.3981	4.4636
1/27/2019	14:45:00	585.94	4.1615	4.4773	4.3995	4.4636
1/27/2019	14:45:01	587.09	4.1585	4.4761	4.4012	4.4648
1/27/2019	14:45:02	588.36	4.1585	4.4747	4.4033	4.4629
1/27/2019	14:45:04	589.56	4.1621	4.4729	4.4023	4.4623
1/27/2019	14:45:05	590.8	4.1664	4.4709	4.4006	4.462
1/27/2019	14:45:06	592.33	4.1664	4.4701	4.3999	4.4644
1/27/2019	14:45:07	593.45	4.1636	4.4703	4.3996	4.4652
1/27/2019	14:45:09	594.7	4.1609	4.4713	4.4012	4.4624
1/27/2019	14:45:10	595.89	4.1607	4.4737	4.4008	4.4612
1/27/2019	14:45:11	597.09	4.1607	4.4714	4.3998	4.4608
1/27/2019	14:45:12	598.3	4.161	4.472	4.3989	4.4647
1/27/2019	14:45:14	599.86	4.1618	4.4712	4.3979	4.4645
1/27/2019	14:45:15	601.06	4.1613	4.4724	4.3985	4.4653
1/27/2019	14:45:17	602.67	4.1604	4.471	4.3992	4.4636
1/27/2019	14:45:18	603.73	4.1611	4.4707	4.4006	4.4622
1/27/2019	14:45:19	605.2	4.1615	4.4721	4.4049	4.4622
1/27/2019	14:45:20	606.34	4.1621	4.4727	4.4053	4.4632
1/27/2019	14:45:22	607.55	4.1607	4.4711	4.4054	4.4651
1/27/2019	14:45:23	608.73	4.1616	4.4709	4.4019	4.4645
1/27/2019	14:45:24	609.98	4.1597	4.4721	4.3985	4.4655
1/27/2019	14:45:26	611.5	4.1579	4.4719	4.3974	4.466
1/27/2019	14:45:27	612.61	4.1576	4.4709	4.3962	4.4645
1/27/2019	14:45:28	614.09	4.1605	4.4702	4.3999	4.4644
1/27/2019	14:45:29	615.39	4.162	4.4713	4.3992	4.4645
1/27/2019	14:45:31	617.05	4.1595	4.4703	4.4	4.4679
1/27/2019	14:45:32	618.22	4.1576	4.4675	4.3982	4.4679
1/27/2019	14:45:34	619.7	4.1576	4.4695	4.3989	4.4672
1/27/2019	14:45:35	620.94	4.1593	4.4696	4.4002	4.4647
1/27/2019	14:45:36	622.42	4.1601	4.4709	4.4008	4.4663
1/27/2019	14:45:38	623.69	4.1598	4.467	4.4005	4.4655
1/27/2019	14:45:39	625.12	4.1586	4.4672	4.4007	4.4683
1/27/2019	14:45:40	626.33	4.1576	4.4675	4.3999	4.466
1/27/2019	14:45:42	627.86	4.1601	4.4695	4.4005	4.4656
1/27/2019	14:45:43	629.17	4.1625	4.4703	4.3993	4.4645
1/27/2019	14:45:45	630.72	4.1659	4.4679	4.3995	4.4649
1/27/2019	14:45:46	631.86	4.1637	4.4662	4.4003	4.4667
1/27/2019	14:45:47	633.06	4.1594	4.4643	4.4006	4.4667
1/27/2019	14:45:48	634.25	4.157	4.4653	4.4023	4.4672
1/27/2019	14:45:49	635.37	4.154	4.4653	4.4022	4.4671
1/27/2019	14:45:51	636.61	4.155	4.4649	4.4029	4.4663
1/27/2019	14:45:52	638.06	4.1516	4.4629	4.4019	4.4657
1/27/2019	14:45:53	639.33	4.1522	4.4629	4.4022	4.4653
1/27/2019	14:45:55	640.92	4.1498	4.4622	4.4026	4.4665
1/27/2019	14:45:56	642.12	4.147	4.4653	4.4041	4.4674
1/27/2019	14:45:58	643.62	4.1458	4.4651	4.4038	4.4669
1/27/2019	14:45:59	644.77	4.1459	4.4659	4.4031	4.4667
1/27/2019	14:46:00	645.97	4.1471	4.4645	4.402	4.4663
1/27/2019	14:46:01	647.17	4.1466	4.4632	4.4014	4.4672
1/27/2019	14:46:02	648.39	4.1454	4.4643	4.3992	4.4668
1/27/2019	14:46:04	649.55	4.1436	4.4659	4.4003	4.4669
1/27/2019	14:46:05	651.08	4.1432	4.4678	4.4015	4.468
1/27/2019	14:46:06	652.2	4.1461	4.4685	4.403	4.4682
1/27/2019	14:46:08	653.67	4.149	4.4677	4.4007	4.4677
1/27/2019	14:46:09	654.91	4.1495	4.4665	4.4009	4.4657
1/27/2019	14:46:10	656.41	4.1462	4.4649	4.4015	4.4665
1/27/2019	14:46:12	657.55	4.1424	4.4656	4.4046	4.4657
1/27/2019	14:46:13	658.73	4.1422	4.4656	4.4036	4.4656
1/27/2019	14:46:14	660.02	4.1408	4.4665	4.4023	4.4652
1/27/2019	14:46:16	661.59	4.1435	4.4662	4.4015	4.4658
1/27/2019	14:46:17	663.28	4.1426	4.4667	4.4024	4.4672
1/27/2019	14:46:18	664.33	4.145	4.465	4.4037	4.468
1/27/2019	14:46:20	665.89	4.1407	4.4655	4.4041	4.4688
1/27/2019	14:46:21	667.12	4.1379	4.4673	4.4021	4.4703
1/27/2019	14:46:23	668.61	4.1372	4.4685	4.4027	4.4723
1/27/2019	14:46:24	669.75	4.1407	4.4678	4.401	4.4735
1/27/2019	14:46:25	671.23	4.1417	4.4665	4.4014	4.4738
1/27/2019	14:46:27	672.56	4.1388	4.4669	4.3997	4.4704
1/27/2019	14:46:28	674.08	4.1344	4.4658	4.4014	4.4723
1/27/2019	14:46:29	675.11	4.132	4.4649	4.4029	4.4699
1/27/2019	14:46:31	676.53	4.1318	4.4628	4.4041	4.4695
1/27/2019	14:46:32	677.75	4.1332	4.4622	4.4038	4.4669
1/27/2019	14:46:33	679.31	4.1325	4.4622	4.4046	4.4675
1/27/2019	14:46:35	680.48	4.1308	4.4652	4.4051	4.4702
1/27/2019	14:46:36	681.66	4.1291	4.4685	4.4065	4.4696
1/27/2019	14:46:37	682.84	4.129	4.4705	4.4051	4.4712
1/27/2019	14:46:39	684.52	4.1301	4.4697	4.4053	4.4714
1/27/2019	14:46:40	685.58	4.1316	4.4693	4.4044	4.4731
1/27/2019	14:46:41	687.03	4.132	4.47	4.4063	4.4729
1/27/2019	14:46:42	688.2	4.1308	4.4697	4.407	4.4708
1/27/2019	14:46:44	689.67	4.1277	4.4696	4.406	4.47
1/27/2019	14:46:45	690.91	4.1266	4.4702	4.4033	4.4693
1/27/2019	14:46:46	692.36	4.1253	4.4707	4.4003	4.4699
1/27/2019	14:46:48	693.58	4.1265	4.4696	4.3997	4.47
1/27/2019	14:46:49	694.73	4.1244	4.4687	4.4038	4.4697
1/27/2019	14:46:50	695.95	4.1247	4.4682	4.4065	4.4685
1/27/2019	14:46:51	697.12	4.1244	4.4707	4.4074	4.4691
1/27/2019	14:46:52	698.31	4.1255	4.4711	4.4036	4.4699
1/27/2019	14:46:54	699.78	4.1263	4.4736	4.4024	4.4715
1/27/2019	14:46:55	700.95	4.1263	4.4727	4.4046	4.4714
1/27/2019	14:46:57	702.48	4.1263	4.4741	4.4054	4.4729
1/27/2019	14:46:58	703.8	4.1241	4.4746	4.4058	4.4726
1/27/2019	14:46:59	705.28	4.1218	4.475	4.4037	4.4734
1/27/2019	14:47:00	706.45	4.1225	4.4744	4.4048	4.4733
1/27/2019	14:47:02	708	4.1256	4.4743	4.4072	4.4749
1/27/2019	14:47:03	709.19	4.1276	4.4754	4.4092	4.4737
1/27/2019	14:47:05	710.77	4.1255	4.4761	4.4099	4.4727
1/27/2019	14:47:06	711.95	4.1242	4.4797	4.4069	4.4734
1/27/2019	14:47:08	713.47	4.1257	4.4797	4.4055	4.4738
1/27/2019	14:47:09	714.56	4.1279	4.4797	4.4037	4.4739
1/27/2019	14:47:10	715.77	4.1248	4.4784	4.406	4.4719
1/27/2019	14:47:11	717.06	4.125	4.479	4.406	4.472
1/27/2019	14:47:12	718.39	4.1272	4.4822	4.4084	4.4711
1/27/2019	14:47:14	719.48	4.1289	4.4831	4.4092	4.4747
1/27/2019	14:47:15	721	4.1268	4.4839	4.4096	4.4737
1/27/2019	14:47:16	722.12	4.1248	4.4797	4.4094	4.4743
1/27/2019	14:47:18	723.7	4.1264	4.4787	4.4063	4.4714
1/27/2019	14:47:19	724.8	4.1279	4.4787	4.4056	4.4718
1/27/2019	14:47:20	726.12	4.1255	4.4819	4.4036	4.472
1/27/2019	14:47:22	727.48	4.1239	4.4827	4.4055	4.4728
1/27/2019	14:47:23	728.92	4.1202	4.4839	4.4053	4.4747
1/27/2019	14:47:24	730.03	4.1201	4.4839	4.4053	4.4742
1/27/2019	14:47:25	731.22	4.1197	4.4828	4.4043	4.4759
1/27/2019	14:47:26	732.36	4.1197	4.4808	4.4031	4.4754
1/27/2019	14:47:28	733.62	4.1217	4.4804	4.4034	4.477
1/27/2019	14:47:29	735.11	4.1241	4.4805	4.4037	4.4768
1/27/2019	14:47:31	736.56	4.1247	4.4811	4.4058	4.4759
1/27/2019	14:47:32	737.98	4.1231	4.4817	4.4044	4.4751
1/27/2019	14:47:33	739.37	4.1204	4.4802	4.4018	4.4746
1/27/2019	14:47:35	740.53	4.123	4.4815	4.4028	4.4761
1/27/2019	14:47:36	741.77	4.1244	4.4838	4.4074	4.4761
1/27/2019	14:47:37	743.28	4.1269	4.4862	4.4108	4.4754
1/27/2019	14:47:38	744.39	4.1249	4.4835	4.4101	4.4757
1/27/2019	14:47:40	745.91	4.1248	4.4807	4.4077	4.4775
1/27/2019	14:47:41	747.11	4.1224	4.4797	4.4094	4.4778
1/27/2019	14:47:43	748.61	4.1225	4.4827	4.4109	4.4757
1/27/2019	14:47:44	749.75	4.1212	4.4832	4.4111	4.4746
1/27/2019	14:47:45	751.19	4.1204	4.4855	4.4086	4.4745
1/27/2019	14:47:46	752.36	4.1204	4.4845	4.4047	4.477
1/27/2019	14:47:48	753.55	4.121	4.4867	4.4031	4.4753
1/27/2019	14:47:49	754.78	4.1212	4.4874	4.4043	4.4766
1/27/2019	14:47:50	756.05	4.1201	4.4871	4.4072	4.4751
1/27/2019	14:47:51	757.45	4.1193	4.4851	4.4096	4.4757
1/27/2019	14:47:53	758.69	4.1194	4.4826	4.4092	4.4742
1/27/2019	14:47:54	760.19	4.1196	4.4843	4.4086	4.4744
1/27/2019	14:47:55	761.39	4.1178	4.4849	4.4065	4.4755
1/27/2019	14:47:57	762.55	4.118	4.4861	4.4051	4.4759
1/27/2019	14:47:58	764.23	4.1168	4.4852	4.4054	4.4748
1/27/2019	14:48:00	765.56	4.1185	4.4854	4.4072	4.4761
1/27/2019	14:48:01	766.69	4.1182	4.4856	4.4088	4.477
1/27/2019	14:48:02	767.94	4.1192	4.4853	4.4109	4.4785
1/27/2019	14:48:03	769.44	4.1196	4.4855	4.4119	4.4786
1/27/2019	14:48:04	770.45	4.1208	4.4849	4.4103	4.4782
1/27/2019	14:48:06	772.03	4.1188	4.4861	4.4099	4.4789
1/27/2019	14:48:07	773.2	4.1161	4.4871	4.4095	4.4778
1/27/2019	14:48:09	774.69	4.1122	4.4878	4.4099	4.4774
1/27/2019	14:48:10	775.94	4.1135	4.4863	4.4096	4.4782
1/27/2019	14:48:11	777.44	4.1133	4.4855	4.4082	4.4755
1/27/2019	14:48:13	778.58	4.1132	4.4863	4.4091	4.4786
1/27/2019	14:48:14	780.14	4.1092	4.4883	4.4078	4.4775
1/27/2019	14:48:15	781.39	4.1084	4.4883	4.4081	4.4811
1/27/2019	14:48:17	782.91	4.1055	4.4863	4.4077	4.479
1/27/2019	14:48:19	784.72	4.1072	4.4873	4.4067	4.4777
1/27/2019	14:48:20	785.95	4.1049	4.4891	4.4061	4.4779
1/27/2019	14:48:21	787.06	4.1059	4.4908	4.4044	4.4783
1/27/2019	14:48:22	788.27	4.1016	4.4909	4.4054	4.4802
1/27/2019	14:48:23	789.45	4.1	4.4914	4.4076	4.4797
1/27/2019	14:48:25	790.83	4.0983	4.4914	4.41	4.4775
1/27/2019	14:48:26	792.33	4.0987	4.4912	4.411	4.4769
1/27/2019	14:48:28	793.72	4.0974	4.4898	4.4116	4.4766
1/27/2019	14:48:29	795.22	4.0978	4.4909	4.4133	4.4769
1/27/2019	14:48:30	796.27	4.0973	4.4925	4.4119	4.4771
1/27/2019	14:48:31	797.45	4.0987	4.4928	4.4102	4.4771
1/27/2019	14:48:33	798.69	4.0971	4.4914	4.4083	4.4762
1/27/2019	14:48:34	800.14	4.0971	4.4888	4.4088	4.475
1/27/2019	14:48:35	801.27	4.0963	4.4879	4.4103	4.4743
1/27/2019	14:48:37	802.86	4.0959	4.4895	4.4109	4.4759
1/27/2019	14:48:38	804.09	4.0936	4.4888	4.4105	4.4764
1/27/2019	14:48:40	805.56	4.0905	4.4888	4.4093	4.4786
1/27/2019	14:48:41	806.59	4.0872	4.4886	4.4076	4.4801
1/27/2019	14:48:42	808.16	4.0853	4.4902	4.4072	4.4813
1/27/2019	14:48:44	809.75	4.0852	4.4902	4.4078	4.48
1/27/2019	14:48:45	811	4.0839	4.4896	4.4096	4.4769
1/27/2019	14:48:46	812.22	4.0859	4.4885	4.41	4.4773
1/27/2019	14:48:47	813.45	4.0848	4.49	4.4118	4.4767
1/27/2019	14:48:49	814.7	4.0859	4.49	4.411	4.4796
1/27/2019	14:48:50	816.06	4.0848	4.4926	4.4126	4.4782
1/27/2019	14:48:52	817.52	4.0858	4.4911	4.4098	4.4796
1/27/2019	14:48:53	818.66	4.0851	4.4926	4.4103	4.4789
1/27/2019	14:48:54	819.92	4.0827	4.4929	4.4127	4.4816
1/27/2019	14:48:55	821.41	4.0807	4.4939	4.415	4.4817
1/27/2019	14:48:57	822.5	4.0814	4.4938	4.4149	4.4837
1/27/2019	14:48:58	823.98	4.0842	4.4902	4.4132	4.4836
1/27/2019	14:48:59	825.23	4.0872	4.4909	4.4112	4.4828
1/27/2019	14:49:01	827.11	4.0864	4.4906	4.4126	4.4819
1/27/2019	14:49:03	828.59	4.0818	4.4942	4.412	4.4813
1/27/2019	14:49:04	829.92	4.0777	4.4921	4.4119	4.4808
1/27/2019	14:49:05	831.31	4.079	4.4912	4.4109	4.4787
1/27/2019	14:49:07	832.56	4.0814	4.4906	4.4107	4.4778
1/27/2019	14:49:08	833.87	4.0819	4.4909	4.413	4.4778
1/27/2019	14:49:09	835.17	4.0813	4.4918	4.413	4.4804
1/27/2019	14:49:11	836.48	4.0805	4.4928	4.4141	4.481
1/27/2019	14:49:12	837.69	4.0809	4.4961	4.4137	4.4808
1/27/2019	14:49:13	838.89	4.0793	4.4956	4.4136	4.4783
1/27/2019	14:49:14	840.22	4.0786	4.493	4.411	4.4763
1/27/2019	14:49:15	841.3	4.0762	4.4905	4.4102	4.4797
1/27/2019	14:49:17	842.52	4.0766	4.4909	4.4106	4.48
1/27/2019	14:49:18	843.97	4.0752	4.4925	4.4105	4.4813
1/27/2019	14:49:19	845.2	4.0773	4.4943	4.4102	4.4809
1/27/2019	14:49:20	846.3	4.0764	4.4933	4.4093	4.481
1/27/2019	14:49:22	847.53	4.0773	4.4939	4.4107	4.4818
1/27/2019	14:49:23	848.73	4.0752	4.4948	4.4103	4.4809
1/27/2019	14:49:24	850.05	4.0723	4.4971	4.4098	4.4806
1/27/2019	14:49:25	851.23	4.0699	4.4963	4.41	4.4809
1/27/2019	14:49:26	852.41	4.0693	4.4969	4.4112	4.4828
1/27/2019	14:49:28	853.66	4.0694	4.4961	4.412	4.484
1/27/2019	14:49:29	854.94	4.0704	4.4962	4.4117	4.4843
1/27/2019	14:49:30	856.11	4.0688	4.4956	4.413	4.4812
1/27/2019	14:49:31	857.3	4.0696	4.4938	4.413	4.4822
1/27/2019	14:49:33	858.52	4.068	4.4911	4.4108	4.4801
1/27/2019	14:49:34	859.75	4.068	4.4899	4.4093	4.4812
1/27/2019	14:49:35	861.02	4.0656	4.4914	4.4096	4.4814
1/27/2019	14:49:36	862.27	4.0637	4.4951	4.4133	4.4827
1/27/2019	14:49:37	863.41	4.0607	4.4941	4.4126	4.4809
1/27/2019	14:49:39	864.7	4.059	4.4959	4.4117	4.482
1/27/2019	14:49:40	865.91	4.0612	4.4947	4.411	4.4823
1/27/2019	14:49:41	867.12	4.064	4.4965	4.413	4.4828
1/27/2019	14:49:42	868.31	4.0664	4.495	4.4151	4.4798
1/27/2019	14:49:44	869.48	4.0627	4.4942	4.4157	4.4794
1/27/2019	14:49:45	870.69	4.0643	4.4938	4.4154	4.4808
1/27/2019	14:49:46	871.92	4.062	4.4952	4.4153	4.4817
1/27/2019	14:49:47	873.05	4.0628	4.4945	4.4136	4.4833
1/27/2019	14:49:48	874.23	4.0594	4.4934	4.4127	4.4835
1/27/2019	14:49:49	875.37	4.059	4.494	4.4134	4.4836
1/27/2019	14:49:51	876.58	4.059	4.4967	4.4123	4.4833
1/27/2019	14:49:52	877.75	4.0574	4.4978	4.4117	4.4837
1/27/2019	14:49:53	878.89	4.0574	4.4951	4.4114	4.4848
1/27/2019	14:49:54	880.09	4.0574	4.4932	4.4149	4.4829
1/27/2019	14:49:55	881.27	4.0595	4.4934	4.4177	4.4821
1/27/2019	14:49:56	882.44	4.0602	4.4937	4.418	4.481
1/27/2019	14:49:58	883.64	4.0619	4.4938	4.4174	4.4828
1/27/2019	14:49:59	884.89	4.0615	4.4934	4.4147	4.4847
1/27/2019	14:50:00	886.06	4.0593	4.4947	4.4149	4.4847
1/27/2019	14:50:01	887.3	4.0559	4.4955	4.414	4.4816
1/27/2019	14:50:03	888.47	4.0539	4.4944	4.4146	4.4816
1/27/2019	14:50:04	889.69	4.0547	4.494	4.4136	4.4826
1/27/2019	14:50:05	891	4.0559	4.4934	4.4143	4.4872
1/27/2019	14:50:06	892.23	4.0551	4.4921	4.4126	4.4841
1/27/2019	14:50:08	893.5	4.0547	4.4897	4.4129	4.4847
1/27/2019	14:50:09	894.73	4.0536	4.4887	4.412	4.4814
1/27/2019	14:50:10	896	4.0542	4.4914	4.4139	4.4821
1/27/2019	14:50:11	897.16	4.0533	4.4938	4.4151	4.4802
1/27/2019	14:50:12	898.41	4.053	4.495	4.4165	4.4822
1/27/2019	14:50:14	899.56	4.0515	4.4938	4.417	4.4829
1/27/2019	14:50:15	900.73	4.0517	4.4922	4.4171	4.4834
1/27/2019	14:50:16	902.03	4.0506	4.4927	4.4161	4.4826
1/27/2019	14:50:17	903.36	4.051	4.4963	4.4157	4.4841
1/27/2019	14:50:19	904.64	4.0509	4.4978	4.4136	4.4849
1/27/2019	14:50:20	906	4.0487	4.4983	4.4134	4.4863
1/27/2019	14:50:21	907.19	4.0483	4.497	4.4133	4.4855
1/27/2019	14:50:22	908.33	4.0449	4.4965	4.4126	4.4853
1/27/2019	14:50:24	909.53	4.0459	4.4957	4.4109	4.4832
1/27/2019	14:50:25	910.78	4.0438	4.4935	4.4103	4.4825
1/27/2019	14:50:26	912.28	4.0436	4.4935	4.413	4.4826
1/27/2019	14:50:28	913.61	4.0411	4.4928	4.4147	4.4857
1/27/2019	14:50:29	914.86	4.0386	4.4945	4.4136	4.4889
1/27/2019	14:50:30	916.12	4.037	4.4955	4.4143	4.487
1/27/2019	14:50:31	917.28	4.0373	4.4971	4.414	4.4847
1/27/2019	14:50:33	918.47	4.0395	4.4963	4.4156	4.4829
1/27/2019	14:50:34	919.69	4.0383	4.4945	4.415	4.4841
1/27/2019	14:50:35	921.06	4.0356	4.4932	4.4167	4.4852
1/27/2019	14:50:36	922.44	4.0336	4.4944	4.4173	4.4817
1/27/2019	14:50:38	923.64	4.0355	4.497	4.4129	4.4834
1/27/2019	14:50:39	924.87	4.0395	4.4981	4.4127	4.4839
1/27/2019	14:50:40	925.98	4.0394	4.4974	4.4116	4.4867
1/27/2019	14:50:41	927.12	4.0381	4.4955	4.4148	4.4851
1/27/2019	14:50:42	928.33	4.0348	4.4948	4.4114	4.4867
1/27/2019	14:50:44	929.72	4.0386	4.4954	4.411	4.4874
1/27/2019	14:50:45	930.87	4.0381	4.4967	4.4113	4.4874
1/27/2019	14:50:46	932.11	4.0392	4.498	4.4148	4.4855
1/27/2019	14:50:47	933.23	4.034	4.4965	4.4173	4.4876
1/27/2019	14:50:49	934.72	4.0333	4.4958	4.4143	4.4891
1/27/2019	14:50:50	935.75	4.0327	4.4955	4.4148	4.4893
1/27/2019	14:50:51	936.89	4.0344	4.4965	4.4146	4.4868
1/27/2019	14:50:52	938.11	4.0348	4.4978	4.4161	4.486
1/27/2019	14:50:53	939.41	4.0346	4.4981	4.415	4.4834
1/27/2019	14:50:55	940.72	4.0333	4.4991	4.4147	4.4841
1/27/2019	14:50:56	941.95	4.0346	4.4984	4.4154	4.4859
1/27/2019	14:50:57	943.11	4.0324	4.4981	4.4147	4.4882
1/27/2019	14:50:58	944.25	4.0309	4.4981	4.413	4.4859
1/27/2019	14:51:00	945.48	4.0291	4.4994	4.4126	4.4836
1/27/2019	14:51:01	946.7	4.0304	4.4991	4.4123	4.4849
1/27/2019	14:51:02	947.89	4.0298	4.4981	4.4139	4.4876
1/27/2019	14:51:03	949.16	4.0308	4.4969	4.414	4.4893
1/27/2019	14:51:04	950.41	4.0272	4.4972	4.4154	4.4865
1/27/2019	14:51:06	951.64	4.0258	4.4971	4.4143	4.4863
1/27/2019	14:51:07	952.86	4.0252	4.4955	4.4136	4.4864
1/27/2019	14:51:08	954.09	4.0272	4.4954	4.4124	4.491
1/27/2019	14:51:09	955.25	4.026	4.4959	4.4133	4.4922
1/27/2019	14:51:10	956.39	4.0236	4.4978	4.4154	4.4929
1/27/2019	14:51:12	957.55	4.023	4.4985	4.4153	4.4897
1/27/2019	14:51:13	958.75	4.0259	4.4997	4.4146	4.4875
1/27/2019	14:51:14	959.94	4.0259	4.5007	4.414	4.4856
1/27/2019	14:51:15	961.12	4.0256	4.5008	4.4134	4.4849
1/27/2019	14:51:16	962.25	4.0277	4.5014	4.4162	4.4852
1/27/2019	14:51:18	963.52	4.0281	4.5008	4.4157	4.4887
1/27/2019	14:51:19	964.69	4.0302	4.5014	4.417	4.4886
1/27/2019	14:51:20	965.84	4.0268	4.4998	4.4168	4.4893
1/27/2019	14:51:21	967.22	4.0277	4.4984	4.4181	4.4872
1/27/2019	14:51:23	968.52	4.0227	4.4974	4.4192	4.4899
1/27/2019	14:51:24	969.81	4.0223	4.4975	4.4174	4.4906
1/27/2019	14:51:25	971.11	4.0213	4.4997	4.414	4.4891
1/27/2019	14:51:26	972.22	4.0251	4.501	4.414	4.4879
1/27/2019	14:51:27	973.41	4.0251	4.5011	4.4165	4.4867
1/27/2019	14:51:29	974.67	4.0239	4.501	4.4212	4.4872
1/27/2019	14:51:30	975.89	4.0225	4.502	4.4198	4.4863
1/27/2019	14:51:31	977.2	4.0221	4.5037	4.4178	4.4887
1/27/2019	14:51:32	978.36	4.0214	4.5024	4.4158	4.4873
1/27/2019	14:51:34	979.66	4.0238	4.501	4.4164	4.489
1/27/2019	14:51:35	980.89	4.0242	4.4994	4.4165	4.4884
1/27/2019	14:51:36	982.08	4.0247	4.4995	4.4172	4.489
1/27/2019	14:51:37	983.28	4.0212	4.4991	4.4164	4.4883
1/27/2019	14:51:39	984.62	4.0217	4.4997	4.4172	4.4887
1/27/2019	14:51:40	985.84	4.0221	4.5001	4.417	4.4898
1/27/2019	14:51:41	987.22	4.0263	4.501	4.4184	4.4927
1/27/2019	14:51:42	988.27	4.0233	4.5033	4.4172	4.4906
1/27/2019	14:51:43	989.39	4.0212	4.5038	4.4161	4.492
1/27/2019	14:51:45	990.77	4.0156	4.5037	4.4174	4.4905
1/27/2019	14:51:46	992.02	4.0195	4.4998	4.4178	4.4918
1/27/2019	14:51:47	993.25	4.0211	4.5027	4.4191	4.4899
1/27/2019	14:51:48	994.39	4.0225	4.5041	4.4168	4.4897
1/27/2019	14:51:50	995.59	4.0174	4.5047	4.4172	4.4892
1/27/2019	14:51:51	996.81	4.0163	4.504	4.4155	4.4902
1/27/2019	14:51:52	998	4.0155	4.5034	4.4187	4.4894
1/27/2019	14:51:53	999.28	4.0155	4.5058	4.4188	4.491
1/27/2019	14:51:55	1000.61	4.0122	4.5063	4.4205	4.4902
1/27/2019	14:51:56	1001.87	4.0124	4.5057	4.4174	4.4894
1/27/2019	14:51:57	1003.09	4.0109	4.5041	4.4168	4.4894
1/27/2019	14:51:58	1004.36	4.0121	4.5021	4.4184	4.4905
1/27/2019	14:52:00	1005.59	4.0094	4.5027	4.4192	4.4922
1/27/2019	14:52:01	1007.03	4.0105	4.5029	4.4192	4.4914
1/27/2019	14:52:02	1008.19	4.0086	4.504	4.4184	4.4925
1/27/2019	14:52:04	1009.47	4.0093	4.505	4.4174	4.4939
1/27/2019	14:52:05	1010.86	4.008	4.506	4.4178	4.4933
1/27/2019	14:52:06	1012.14	4.0085	4.5073	4.4168	4.4922
1/27/2019	14:52:07	1013.3	4.0073	4.5081	4.4181	4.4886
1/27/2019	14:52:09	1014.48	4.0062	4.5084	4.4177	4.4879
1/27/2019	14:52:10	1015.7	4.0058	4.5067	4.4175	4.4876
1/27/2019	14:52:11	1016.94	4.0019	4.506	4.4168	4.4905
1/27/2019	14:52:12	1018.11	4.001	4.5042	4.4164	4.4899
1/27/2019	14:52:13	1019.36	3.9988	4.505	4.415	4.4914
1/27/2019	14:52:15	1020.56	3.9997	4.5048	4.4161	4.4903
1/27/2019	14:52:16	1021.92	3.9982	4.5062	4.4177	4.4906
1/27/2019	14:52:17	1023.2	3.9983	4.5065	4.4192	4.4901
1/27/2019	14:52:18	1024.42	3.9983	4.5064	4.4175	4.4876
1/27/2019	14:52:20	1025.56	3.997	4.5078	4.416	4.4883
1/27/2019	14:52:21	1026.77	3.9964	4.5067	4.4155	4.4879
1/27/2019	14:52:22	1028	3.9948	4.5073	4.4172	4.4917
1/27/2019	14:52:23	1029.17	3.9965	4.5065	4.4178	4.4929
1/27/2019	14:52:24	1030.33	3.9943	4.5062	4.4194	4.4926
1/27/2019	14:52:26	1031.53	3.9955	4.505	4.4184	4.4909
1/27/2019	14:52:27	1032.73	3.9946	4.5057	4.4187	4.4909
1/27/2019	14:52:28	1033.87	3.9926	4.5075	4.4171	4.4918
1/27/2019	14:52:29	1035.12	3.9897	4.5083	4.4167	4.4949
1/27/2019	14:52:30	1036.36	3.988	4.5075	4.4155	4.4943
1/27/2019	14:52:32	1037.56	3.9906	4.5051	4.4168	4.4915
1/27/2019	14:52:33	1038.72	3.9903	4.5058	4.4172	4.488
1/27/2019	14:52:34	1039.92	3.9909	4.5061	4.4182	4.488
1/27/2019	14:52:35	1041.09	3.9892	4.5083	4.4168	4.4897
1/27/2019	14:52:36	1042.34	3.9888	4.5083	4.4168	4.4909
1/27/2019	14:52:38	1043.56	3.9875	4.5094	4.416	4.4924
1/27/2019	14:52:39	1044.73	3.9889	4.5087	4.4171	4.4903
1/27/2019	14:52:40	1045.94	3.9911	4.5091	4.4167	4.4891
1/27/2019	14:52:41	1047.2	3.9926	4.5057	4.4188	4.488
1/27/2019	14:52:42	1048.37	3.9913	4.5058	4.4182	4.4925
1/27/2019	14:52:44	1049.72	3.9879	4.5057	4.4202	4.4936
1/27/2019	14:52:45	1051.05	3.9857	4.5074	4.4218	4.4934
1/27/2019	14:52:46	1052.25	3.9854	4.5065	4.4223	4.4936
1/27/2019	14:52:48	1053.59	3.9876	4.5055	4.4226	4.4953
1/27/2019	14:52:49	1054.87	3.99	4.5061	4.4209	4.4949
1/27/2019	14:52:50	1056	3.9915	4.5073	4.4216	4.4922
1/27/2019	14:52:52	1057.55	3.9902	4.509	4.4208	4.4915
1/27/2019	14:52:53	1058.72	3.988	4.509	4.4218	4.4936
1/27/2019	14:52:54	1060.2	3.9856	4.509	4.4218	4.4951
1/27/2019	14:52:55	1061.23	3.9873	4.5083	4.4206	4.4932
1/27/2019	14:52:57	1062.58	3.9877	4.5091	4.4199	4.4921
1/27/2019	14:52:58	1063.92	3.9878	4.509	4.4188	4.4922
1/27/2019	14:52:59	1065.39	3.9849	4.51	4.4211	4.4929
1/27/2019	14:53:02	1067.62	3.9847	4.5091	4.4219	4.4924
1/27/2019	14:53:03	1069.06	3.9859	4.5114	4.4246	4.4929
1/27/2019	14:53:04	1070.33	3.9848	4.5103	4.4243	4.493
1/27/2019	14:53:06	1071.75	3.983	4.5119	4.4232	4.4932
1/27/2019	14:53:07	1072.97	3.9798	4.5094	4.4225	4.4919
1/27/2019	14:53:08	1074.31	3.9815	4.5097	4.4208	4.4923
1/27/2019	14:53:10	1075.62	3.982	4.5074	4.4205	4.4927
1/27/2019	14:53:11	1077.03	3.9814	4.5083	4.4196	4.4932
1/27/2019	14:53:12	1078.3	3.9788	4.508	4.4219	4.493
1/27/2019	14:53:14	1079.62	3.9796	4.5072	4.4217	4.4921
1/27/2019	14:53:15	1080.83	3.9798	4.5063	4.4223	4.4929
1/27/2019	14:53:16	1082.09	3.9802	4.5067	4.421	4.4953
1/27/2019	14:53:17	1083.39	3.9788	4.508	4.4226	4.4972
1/27/2019	14:53:19	1084.59	3.9784	4.5085	4.4237	4.4969
1/27/2019	14:53:20	1086.11	3.9774	4.5081	4.4246	4.494
1/27/2019	14:53:21	1087.22	3.9761	4.5067	4.424	4.4927
1/27/2019	14:53:23	1088.59	3.9768	4.5038	4.4224	4.4926
1/27/2019	14:53:24	1089.84	3.9766	4.5005	4.4239	4.4949
1/27/2019	14:53:25	1091.14	3.977	4.5013	4.423	4.4963
1/27/2019	14:53:26	1092.42	3.9761	4.5029	4.422	4.4949
1/27/2019	14:53:28	1093.81	3.9766	4.5064	4.4203	4.4941
1/27/2019	14:53:29	1095.08	3.9763	4.5062	4.4196	4.4949
1/27/2019	14:53:31	1096.59	3.9738	4.5082	4.4223	4.4958
1/27/2019	14:53:32	1097.75	3.9746	4.509	4.4219	4.4986
1/27/2019	14:53:33	1099	3.9753	4.5085	4.4239	4.4967
1/27/2019	14:53:34	1100.3	3.9777	4.5062	4.4226	4.4975
1/27/2019	14:53:36	1101.59	3.9791	4.5041	4.4234	4.4945
1/27/2019	14:53:37	1102.87	3.9801	4.5051	4.4217	4.495
1/27/2019	14:53:38	1104.17	3.9795	4.5058	4.42	4.4948
1/27/2019	14:53:40	1105.5	3.9766	4.5061	4.4206	4.495
1/27/2019	14:53:41	1106.78	3.9725	4.5059	4.4217	4.4939
1/27/2019	14:53:42	1107.95	3.9738	4.5075	4.4222	4.4943
1/27/2019	14:53:43	1109.22	3.9738	4.5071	4.4203	4.4952
1/27/2019	14:53:45	1110.61	3.9735	4.5065	4.4207	4.4957
1/27/2019	14:53:46	1111.83	3.9716	4.5038	4.4219	4.496
1/27/2019	14:53:47	1113.19	3.9723	4.5059	4.4227	4.4952
1/27/2019	14:53:49	1114.47	3.9742	4.5065	4.4222	4.4953
1/27/2019	14:53:50	1115.81	3.9731	4.5074	4.422	4.4957
1/27/2019	14:53:51	1117.11	3.9713	4.5052	4.4205	4.4964
1/27/2019	14:53:53	1118.52	3.9684	4.5059	4.422	4.4987
1/27/2019	14:53:54	1119.81	3.9679	4.5057	4.4232	4.4979
1/27/2019	14:53:55	1121.11	3.9634	4.5082	4.4254	4.4984
1/27/2019	14:53:56	1122.41	3.9631	4.5084	4.4235	4.4985
1/27/2019	14:53:58	1123.91	3.9626	4.5104	4.4236	4.4968
1/27/2019	14:53:59	1125.28	3.9662	4.5097	4.4233	4.496
1/27/2019	14:54:01	1126.62	3.9633	4.5081	4.4227	4.4945
1/27/2019	14:54:02	1127.89	3.9622	4.5081	4.4206	4.4956
1/27/2019	14:54:03	1129.27	3.959	4.5085	4.4199	4.4952
1/27/2019	14:54:05	1130.52	3.9592	4.5097	4.4207	4.495
1/27/2019	14:54:06	1131.73	3.9578	4.5091	4.4222	4.496
1/27/2019	14:54:07	1133.09	3.9595	4.5058	4.4229	4.4953
1/27/2019	14:54:09	1134.53	3.9596	4.5045	4.4239	4.495
1/27/2019	14:54:10	1135.86	3.9605	4.5064	4.4234	4.4958
1/27/2019	14:54:11	1137.06	3.9595	4.5088	4.4234	4.4979
1/27/2019	14:54:12	1138.37	3.9594	4.5101	4.4249	4.4965
1/27/2019	14:54:14	1139.67	3.9575	4.5077	4.427	4.496
1/27/2019	14:54:15	1141.03	3.9547	4.5049	4.4274	4.4965
1/27/2019	14:54:16	1142.3	3.9529	4.5055	4.4273	4.4987
1/27/2019	14:54:18	1143.81	3.953	4.5052	4.425	4.5002
1/27/2019	14:54:19	1145.25	3.954	4.5072	4.426	4.4988
1/27/2019	14:54:21	1146.55	3.9534	4.5067	4.4246	4.4991
1/27/2019	14:54:22	1147.81	3.9533	4.5065	4.4247	4.4958
1/27/2019	14:54:23	1149.23	3.9517	4.5075	4.4232	4.4976
1/27/2019	14:54:24	1150.36	3.9526	4.5081	4.4246	4.4969
1/27/2019	14:54:26	1151.61	3.9504	4.5076	4.4219	4.4971
1/27/2019	14:54:27	1153.02	3.9494	4.5055	4.4223	4.4958
1/27/2019	14:54:28	1154.25	3.9482	4.5034	4.4195	4.4966
1/27/2019	14:54:30	1155.47	3.9455	4.5047	4.4222	4.4971
1/27/2019	14:54:31	1156.7	3.9448	4.5034	4.42	4.4969
1/27/2019	14:54:32	1157.94	3.946	4.5025	4.4192	4.4954
1/27/2019	14:54:33	1159.19	3.9484	4.5002	4.4195	4.4972
1/27/2019	14:54:34	1160.44	3.9476	4.5019	4.4222	4.4958
1/27/2019	14:54:36	1161.83	3.9455	4.5015	4.426	4.4977
1/27/2019	14:54:37	1163.02	3.9435	4.5014	4.4257	4.4954
1/27/2019	14:54:38	1164.23	3.9431	4.5001	4.4235	4.4953
1/27/2019	14:54:40	1165.69	3.944	4.4998	4.4193	4.4945
1/27/2019	14:54:41	1166.97	3.9439	4.4996	4.4202	4.4951
1/27/2019	14:54:42	1168.25	3.9446	4.4999	4.4222	4.4966
1/27/2019	14:54:44	1169.61	3.9464	4.5031	4.4244	4.4956
1/27/2019	14:54:45	1171.06	3.9479	4.5061	4.4233	4.4965
1/27/2019	14:54:46	1172.44	3.9478	4.507	4.4204	4.4983
1/27/2019	14:54:48	1173.67	3.9433	4.5062	4.4207	4.4995
1/27/2019	14:54:49	1174.87	3.9418	4.5047	4.4217	4.4992
1/27/2019	14:54:50	1176.19	3.9427	4.5057	4.4239	4.4981
1/27/2019	14:54:52	1177.47	3.9439	4.5047	4.4261	4.4974
1/27/2019	14:54:53	1178.86	3.9454	4.5051	4.4234	4.4995
1/27/2019	14:54:54	1180	3.944	4.5051	4.4232	4.4985
1/27/2019	14:54:55	1181.23	3.9427	4.5062	4.421	4.4979
1/27/2019	14:54:57	1182.48	3.941	4.506	4.4242	4.4972
1/27/2019	14:54:58	1183.72	3.9416	4.5058	4.4226	4.4996
1/27/2019	14:54:59	1184.95	3.9409	4.5064	4.4223	4.5013
1/27/2019	14:55:00	1186.37	3.9421	4.5064	4.421	4.5017
1/27/2019	14:55:02	1187.84	3.9424	4.5055	4.4192	4.4994
1/27/2019	14:55:03	1189.16	3.9425	4.5045	4.4173	4.4996
1/27/2019	14:55:04	1190.34	3.9414	4.505	4.4176	4.4983
1/27/2019	14:55:06	1191.69	3.9393	4.5051	4.4203	4.4987
1/27/2019	14:55:07	1193.02	3.939	4.5071	4.4216	4.5006
1/27/2019	14:55:08	1194.23	3.9399	4.508	4.4212	4.4996
1/27/2019	14:55:10	1195.55	3.9408	4.5087	4.4233	4.4992
1/27/2019	14:55:11	1196.8	3.9418	4.508	4.4247	4.497
1/27/2019	14:55:12	1198.12	3.9403	4.5101	4.4246	4.4951
1/27/2019	14:55:13	1199.37	3.9408	4.51	4.4234	4.4955
1/27/2019	14:55:15	1200.69	3.9402	4.5091	4.4224	4.4957
1/27/2019	14:55:16	1201.95	3.9407	4.5068	4.4236	4.4987
1/27/2019	14:55:17	1203.34	3.9388	4.507	4.4254	4.4987
1/27/2019	14:55:19	1204.59	3.9397	4.5067	4.4259	4.4983
1/27/2019	14:55:20	1205.84	3.9388	4.5052	4.4259	4.498
1/27/2019	14:55:21	1207.05	3.9402	4.5074	4.4256	4.4972
1/27/2019	14:55:22	1208.39	3.939	4.5083	4.4256	4.4958
1/27/2019	14:55:24	1209.62	3.939	4.5083	4.4257	4.4953
1/27/2019	14:55:25	1210.95	3.935	4.5048	4.4249	4.4957
1/27/2019	14:55:26	1212.2	3.9359	4.5047	4.4232	4.4964
1/27/2019	14:55:28	1213.55	3.936	4.507	4.4213	4.4979
1/27/2019	14:55:29	1214.84	3.9404	4.5093	4.4197	4.4977
1/27/2019	14:55:30	1216.25	3.9394	4.5085	4.4224	4.4968
1/27/2019	14:55:32	1217.7	3.9384	4.5073	4.4254	4.4961
1/27/2019	14:55:33	1219.17	3.9379	4.5068	4.4256	4.4965
1/27/2019	14:55:34	1220.39	3.9375	4.5065	4.4234	4.4987
1/27/2019	14:55:36	1221.7	3.9398	4.5047	4.421	4.4989
1/27/2019	14:55:37	1222.98	3.9398	4.5025	4.4237	4.4985
1/27/2019	14:55:38	1224.33	3.9387	4.5026	4.4254	4.4996
1/27/2019	14:55:40	1225.58	3.9383	4.5052	4.4247	4.4989
1/27/2019	14:55:41	1226.98	3.9369	4.5071	4.4237	4.5002
1/27/2019	14:55:42	1228.2	3.9388	4.5071	4.4229	4.4992
1/27/2019	14:55:44	1229.56	3.9376	4.507	4.425	4.4995
1/27/2019	14:55:45	1230.86	3.9375	4.5062	4.4259	4.4989
1/27/2019	14:55:46	1232.23	3.9364	4.507	4.4254	4.498
1/27/2019	14:55:47	1233.41	3.935	4.5052	4.4264	4.5007
1/27/2019	14:55:49	1234.73	3.9337	4.5047	4.4259	4.5006
1/27/2019	14:55:50	1236.02	3.9329	4.5031	4.4294	4.4992
1/27/2019	14:55:51	1237.41	3.9345	4.5028	4.4293	4.4976
1/27/2019	14:55:53	1238.72	3.9372	4.5034	4.4311	4.4957
1/27/2019	14:55:54	1240.28	3.9368	4.5035	4.4291	4.4969
1/27/2019	14:55:56	1241.62	3.9357	4.5042	4.428	4.497
1/27/2019	14:55:57	1242.92	3.9333	4.505	4.4254	4.4996
1/27/2019	14:55:58	1244.17	3.9336	4.5044	4.4242	4.4998
1/27/2019	14:55:59	1245.45	3.9325	4.5054	4.423	4.4979
1/27/2019	14:56:01	1246.87	3.9312	4.5037	4.4209	4.496
1/27/2019	14:56:02	1248.16	3.9303	4.5048	4.4226	4.4969
1/27/2019	14:56:04	1249.5	3.9291	4.5045	4.4243	4.5002
1/27/2019	14:56:05	1250.73	3.9305	4.5053	4.4256	4.5025
1/27/2019	14:56:06	1252.09	3.9309	4.5034	4.4246	4.5019
1/27/2019	14:56:08	1253.53	3.9318	4.5012	4.4222	4.5008
1/27/2019	14:56:09	1254.62	3.9328	4.5002	4.4226	4.4998
1/27/2019	14:56:10	1255.89	3.9332	4.5004	4.4209	4.4991
1/27/2019	14:56:11	1257.25	3.9317	4.5017	4.4207	4.4983
1/27/2019	14:56:13	1258.52	3.9298	4.5018	4.42	4.4987
1/27/2019	14:56:14	1259.86	3.9271	4.5015	4.4202	4.4995
1/27/2019	14:56:15	1261.12	3.9285	4.5002	4.421	4.4984
1/27/2019	14:56:17	1262.67	3.9259	4.5005	4.4219	4.4987
1/27/2019	14:56:18	1263.98	3.9271	4.5031	4.4223	4.4983
1/27/2019	14:56:19	1265.31	3.9262	4.5035	4.4223	4.4996
1/27/2019	14:56:21	1266.64	3.9278	4.504	4.4214	4.5006
1/27/2019	14:56:22	1267.91	3.9274	4.5031	4.4224	4.5004
1/27/2019	14:56:23	1269.16	3.9293	4.5048	4.4217	4.4999
1/27/2019	14:56:25	1270.55	3.9277	4.5052	4.4229	4.4983
1/27/2019	14:56:26	1271.98	3.928	4.5048	4.4209	4.4981
1/27/2019	14:56:27	1273.3	3.9262	4.5047	4.4227	4.4999
1/27/2019	14:56:29	1274.53	3.9304	4.5025	4.4227	4.4977
1/27/2019	14:56:30	1275.97	3.9295	4.5044	4.4263	4.4977
1/27/2019	14:56:31	1277.23	3.9325	4.5031	4.4256	4.4951
1/27/2019	14:56:33	1278.58	3.9316	4.5041	4.4239	4.4969
1/27/2019	14:56:34	1279.81	3.9317	4.5019	4.4222	4.4977
1/27/2019	14:56:35	1281.2	3.9288	4.5022	4.4239	4.4992
1/27/2019	14:56:36	1282.45	3.9279	4.5038	4.4263	4.5017
1/27/2019	14:56:38	1283.8	3.9285	4.5055	4.4263	4.5015
1/27/2019	14:56:39	1285.22	3.9289	4.5048	4.4237	4.5011
1/27/2019	14:56:41	1286.53	3.9299	4.5025	4.4229	4.4987
1/27/2019	14:56:42	1287.81	3.9295	4.5022	4.4223	4.498
1/27/2019	14:56:43	1289.08	3.9292	4.5041	4.4253	4.4985
1/27/2019	14:56:45	1290.48	3.928	4.5052	4.4249	4.5003
1/27/2019	14:56:46	1291.72	3.9297	4.5037	4.4266	4.4997
1/27/2019	14:56:47	1292.89	3.9311	4.5025	4.4244	4.5006
1/27/2019	14:56:48	1294.17	3.9318	4.5012	4.4241	4.4991
1/27/2019	14:56:50	1295.56	3.9302	4.5017	4.4209	4.501
1/27/2019	14:56:51	1296.98	3.9284	4.4992	4.4209	4.4996
1/27/2019	14:56:53	1298.5	3.9273	4.5011	4.4213	4.502
1/27/2019	14:56:54	1299.69	3.9271	4.501	4.4246	4.5012
1/27/2019	14:56:55	1300.97	3.9251	4.5034	4.4233	4.5019
1/27/2019	14:56:57	1302.62	3.925	4.5024	4.4232	4.5002
1/27/2019	14:56:58	1304.08	3.9238	4.5034	4.4224	4.5014
1/27/2019	14:57:00	1305.53	3.9257	4.5021	4.4261	4.5008
1/27/2019	14:57:01	1306.75	3.9245	4.5009	4.4271	4.5006
1/27/2019	14:57:02	1308.22	3.9231	4.4989	4.4263	4.4984
1/27/2019	14:57:04	1309.5	3.9243	4.4999	4.4243	4.4997
1/27/2019	14:57:05	1310.86	3.9246	4.4996	4.4217	4.4991
1/27/2019	14:57:06	1312.14	3.9271	4.5002	4.4214	4.5012
1/27/2019	14:57:08	1313.53	3.9265	4.4989	4.4217	4.5
1/27/2019	14:57:09	1314.86	3.9279	4.4999	4.4233	4.5006
1/27/2019	14:57:10	1316.09	3.9283	4.5021	4.4244	4.4988
1/27/2019	14:57:11	1317.37	3.9269	4.5047	4.4232	4.4954
1/27/2019	14:57:13	1318.75	3.9246	4.5058	4.4233	4.4965
1/27/2019	14:57:14	1320.09	3.9222	4.5041	4.4233	4.4972
1/27/2019	14:57:15	1321.31	3.9228	4.5021	4.4226	4.501
1/27/2019	14:57:17	1322.61	3.9228	4.4986	4.4231	4.4992
1/27/2019	14:57:18	1323.94	3.9247	4.4979	4.4227	4.4996
1/27/2019	14:57:19	1325.3	3.9251	4.4976	4.4253	4.5007
1/27/2019	14:57:21	1326.77	3.927	4.4996	4.425	4.5021
1/27/2019	14:57:22	1328.05	3.9266	4.4999	4.4241	4.5014
1/27/2019	14:57:23	1329.3	3.9254	4.5029	4.4231	4.4989
1/27/2019	14:57:25	1330.67	3.9259	4.5028	4.425	4.5
1/27/2019	14:57:26	1332.08	3.9255	4.5047	4.4294	4.5008
1/27/2019	14:57:28	1333.56	3.9269	4.5044	4.4315	4.5018
1/27/2019	14:57:29	1334.95	3.9274	4.5058	4.432	4.5
1/27/2019	14:57:30	1336.16	3.928	4.5045	4.4293	4.4992
1/27/2019	14:57:31	1337.37	3.9271	4.5044	4.4266	4.4997
1/27/2019	14:57:33	1338.7	3.9262	4.5041	4.4264	4.5003
1/27/2019	14:57:34	1340.09	3.9256	4.5039	4.4266	4.5005
1/27/2019	14:57:35	1341.44	3.9278	4.5041	4.4273	4.4989
1/27/2019	14:57:37	1342.78	3.9269	4.5025	4.4254	4.4985
1/27/2019	14:57:38	1344.11	3.928	4.5026	4.4254	4.4977
1/27/2019	14:57:39	1345.45	3.9264	4.5008	4.4276	4.4984
1/27/2019	14:57:41	1346.7	3.9242	4.5029	4.429	4.4992
1/27/2019	14:57:42	1348.11	3.9226	4.5021	4.431	4.5006
1/27/2019	14:57:44	1349.47	3.9213	4.5022	4.4288	4.5018
1/27/2019	14:57:45	1350.83	3.924	4.5018	4.429	4.5016
1/27/2019	14:57:46	1352.11	3.9254	4.5038	4.4268	4.5026
1/27/2019	14:57:47	1353.39	3.9255	4.5039	4.4264	4.5008
1/27/2019	14:57:49	1354.69	3.9255	4.5048	4.424	4.5015
1/27/2019	14:57:50	1356.16	3.9264	4.5036	4.4229	4.5002
1/27/2019	14:57:51	1357.45	3.9294	4.5018	4.4244	4.5022
1/27/2019	14:57:53	1358.81	3.9283	4.5025	4.4243	4.5022
1/27/2019	14:57:54	1360.11	3.9255	4.5024	4.4253	4.5018
1/27/2019	14:57:55	1361.41	3.924	4.5042	4.4254	4.4996
1/27/2019	14:57:57	1362.67	3.9242	4.5014	4.4261	4.4989
1/27/2019	14:57:58	1364.12	3.9266	4.5009	4.4256	4.4986
1/27/2019	14:57:59	1365.45	3.9249	4.5025	4.4228	4.4991
1/27/2019	14:58:01	1366.64	3.9257	4.5047	4.4257	4.4974
1/27/2019	14:58:02	1368.05	3.9246	4.5045	4.4267	4.4997
1/27/2019	14:58:03	1369.37	3.926	4.5038	4.4268	4.5
1/27/2019	14:58:05	1370.56	3.927	4.5035	4.4241	4.5022
1/27/2019	14:58:06	1371.95	3.9265	4.5034	4.427	4.5022
1/27/2019	14:58:07	1373.19	3.9265	4.5042	4.4291	4.5037
1/27/2019	14:58:09	1374.58	3.9246	4.5024	4.4287	4.5034
1/27/2019	14:58:10	1376.02	3.9254	4.5032	4.4258	4.5012
1/27/2019	14:58:11	1377.33	3.9264	4.5018	4.4263	4.4988
1/27/2019	14:58:13	1378.59	3.9284	4.5032	4.4267	4.4982
1/27/2019	14:58:14	1379.81	3.9302	4.5031	4.4241	4.4992
1/27/2019	14:58:15	1381.11	3.9283	4.5045	4.4221	4.501
1/27/2019	14:58:17	1382.56	3.9276	4.5031	4.4219	4.5015
1/27/2019	14:58:18	1383.78	3.9276	4.5029	4.4251	4.5008
1/27/2019	14:58:19	1385.14	3.9283	4.5012	4.4278	4.4995
1/27/2019	14:58:21	1386.52	3.929	4.5045	4.4271	4.4986
1/27/2019	14:58:22	1387.75	3.9281	4.5048	4.4266	4.4989
1/27/2019	14:58:23	1389.16	3.9302	4.5052	4.4264	4.4957
1/27/2019	14:58:25	1390.55	3.9294	4.5042	4.4285	4.4951
1/27/2019	14:58:26	1391.97	3.9281	4.5042	4.4293	4.4963
1/27/2019	14:58:27	1393.45	3.927	4.5048	4.4283	4.501
1/27/2019	14:58:29	1394.78	3.9248	4.5057	4.4263	4.5027
1/27/2019	14:58:30	1396.22	3.9261	4.5083	4.4237	4.5034
1/27/2019	14:58:32	1397.48	3.926	4.5084	4.4243	4.5016
1/27/2019	14:58:33	1398.73	3.9295	4.5085	4.4283	4.4988
1/27/2019	14:58:34	1400.03	3.9314	4.507	4.4301	4.4974
1/27/2019	14:58:35	1401.42	3.9332	4.5061	4.4294	4.4987
1/27/2019	14:58:37	1402.8	3.9338	4.5048	4.4257	4.4999
1/27/2019	14:58:38	1404.11	3.9336	4.5054	4.4266	4.4992
1/27/2019	14:58:40	1405.58	3.9339	4.5055	4.4267	4.5007
1/27/2019	14:58:41	1406.86	3.9352	4.5044	4.4285	4.4997
1/27/2019	14:58:42	1408.17	3.9375	4.5031	4.4248	4.4985
1/27/2019	14:58:44	1409.53	3.9385	4.5016	4.4251	4.4958
1/27/2019	14:58:45	1410.72	3.9379	4.5028	4.4247	4.4965
1/27/2019	14:58:46	1412.09	3.9366	4.5032	4.4257	4.4986
1/27/2019	14:58:47	1413.37	3.933	4.5042	4.4251	4.5
1/27/2019	14:58:49	1414.59	3.9336	4.5038	4.4236	4.5003
1/27/2019	14:58:50	1416.2	3.9337	4.5022	4.4241	4.5001
1/27/2019	14:58:52	1417.67	3.9381	4.5028	4.4233	4.4999
1/27/2019	14:58:53	1418.89	3.9369	4.5009	4.4246	4.5022
1/27/2019	14:58:55	1420.69	3.936	4.5031	4.4277	4.5022
1/27/2019	14:58:56	1422.23	3.9333	4.5037	4.4304	4.5067
1/27/2019	14:58:58	1424.03	3.9342	4.5068	4.4312	4.5042
1/27/2019	14:59:00	1425.47	3.9351	4.5062	4.4288	4.5049
1/27/2019	14:59:01	1426.64	3.9388	4.5047	4.4285	4.5004
1/27/2019	14:59:02	1427.87	3.9389	4.5012	4.4273	4.5036
1/27/2019	14:59:03	1429.03	3.9384	4.5018	4.4293	4.5037
1/27/2019	14:59:05	1430.56	3.9365	4.5012	4.4285	4.5044
1/27/2019	14:59:06	1431.97	3.9361	4.5042	4.4287	4.503
1/27/2019	14:59:07	1433.25	3.9348	4.5042	4.4271	4.5019
1/27/2019	14:59:08	1434.39	3.9358	4.5049	4.4253	4.5026
1/27/2019	14:59:10	1435.72	3.9365	4.5026	4.4261	4.5035
1/27/2019	14:59:11	1437.14	3.938	4.4998	4.426	4.5042
1/27/2019	14:59:13	1438.67	3.9372	4.5003	4.427	4.5031
1/27/2019	14:59:14	1440.02	3.9373	4.5005	4.4271	4.5014
1/27/2019	14:59:15	1441.11	3.938	4.5016	4.4281	4.5014
1/27/2019	14:59:16	1442.36	3.9386	4.5012	4.4278	4.5023
1/27/2019	14:59:18	1443.92	3.9401	4.4996	4.4251	4.5018
1/27/2019	14:59:20	1445.52	3.9419	4.4996	4.4234	4.5016
1/27/2019	14:59:21	1447.05	3.9425	4.4995	4.4263	4.501
1/27/2019	14:59:22	1448.36	3.9419	4.5015	4.4267	4.502
1/27/2019	14:59:24	1449.66	3.9411	4.4999	4.4285	4.5008
1/27/2019	14:59:25	1450.86	3.9419	4.5009	4.4258	4.4999
1/27/2019	14:59:26	1452.12	3.9426	4.5009	4.4283	4.5003
1/27/2019	14:59:27	1453.28	3.9433	4.5039	4.4277	4.502
1/27/2019	14:59:29	1454.61	3.9425	4.5044	4.4267	4.5033
1/27/2019	14:59:30	1455.69	3.9423	4.5032	4.426	4.5053
1/27/2019	14:59:31	1457.2	3.9431	4.5024	4.4254	4.5034
1/27/2019	14:59:33	1458.64	3.9437	4.5014	4.4261	4.5025
1/27/2019	14:59:34	1459.98	3.9442	4.5039	4.4258	4.4989
1/27/2019	14:59:35	1461.22	3.9464	4.5032	4.4248	4.4989
1/27/2019	14:59:37	1462.91	3.9461	4.5052	4.427	4.5003
1/27/2019	14:59:39	1464.47	3.946	4.5054	4.4284	4.5029
1/27/2019	14:59:40	1465.81	3.945	4.5052	4.4281	4.5025
1/27/2019	14:59:41	1467.09	3.945	4.5029	4.4277	4.5011
1/27/2019	14:59:42	1468.36	3.9456	4.5009	4.4265	4.4984
1/27/2019	14:59:44	1469.67	3.9451	4.5009	4.429	4.4982
1/27/2019	14:59:45	1470.83	3.9425	4.5018	4.4264	4.5003
1/27/2019	14:59:46	1472.25	3.9443	4.5006	4.426	4.5026
1/27/2019	14:59:48	1473.59	3.9457	4.5018	4.4244	4.5046
1/27/2019	14:59:49	1474.83	3.9474	4.5006	4.4263	4.5026
1/27/2019	14:59:50	1476.27	3.9466	4.5019	4.426	4.5011
1/27/2019	14:59:52	1477.56	3.9436	4.5012	4.4237	4.499
1/27/2019	14:59:53	1479.33	3.946	4.5001	4.4248	4.4986
1/27/2019	14:59:55	1480.97	3.9475	4.5002	4.4264	4.4985
1/27/2019	14:59:57	1482.47	3.9462	4.5028	4.4273	4.4997
1/27/2019	14:59:58	1483.77	3.9479	4.5035	4.4248	4.501
1/27/2019	15:00:00	1485.5	3.9476	4.5054	4.425	4.4999
1/27/2019	15:00:01	1486.81	3.951	4.5029	4.4261	4.5023
1/27/2019	15:00:02	1488.25	3.9493	4.5018	4.4278	4.5014
1/27/2019	15:00:03	1489.44	3.9484	4.5012	4.4288	4.5039
1/27/2019	15:00:05	1490.69	3.9485	4.5024	4.429	4.5023
1/27/2019	15:00:06	1492.27	3.9488	4.5044	4.4263	4.5039
1/27/2019	15:00:07	1493.45	3.9492	4.5048	4.4237	4.5027
1/27/2019	15:00:09	1494.73	3.9525	4.5018	4.4241	4.5027
1/27/2019	15:00:10	1495.94	3.9513	4.5009	4.4251	4.5024
1/27/2019	15:00:11	1497.45	3.9513	4.5002	4.4274	4.502
1/27/2019	15:00:13	1498.64	3.9495	4.5006	4.427	4.5023
1/27/2019	15:00:14	1500.02	3.9502	4.5014	4.4271	4.5029
1/27/2019	15:00:15	1501.19	3.9504	4.4981	4.4238	4.5035
1/27/2019	15:00:17	1502.62	3.9514	4.4992	4.4257	4.5049
1/27/2019	15:00:18	1503.67	3.953	4.4971	4.4263	4.5056
1/27/2019	15:00:19	1505.34	3.9539	4.4992	4.4253	4.5039
1/27/2019	15:00:21	1506.61	3.9563	4.4992	4.4231	4.5028
1/27/2019	15:00:22	1508.02	3.959	4.5006	4.4235	4.5022
1/27/2019	15:00:24	1509.56	3.9584	4.5022	4.4255	4.5052
1/27/2019	15:00:25	1511.14	3.9535	4.5018	4.4251	4.5011
1/27/2019	15:00:27	1512.53	3.9533	4.5037	4.4244	4.499
1/27/2019	15:00:28	1513.8	3.9528	4.5012	4.4227	4.499
1/27/2019	15:00:29	1515.11	3.956	4.5037	4.4247	4.5015
1/27/2019	15:00:30	1516.28	3.9561	4.5028	4.426	4.5026
1/27/2019	15:00:32	1517.52	3.9575	4.5054	4.4291	4.4999
1/27/2019	15:00:33	1519.14	3.9584	4.5032	4.4268	4.5005
1/27/2019	15:00:35	1520.59	3.9593	4.5018	4.427	4.5016
1/27/2019	15:00:36	1522.22	3.9613	4.5005	4.4238	4.5033
1/27/2019	15:00:38	1523.5	3.9601	4.5006	4.424	4.5028
1/27/2019	15:00:39	1524.77	3.9588	4.5028	4.4223	4.5033
1/27/2019	15:00:40	1525.92	3.9577	4.5028	4.4245	4.5016
1/27/2019	15:00:41	1527.16	3.9584	4.5016	4.4257	4.5024
1/27/2019	15:00:43	1528.7	3.957	4.4991	4.4265	4.5018
1/27/2019	15:00:44	1530.16	3.96	4.4973	4.4251	4.5037
1/27/2019	15:00:45	1531.42	3.9616	4.4989	4.4234	4.5011
1/27/2019	15:00:47	1532.72	3.9624	4.5005	4.424	4.5008
1/27/2019	15:00:48	1533.92	3.9616	4.5019	4.4232	4.4997
1/27/2019	15:00:49	1535.16	3.9619	4.5015	4.4253	4.5018
1/27/2019	15:00:51	1536.5	3.9635	4.4992	4.4234	4.5016
1/27/2019	15:00:52	1537.66	3.9642	4.4985	4.4247	4.5038
1/27/2019	15:00:53	1539.02	3.9633	4.4991	4.423	4.5073
1/27/2019	15:00:54	1540.44	3.9643	4.5014	4.4261	4.5065
1/27/2019	15:00:56	1541.5	3.9642	4.5047	4.4261	4.5043
1/27/2019	15:00:57	1543.02	3.9648	4.5045	4.4247	4.4997
1/27/2019	15:00:59	1544.66	3.9661	4.5047	4.4238	4.5008
1/27/2019	15:01:00	1545.97	3.9669	4.5038	4.4245	4.4992
1/27/2019	15:01:01	1547.31	3.9683	4.5039	4.4297	4.5001
1/27/2019	15:01:03	1548.64	3.9665	4.5035	4.4285	4.4993
1/27/2019	15:01:04	1549.8	3.9653	4.5024	4.4274	4.5027
1/27/2019	15:01:05	1550.92	3.9645	4.5025	4.4258	4.5034
1/27/2019	15:01:06	1552.45	3.9669	4.5016	4.4241	4.5046
1/27/2019	15:01:08	1554.05	3.9685	4.5006	4.4261	4.5034
1/27/2019	15:01:09	1555.17	3.9697	4.4993	4.4247	4.5031
1/27/2019	15:01:11	1556.61	3.9691	4.4988	4.424	4.5016
1/27/2019	15:01:12	1557.89	3.9679	4.4985	4.4226	4.5026
1/27/2019	15:01:13	1559.16	3.9671	4.5003	4.4237	4.5013
1/27/2019	15:01:14	1560.3	3.9696	4.5013	4.4267	4.5037
1/27/2019	15:01:16	1561.87	3.972	4.5025	4.4271	4.5013
1/27/2019	15:01:18	1563.7	3.9728	4.5021	4.4257	4.5016
1/27/2019	15:01:19	1564.95	3.972	4.5025	4.4248	4.499
1/27/2019	15:01:20	1566.16	3.9714	4.5032	4.4261	4.5022
1/27/2019	15:01:21	1567.34	3.9733	4.5036	4.4268	4.5015
1/27/2019	15:01:23	1568.73	3.9738	4.5049	4.4287	4.5014
1/27/2019	15:01:24	1570.22	3.9743	4.5039	4.4278	4.4993
1/27/2019	15:01:25	1571.36	3.9718	4.5035	4.4284	4.4997
1/27/2019	15:01:27	1572.8	3.9695	4.5041	4.4264	4.5016
1/27/2019	15:01:28	1573.89	3.969	4.5041	4.4247	4.4997
1/27/2019	15:01:30	1575.77	3.97	4.5034	4.4245	4.4992
1/27/2019	15:01:31	1577.36	3.9717	4.4998	4.4248	4.4973
1/27/2019	15:01:33	1578.64	3.9729	4.4982	4.4261	4.4978
1/27/2019	15:01:34	1579.91	3.9747	4.5001	4.4258	4.4985
1/27/2019	15:01:35	1581.11	3.9787	4.5031	4.4271	4.4986
1/27/2019	15:01:36	1582.42	3.9811	4.5058	4.4277	4.5
1/27/2019	15:01:38	1583.61	3.9807	4.5057	4.426	4.5007
1/27/2019	15:01:39	1585.23	3.9793	4.5058	4.4258	4.4996
1/27/2019	15:01:41	1586.84	3.979	4.5044	4.4253	4.4992
1/27/2019	15:01:42	1588.27	3.9804	4.5034	4.4272	4.4992
1/27/2019	15:01:44	1589.55	3.9812	4.5018	4.4254	4.5008
1/27/2019	15:01:45	1590.73	3.983	4.5028	4.4245	4.5015
1/27/2019	15:01:46	1591.98	3.9822	4.5025	4.4235	4.5
1/27/2019	15:01:47	1593.3	3.9813	4.5029	4.4238	4.4997
1/27/2019	15:01:49	1594.5	3.9782	4.5015	4.4251	4.5003
1/27/2019	15:01:50	1595.72	3.9809	4.5005	4.4277	4.5032
1/27/2019	15:01:51	1597.16	3.982	4.5003	4.4289	4.5035
1/27/2019	15:01:52	1598.19	3.9848	4.5012	4.4281	4.5026
1/27/2019	15:01:53	1599.41	3.9833	4.5006	4.4267	4.5023
1/27/2019	15:01:55	1601.02	3.9842	4.5013	4.4268	4.5011
1/27/2019	15:01:57	1602.8	3.9853	4.5006	4.4278	4.5015
1/27/2019	15:01:58	1603.95	3.9861	4.5016	4.427	4.5023
1/27/2019	15:01:59	1605.33	3.9863	4.5011	4.4265	4.5041
1/27/2019	15:02:01	1606.56	3.9885	4.5025	4.4255	4.5036
1/27/2019	15:02:02	1607.77	3.9889	4.5042	4.427	4.5026
1/27/2019	15:02:03	1609.34	3.9905	4.5049	4.4282	4.5041
1/27/2019	15:02:05	1610.69	3.9874	4.5051	4.4294	4.5041
1/27/2019	15:02:06	1612.11	3.9894	4.5042	4.4271	4.5024
1/27/2019	15:02:07	1613.14	3.9895	4.5048	4.4244	4.4989
1/27/2019	15:02:09	1614.58	3.992	4.5059	4.4245	4.4982
1/27/2019	15:02:10	1615.91	3.9933	4.5094	4.4268	4.4973
1/27/2019	15:02:12	1617.53	3.9926	4.5095	4.429	4.4973
1/27/2019	15:02:13	1618.77	3.9934	4.5098	4.4272	4.4985
1/27/2019	15:02:15	1620.61	3.9925	4.5058	4.4255	4.4994
1/27/2019	15:02:16	1622.33	3.9933	4.5068	4.4252	4.5012
1/27/2019	15:02:18	1623.73	3.9925	4.5074	4.4252	4.4989
1/27/2019	15:02:19	1624.86	3.9937	4.5098	4.424	4.5003
1/27/2019	15:02:20	1626.23	3.9953	4.5076	4.422	4.502
1/27/2019	15:02:21	1627.37	3.9954	4.5064	4.4234	4.502
1/27/2019	15:02:23	1628.55	3.9956	4.5068	4.4257	4.5011
1/27/2019	15:02:24	1630.05	3.9971	4.5094	4.4268	4.5004
1/27/2019	15:02:25	1631.36	4	4.509	4.4268	4.5016
1/27/2019	15:02:27	1632.48	4.0022	4.5071	4.427	4.5024
1/27/2019	15:02:28	1633.97	4.0043	4.5048	4.4268	4.5012
1/27/2019	15:02:29	1635.3	4.0018	4.5051	4.4264	4.5024
1/27/2019	15:02:31	1636.72	3.9997	4.5049	4.4257	4.5011
1/27/2019	15:02:32	1637.8	3.9969	4.5046	4.4257	4.5009
1/27/2019	15:02:33	1638.97	3.9983	4.5033	4.4254	4.5002
1/27/2019	15:02:35	1640.61	4.0001	4.5032	4.4267	4.5012
1/27/2019	15:02:36	1641.7	4.0011	4.5021	4.4274	4.5015
1/27/2019	15:02:37	1642.83	3.9997	4.5054	4.426	4.5005
1/27/2019	15:02:38	1644.28	3.9979	4.5041	4.4242	4.5011
1/27/2019	15:02:40	1645.69	3.9972	4.5041	4.4245	4.5027
1/27/2019	15:02:41	1647.27	4	4.5012	4.4252	4.5062
1/27/2019	15:02:43	1648.73	4.0025	4.5018	4.4271	4.5072
1/27/2019	15:02:44	1650.12	4.0037	4.5039	4.4261	4.5075
1/27/2019	15:02:46	1651.5	4.0056	4.5044	4.4268	4.5053
1/27/2019	15:02:47	1652.81	4.0077	4.5057	4.4251	4.5047
1/27/2019	15:02:48	1654.14	4.0094	4.5049	4.4252	4.5027
1/27/2019	15:02:49	1655.33	4.0072	4.5028	4.4251	4.5039
1/27/2019	15:02:51	1656.48	4.0051	4.5016	4.4257	4.5039
1/27/2019	15:02:52	1657.77	4.0033	4.4985	4.4271	4.5028
1/27/2019	15:02:53	1659.11	4.0041	4.4986	4.4279	4.5012
1/27/2019	15:02:55	1660.58	4.0053	4.4968	4.4287	4.5004
1/27/2019	15:02:56	1661.91	4.0056	4.4972	4.4284	4.5009
1/27/2019	15:02:57	1663.37	4.0049	4.4983	4.4265	4.502
1/27/2019	15:02:59	1664.87	4.0037	4.4992	4.4275	4.5023
1/27/2019	15:03:00	1666.19	4.0061	4.5013	4.4257	4.503
1/27/2019	15:03:01	1667.42	4.0055	4.5	4.4262	4.503
1/27/2019	15:03:03	1668.67	4.0057	4.5002	4.4254	4.5028
1/27/2019	15:03:04	1669.87	4.0073	4.4986	4.427	4.5027
1/27/2019	15:03:06	1671.52	4.0094	4.4995	4.4281	4.499
1/27/2019	15:03:07	1672.84	4.01	4.5013	4.4267	4.5002
1/27/2019	15:03:08	1674.05	4.0081	4.5018	4.426	4.5007
1/27/2019	15:03:09	1675.33	4.0092	4.5016	4.4275	4.5034
1/27/2019	15:03:11	1676.95	4.0105	4.5013	4.4285	4.503
1/27/2019	15:03:12	1678.2	4.0125	4.5002	4.4302	4.503
1/27/2019	15:03:13	1679.33	4.0145	4.4996	4.4277	4.5034
1/27/2019	15:03:15	1680.56	4.0162	4.5003	4.4261	4.5024
1/27/2019	15:03:16	1681.73	4.0144	4.5044	4.4244	4.5015
1/27/2019	15:03:17	1683.39	4.0142	4.5046	4.4251	4.5016
1/27/2019	15:03:19	1684.67	4.0126	4.5013	4.426	4.5015
1/27/2019	15:03:20	1686.08	4.013	4.4987	4.4261	4.503
1/27/2019	15:03:22	1688	4.013	4.4992	4.4264	4.5039
1/27/2019	15:03:23	1689.42	4.0152	4.5019	4.4265	4.506
1/27/2019	15:03:25	1690.83	4.0183	4.5032	4.4232	4.503
1/27/2019	15:03:26	1692.06	4.0175	4.5013	4.4224	4.5032
1/27/2019	15:03:28	1693.59	4.0191	4.4996	4.4228	4.5015
1/27/2019	15:03:30	1695.48	4.018	4.4972	4.4245	4.5028
1/27/2019	15:03:31	1697.02	4.0199	4.4988	4.4255	4.5005
1/27/2019	15:03:32	1698.39	4.0201	4.4985	4.4245	4.5
1/27/2019	15:03:34	1699.58	4.0201	4.5006	4.4271	4.5005
1/27/2019	15:03:35	1700.92	4.019	4.5003	4.4265	4.5012
1/27/2019	15:03:36	1702.09	4.0185	4.5022	4.4264	4.5024
1/27/2019	15:03:37	1703.28	4.0214	4.5019	4.4255	4.5023
1/27/2019	15:03:39	1704.52	4.0261	4.5015	4.4269	4.5019
1/27/2019	15:03:40	1705.92	4.0266	4.5026	4.4289	4.5023
1/27/2019	15:03:41	1707.23	4.027	4.5029	4.4284	4.503
1/27/2019	15:03:43	1708.75	4.0253	4.5048	4.4278	4.5035
1/27/2019	15:03:44	1709.95	4.0274	4.5029	4.4261	4.5046
1/27/2019	15:03:45	1711.3	4.0245	4.5018	4.425	4.5042
1/27/2019	15:03:47	1712.7	4.0248	4.5015	4.4248	4.5041
1/27/2019	15:03:48	1714.44	4.0228	4.5009	4.4241	4.5009
1/27/2019	15:03:50	1716.17	4.0222	4.5002	4.4252	4.5016
1/27/2019	15:03:52	1717.59	4.0228	4.4995	4.4247	4.5005
1/27/2019	15:03:53	1718.81	4.0217	4.5016	4.427	4.5012
1/27/2019	15:03:54	1719.98	4.0265	4.5054	4.4271	4.4996
1/27/2019	15:03:55	1721.36	4.0275	4.5036	4.4284	4.5013
1/27/2019	15:03:57	1722.69	4.0324	4.5008	4.4265	4.5028
1/27/2019	15:03:58	1724	4.0338	4.4987	4.4272	4.5034
1/27/2019	15:03:59	1725.39	4.0347	4.5012	4.425	4.5031
1/27/2019	15:04:01	1726.58	4.0317	4.5033	4.4245	4.5031
1/27/2019	15:04:02	1727.75	4.0309	4.5026	4.4238	4.5011
1/27/2019	15:04:03	1728.97	4.0325	4.5024	4.4254	4.4996
1/27/2019	15:04:04	1730.25	4.0329	4.5013	4.4278	4.4979
1/27/2019	15:04:06	1731.69	4.034	4.5002	4.4286	4.5012
1/27/2019	15:04:07	1733.16	4.0336	4.502	4.4289	4.5011
1/27/2019	15:04:08	1734.39	4.0364	4.5026	4.4271	4.5032
1/27/2019	15:04:10	1736.19	4.0357	4.5038	4.4251	4.5023
1/27/2019	15:04:12	1737.5	4.0372	4.5019	4.4241	4.5046
1/27/2019	15:04:13	1738.69	4.0372	4.5008	4.4244	4.5035
1/27/2019	15:04:14	1740.12	4.0361	4.5015	4.4248	4.503
1/27/2019	15:04:15	1741.19	4.0374	4.5008	4.4234	4.5008
1/27/2019	15:04:16	1742.45	4.04	4.5015	4.4241	4.5001
1/27/2019	15:04:18	1743.95	4.0455	4.5002	4.4235	4.5008
1/27/2019	15:04:19	1745.27	4.045	4.4995	4.4251	4.5005
1/27/2019	15:04:21	1746.75	4.0447	4.4998	4.4242	4.5008
1/27/2019	15:04:22	1748.11	4.0438	4.5021	4.4238	4.5007
1/27/2019	15:04:23	1749.39	4.0431	4.5044	4.4227	4.5032
1/27/2019	15:04:25	1750.61	4.0427	4.5046	4.4237	4.502
1/27/2019	15:04:26	1751.83	4.0409	4.5039	4.4265	4.5001
1/27/2019	15:04:28	1753.58	4.0413	4.5042	4.4274	4.4982
1/27/2019	15:04:29	1754.89	4.0426	4.5038	4.4257	4.4984
1/27/2019	15:04:30	1756.09	4.0457	4.5042	4.4245	4.5009
1/27/2019	15:04:31	1757.42	4.0457	4.5021	4.4241	4.5027
1/27/2019	15:04:33	1758.72	4.0467	4.5021	4.4252	4.5024
1/27/2019	15:04:34	1760.25	4.0461	4.5009	4.426	4.5011
1/27/2019	15:04:36	1761.55	4.0494	4.5009	4.4265	4.5009
1/27/2019	15:04:37	1763.12	4.0511	4.5021	4.4258	4.5028
1/27/2019	15:04:38	1764.36	4.053	4.5025	4.4255	4.5057
1/27/2019	15:04:40	1766.02	4.0532	4.5015	4.425	4.5057
1/27/2019	15:04:41	1767.31	4.0527	4.4988	4.4265	4.5051
1/27/2019	15:04:43	1768.75	4.0532	4.4968	4.4285	4.5038
1/27/2019	15:04:44	1770.11	4.0543	4.4969	4.4285	4.5034
1/27/2019	15:04:46	1771.59	4.0549	4.4998	4.4268	4.5043
1/27/2019	15:04:47	1773.22	4.0527	4.5008	4.4237	4.505
1/27/2019	15:04:49	1774.89	4.0512	4.5031	4.4241	4.5046
1/27/2019	15:04:50	1776.16	4.0507	4.5011	4.4239	4.5032
1/27/2019	15:04:51	1777.39	4.0511	4.5025	4.4242	4.5011
1/27/2019	15:04:53	1778.75	4.0514	4.5018	4.4242	4.5013
1/27/2019	15:04:54	1779.86	4.0524	4.5008	4.4258	4.5021
1/27/2019	15:04:55	1781.37	4.0543	4.5023	4.426	4.5043
1/27/2019	15:04:57	1782.91	4.0574	4.5041	4.4255	4.503
1/27/2019	15:04:58	1784.06	4.0577	4.5046	4.4255	4.5032
1/27/2019	15:04:59	1785.19	4.0586	4.5018	4.4251	4.5025
1/27/2019	15:05:01	1786.62	4.0575	4.5005	4.4242	4.5024
1/27/2019	15:05:02	1788.08	4.0563	4.5002	4.423	4.5009
1/27/2019	15:05:03	1789.25	4.0571	4.4996	4.4224	4.5012
1/27/2019	15:05:05	1790.8	4.0578	4.4995	4.4234	4.5031
1/27/2019	15:05:06	1792.19	4.0607	4.5006	4.424	4.505
1/27/2019	15:05:07	1793.36	4.0612	4.4988	4.425	4.5051
1/27/2019	15:05:09	1794.95	4.0617	4.4988	4.4241	4.5043
1/27/2019	15:05:11	1796.52	4.0596	4.4992	4.4234	4.5036
1/27/2019	15:05:12	1797.86	4.0584	4.5039	4.424	4.5019
1/27/2019	15:05:13	1799.03	4.0588	4.5041	4.4244	4.502
1/27/2019	15:05:14	1800.19	4.0621	4.5031	4.4218	4.4992
1/27/2019	15:05:16	1801.77	4.0616	4.4995	4.423	4.5007
1/27/2019	15:05:17	1802.98	4.062	4.4972	4.4222	4.4998
1/27/2019	15:05:19	1804.48	4.0609	4.4979	4.4248	4.5012
1/27/2019	15:05:20	1805.72	4.0647	4.4982	4.4224	4.501
1/27/2019	15:05:21	1807.03	4.067	4.499	4.4207	4.502
1/27/2019	15:05:22	1808.45	4.068	4.4975	4.4224	4.5031
1/27/2019	15:05:24	1809.92	4.0686	4.4973	4.4218	4.5028
1/27/2019	15:05:25	1811.44	4.0687	4.5003	4.4215	4.5041
1/27/2019	15:05:27	1812.61	4.0709	4.5026	4.4198	4.5031
1/27/2019	15:05:28	1814	4.068	4.5031	4.4188	4.5024
1/27/2019	15:05:30	1815.52	4.068	4.5018	4.4213	4.5008
1/27/2019	15:05:31	1816.95	4.0662	4.5008	4.4221	4.5009
1/27/2019	15:05:32	1818.02	4.0708	4.5011	4.4238	4.5021
1/27/2019	15:05:34	1819.62	4.068	4.5008	4.4247	4.5017
1/27/2019	15:05:35	1820.95	4.0701	4.501	4.422	4.5012
1/27/2019	15:05:37	1822.53	4.0675	4.5028	4.4217	4.4998
1/27/2019	15:05:38	1823.8	4.0696	4.5039	4.4204	4.5015
1/27/2019	15:05:39	1825.33	4.0674	4.5048	4.4238	4.5024
1/27/2019	15:05:41	1826.86	4.0693	4.5048	4.4251	4.5026
1/27/2019	15:05:42	1828.06	4.0696	4.5041	4.4254	4.503
1/27/2019	15:05:43	1829.22	4.0695	4.501	4.4228	4.5049
1/27/2019	15:05:44	1830.42	4.0688	4.4986	4.4212	4.5058
1/27/2019	15:05:46	1831.91	4.0692	4.4969	4.4224	4.505
1/27/2019	15:05:47	1833.03	4.0717	4.497	4.4238	4.5026
1/27/2019	15:05:49	1834.66	4.0724	4.4993	4.4241	4.5002
1/27/2019	15:05:50	1836.03	4.0721	4.5005	4.4235	4.4977
1/27/2019	15:05:51	1837.23	4.0727	4.5018	4.4235	4.4971
1/27/2019	15:05:53	1838.52	4.0713	4.5009	4.4254	4.4996
1/27/2019	15:05:54	1839.69	4.0714	4.4992	4.4264	4.5012
1/27/2019	15:05:55	1841.34	4.0694	4.4996	4.4254	4.5024
1/27/2019	15:05:57	1842.86	4.0726	4.4998	4.424	4.5021
1/27/2019	15:05:58	1844.16	4.0714	4.5002	4.4228	4.5008
1/27/2019	15:05:59	1845.44	4.0745	4.4982	4.4225	4.5002
1/27/2019	15:06:01	1846.59	4.0723	4.4975	4.4214	4.5012
1/27/2019	15:06:02	1847.75	4.0737	4.4988	4.423	4.5009
1/27/2019	15:06:03	1849.3	4.0731	4.5003	4.4235	4.5013
1/27/2019	15:06:05	1850.86	4.0748	4.4995	4.4257	4.5005
1/27/2019	15:06:06	1852.2	4.077	4.499	4.4245	4.5034
1/27/2019	15:06:07	1853.37	4.0787	4.4993	4.4274	4.5024
1/27/2019	15:06:09	1855.09	4.0783	4.5006	4.4249	4.5019
1/27/2019	15:06:11	1856.91	4.0791	4.5002	4.4248	4.5012
1/27/2019	15:06:12	1858.2	4.0816	4.4992	4.4237	4.5025
1/27/2019	15:06:13	1859.42	4.0829	4.5012	4.4268	4.5021
1/27/2019	15:06:15	1860.62	4.0828	4.5028	4.4261	4.502
1/27/2019	15:06:16	1861.97	4.0821	4.5055	4.4264	4.4997
1/27/2019	15:06:17	1863.06	4.0829	4.5052	4.4237	4.5012
1/27/2019	15:06:18	1864.27	4.0872	4.5035	4.4235	4.5002
1/27/2019	15:06:19	1865.42	4.09	4.5008	4.4227	4.5016
1/27/2019	15:06:21	1867.05	4.0929	4.499	4.4248	4.5005
1/27/2019	15:06:22	1868.34	4.0945	4.4995	4.4268	4.5013
1/27/2019	15:06:24	1869.92	4.0919	4.5008	4.4272	4.5021
1/27/2019	15:06:25	1871.05	4.0917	4.5005	4.4248	4.5021
1/27/2019	15:06:26	1872.36	4.09	4.5005	4.4208	4.502
1/27/2019	15:06:28	1873.77	4.0942	4.4986	4.4195	4.501
1/27/2019	15:06:29	1875.41	4.0944	4.4985	4.419	4.5009
1/27/2019	15:06:31	1876.67	4.0962	4.4985	4.42	4.5017
1/27/2019	15:06:32	1877.87	4.0966	4.499	4.4188	4.5013
1/27/2019	15:06:33	1879.11	4.1005	4.4989	4.4204	4.5006
1/27/2019	15:06:34	1880.44	4.1017	4.4992	4.4207	4.5008
1/27/2019	15:06:36	1881.91	4.1011	4.5011	4.4208	4.5032
1/27/2019	15:06:37	1883.05	4.1009	4.5025	4.4197	4.5032
1/27/2019	15:06:39	1884.52	4.103	4.4993	4.4194	4.5046
1/27/2019	15:06:40	1885.77	4.1066	4.4978	4.421	4.5051
1/27/2019	15:06:41	1887.37	4.1099	4.496	4.425	4.5058
1/27/2019	15:06:43	1888.47	4.1111	4.4992	4.426	4.504
1/27/2019	15:06:44	1890.14	4.1132	4.4983	4.4278	4.5021
1/27/2019	15:06:46	1891.78	4.1111	4.4992	4.4248	4.5023
1/27/2019	15:06:47	1892.98	4.1114	4.4982	4.4244	4.5006
1/27/2019	15:06:48	1894.11	4.1105	4.4965	4.4215	4.5025
1/27/2019	15:06:49	1895.31	4.1124	4.4952	4.422	4.5047
1/27/2019	15:06:51	1896.59	4.1147	4.496	4.4237	4.5077
1/27/2019	15:06:52	1898.05	4.1145	4.4985	4.4251	4.5061
1/27/2019	15:06:53	1899.23	4.1169	4.4992	4.4257	4.5034
1/27/2019	15:06:55	1900.81	4.116	4.5	4.4265	4.5019
1/27/2019	15:06:57	1902.5	4.1171	4.5012	4.4264	4.5029
1/27/2019	15:06:58	1903.92	4.1159	4.5023	4.4242	4.5036
1/27/2019	15:06:59	1905.11	4.1181	4.5009	4.4225	4.505
1/27/2019	15:07:01	1906.69	4.121	4.501	4.4214	4.5046
1/27/2019	15:07:02	1908.45	4.1239	4.5	4.4214	4.5055
1/27/2019	15:07:04	1909.8	4.1247	4.4999	4.4218	4.5034
1/27/2019	15:07:05	1911	4.1227	4.4982	4.4201	4.5013
1/27/2019	15:07:07	1912.48	4.1234	4.4988	4.4215	4.4986
1/27/2019	15:07:08	1913.92	4.1237	4.5011	4.4225	4.4974
1/27/2019	15:07:09	1915.2	4.1244	4.5001	4.4255	4.4958
1/27/2019	15:07:11	1916.47	4.1239	4.4986	4.4255	4.4983
1/27/2019	15:07:12	1917.97	4.1231	4.4985	4.424	4.4998
1/27/2019	15:07:14	1919.7	4.1232	4.5	4.4215	4.5035
1/27/2019	15:07:15	1920.84	4.1248	4.5024	4.4188	4.5025
1/27/2019	15:07:16	1922.23	4.1254	4.5015	4.4173	4.5027
1/27/2019	15:07:18	1923.61	4.1275	4.5002	4.4191	4.5015
1/27/2019	15:07:19	1924.8	4.1243	4.4986	4.4218	4.5001
1/27/2019	15:07:20	1926.09	4.1252	4.4993	4.423	4.5013
1/27/2019	15:07:21	1927.3	4.1231	4.5005	4.4235	4.5019
1/27/2019	15:07:23	1928.52	4.1251	4.4976	4.4237	4.5027
1/27/2019	15:07:24	1929.78	4.1226	4.4954	4.4239	4.5027
1/27/2019	15:07:25	1931.36	4.1248	4.4937	4.4241	4.5029
1/27/2019	15:07:27	1932.72	4.1265	4.496	4.4231	4.5042
1/27/2019	15:07:28	1934.02	4.1297	4.4953	4.4241	4.5035
1/27/2019	15:07:29	1935.19	4.1304	4.498	4.4221	4.5042
1/27/2019	15:07:31	1936.61	4.1331	4.4985	4.4215	4.5039
1/27/2019	15:07:32	1937.92	4.1346	4.5005	4.4197	4.5016
1/27/2019	15:07:33	1939.16	4.1346	4.5003	4.4194	4.5012
1/27/2019	15:07:34	1940.36	4.1334	4.5001	4.4221	4.5009
1/27/2019	15:07:36	1941.59	4.1323	4.4988	4.4221	4.5038
1/27/2019	15:07:37	1943.05	4.1313	4.4988	4.4224	4.5025
1/27/2019	15:07:39	1944.47	4.1297	4.4998	4.421	4.5025
1/27/2019	15:07:40	1945.59	4.1311	4.4993	4.4211	4.5028
1/27/2019	15:07:41	1947.16	4.1329	4.4976	4.4235	4.5028
1/27/2019	15:07:43	1948.48	4.1328	4.4965	4.4234	4.5032
1/27/2019	15:07:44	1949.56	4.1308	4.4953	4.4254	4.5019
1/27/2019	15:07:45	1950.69	4.1319	4.4957	4.4242	4.5023
1/27/2019	15:07:46	1951.87	4.132	4.4946	4.4239	4.501
1/27/2019	15:07:48	1953.5	4.133	4.495	4.4254	4.4994
1/27/2019	15:07:49	1954.75	4.1331	4.4933	4.4262	4.5004
1/27/2019	15:07:51	1956.58	4.1342	4.4939	4.4284	4.5027
1/27/2019	15:07:52	1957.87	4.135	4.495	4.4264	4.5046
1/27/2019	15:07:53	1959.11	4.1335	4.4956	4.4265	4.5043
1/27/2019	15:07:54	1960.25	4.1324	4.4959	4.4254	4.5017
1/27/2019	15:07:55	1961.36	4.1316	4.4953	4.4252	4.501
1/27/2019	15:07:57	1962.67	4.1309	4.4966	4.4231	4.5006
1/27/2019	15:07:58	1964.14	4.1316	4.4962	4.4217	4.5027
1/27/2019	15:07:59	1965.3	4.1307	4.4967	4.4225	4.5038
1/27/2019	15:08:01	1966.91	4.1291	4.4975	4.4224	4.5032
1/27/2019	15:08:02	1968.31	4.1279	4.4989	4.4242	4.502
1/27/2019	15:08:04	1969.5	4.1262	4.4979	4.4241	4.5013
1/27/2019	15:08:05	1971.12	4.1268	4.497	4.4262	4.5004
1/27/2019	15:08:07	1972.62	4.1285	4.4955	4.4237	4.5017
1/27/2019	15:08:08	1973.97	4.1289	4.4972	4.4224	4.5038
1/27/2019	15:08:09	1975.28	4.13	4.4969	4.4218	4.5072
1/27/2019	15:08:11	1976.59	4.1289	4.4965	4.4234	4.5059
1/27/2019	15:08:12	1977.84	4.1287	4.4953	4.4231	4.5032
1/27/2019	15:08:13	1979.16	4.1284	4.4953	4.4228	4.501
1/27/2019	15:08:14	1980.36	4.1268	4.4953	4.4222	4.5001
1/27/2019	15:08:16	1981.77	4.1285	4.4946	4.4232	4.5006
1/27/2019	15:08:17	1982.95	4.1292	4.494	4.4241	4.5004
1/27/2019	15:08:18	1984.37	4.1315	4.4946	4.4245	4.5029
1/27/2019	15:08:20	1985.92	4.1299	4.4952	4.4248	4.5025
1/27/2019	15:08:21	1987.2	4.1285	4.4952	4.4211	4.5032
1/27/2019	15:08:23	1988.53	4.1301	4.4947	4.4201	4.5016
1/27/2019	15:08:24	1989.73	4.1339	4.4947	4.4192	4.5017
1/27/2019	15:08:25	1991.28	4.1376	4.4957	4.4214	4.502
1/27/2019	15:08:27	1993.05	4.1396	4.4957	4.4221	4.5017
1/27/2019	15:08:28	1994.19	4.14	4.4982	4.4232	4.5006
1/27/2019	15:08:30	1996.16	4.1419	4.499	4.4232	4.5004
1/27/2019	15:08:32	1997.62	4.143	4.4976	4.4252	4.5012
1/27/2019	15:08:33	1999.03	4.1458	4.4937	4.4267	4.5025
1/27/2019	15:08:36	2001.52	4.1477	4.4916	4.4261	4.5031
1/27/2019	15:08:37	2002.61	4.1488	4.493	4.4261	4.5023
1/27/2019	15:08:38	2003.73	4.1493	4.4943	4.4249	4.5028
1/27/2019	15:08:39	2004.73	4.1493	4.4956	4.4249	4.5031
1/27/2019	15:08:40	2005.77	4.1483	4.4962	4.4235	4.5032
1/27/2019	15:08:41	2006.83	4.1493	4.4957	4.4214	4.5017
1/27/2019	15:08:43	2009.2	4.1523	4.4952	4.4227	4.5002
1/27/2019	15:08:44	2010.41	4.152	4.4957	4.4221	4.4997
1/27/2019	15:08:46	2011.8	4.1506	4.495	4.4247	4.5004
1/27/2019	15:08:47	2013.2	4.147	4.4942	4.4229	4.4998
1/27/2019	15:08:49	2014.48	4.1482	4.4939	4.4219	4.4994
1/27/2019	15:08:50	2015.84	4.1495	4.4942	4.4187	4.5005