Date	Time (HH:MM:SS)	Time (s)	Ch1	Ch2	Ch3	Ch4
1/28/2019	05:53:44	0	4.0811	4.2594	4.1203	4.1972
1/28/2019	05:53:46	2.23	4.083	4.2597	4.1205	4.1984
1/28/2019	05:53:48	3.5	4.0865	4.2586	4.1203	4.1994
1/28/2019	05:53:49	4.59	4.0921	4.2575	4.1209	4.1987
1/28/2019	05:53:50	5.61	4.0893	4.255	4.1197	4.1946
1/28/2019	05:53:51	6.62	4.0892	4.2526	4.118	4.1929
1/28/2019	05:53:52	7.7	4.0868	4.2511	4.1167	4.1938
1/28/2019	05:53:53	8.84	4.0879	4.252	4.1157	4.1941
1/28/2019	05:53:54	9.97	4.0862	4.2523	4.1158	4.1925
1/28/2019	05:53:55	10.97	4.0863	4.2516	4.1161	4.1924
1/28/2019	05:53:56	12.08	4.0839	4.2495	4.1166	4.1899
1/28/2019	05:53:57	13.2	4.0835	4.2477	4.1152	4.1868
1/28/2019	05:53:58	14.25	4.0823	4.2461	4.1135	4.1836
1/28/2019	05:54:00	15.55	4.0822	4.2467	4.1129	4.1842
1/28/2019	05:54:01	17.2	4.0802	4.2467	4.1127	4.1868
1/28/2019	05:54:02	18.23	4.0818	4.2466	4.1137	4.1869
1/28/2019	05:54:03	19.25	4.0835	4.2468	4.1133	4.1881
1/28/2019	05:54:04	20.27	4.0865	4.2454	4.114	4.1868
1/28/2019	05:54:05	21.28	4.0867	4.2462	4.1124	4.1871
1/28/2019	05:54:06	22.42	4.0871	4.2443	4.1111	4.1863
1/28/2019	05:54:08	23.53	4.0871	4.2436	4.1099	4.1872
1/28/2019	05:54:09	24.7	4.0872	4.2414	4.1092	4.188
1/28/2019	05:54:10	25.73	4.0867	4.2404	4.1076	4.1863
1/28/2019	05:54:11	26.78	4.0862	4.2388	4.1066	4.1846
1/28/2019	05:54:12	28.11	4.0835	4.2387	4.1049	4.1813
1/28/2019	05:54:13	29.27	4.0797	4.2373	4.1046	4.1836
1/28/2019	05:54:15	30.5	4.0794	4.2385	4.1057	4.1819
1/28/2019	05:54:16	32.02	4.0792	4.2383	4.1072	4.1817
1/28/2019	05:54:17	33.3	4.0804	4.238	4.1083	4.1807
1/28/2019	05:54:19	34.67	4.0804	4.2373	4.1068	4.1828
1/28/2019	05:54:20	35.92	4.0788	4.2365	4.107	4.184
1/28/2019	05:54:21	37.03	4.0768	4.2363	4.1071	4.1793
1/28/2019	05:54:23	38.61	4.0732	4.2344	4.1053	4.177
1/28/2019	05:54:24	39.72	4.0715	4.2335	4.1052	4.1751
1/28/2019	05:54:25	40.77	4.0684	4.2332	4.1037	4.1776
1/28/2019	05:54:26	41.84	4.0663	4.2344	4.1044	4.1778
1/28/2019	05:54:27	43.34	4.0655	4.2355	4.1036	4.1779
1/28/2019	05:54:29	44.59	4.0659	4.2352	4.1027	4.1773
1/28/2019	05:54:30	45.78	4.0655	4.2332	4.1029	4.1747
1/28/2019	05:54:31	47.02	4.066	4.2308	4.1028	4.1724
1/28/2019	05:54:32	48.3	4.0663	4.2302	4.1033	4.172
1/28/2019	05:54:34	49.62	4.0689	4.2295	4.1016	4.172
1/28/2019	05:54:35	50.7	4.0664	4.2284	4.1011	4.172
1/28/2019	05:54:36	51.86	4.068	4.2263	4.0994	4.1718
1/28/2019	05:54:37	53.11	4.0652	4.2259	4.0987	4.1722
1/28/2019	05:54:38	54.23	4.0631	4.2274	4.0976	4.171
1/28/2019	05:54:40	55.64	4.0608	4.2291	4.0962	4.169
1/28/2019	05:54:41	57.11	4.0606	4.2295	4.095	4.1663
1/28/2019	05:54:42	58.44	4.0625	4.2276	4.0935	4.1654
1/28/2019	05:54:44	59.78	4.061	4.2256	4.0928	4.1648
1/28/2019	05:54:45	61.22	4.0595	4.2243	4.0936	4.1669
1/28/2019	05:54:46	62.45	4.0575	4.2227	4.0926	4.1665
1/28/2019	05:54:48	63.89	4.0583	4.2226	4.0931	4.165
1/28/2019	05:54:49	65.12	4.0601	4.2206	4.0924	4.1636
1/28/2019	05:54:50	66.41	4.0614	4.2215	4.093	4.1626
1/28/2019	05:54:52	67.69	4.0601	4.2194	4.093	4.1652
1/28/2019	05:54:53	68.84	4.0586	4.2218	4.0922	4.1658
1/28/2019	05:54:54	70.09	4.0576	4.2197	4.0924	4.1684
1/28/2019	05:54:55	71.34	4.0565	4.2207	4.0914	4.1674
1/28/2019	05:54:57	72.78	4.0525	4.2197	4.0915	4.1675
1/28/2019	05:54:58	74.11	4.0522	4.2199	4.0908	4.1669
1/28/2019	05:55:00	75.55	4.0545	4.2191	4.0902	4.166
1/28/2019	05:55:01	76.78	4.0555	4.2166	4.09	4.1639
1/28/2019	05:55:02	77.77	4.0553	4.2162	4.0891	4.1632
1/28/2019	05:55:03	78.8	4.0537	4.216	4.0892	4.1623
1/28/2019	05:55:04	80.03	4.0541	4.2185	4.0895	4.1619
1/28/2019	05:55:05	81.25	4.0555	4.2189	4.09	4.1609
1/28/2019	05:55:06	82.39	4.0574	4.2196	4.0913	4.1599
1/28/2019	05:55:07	83.44	4.0583	4.2162	4.0915	4.1626
1/28/2019	05:55:08	84.44	4.0574	4.2145	4.0917	4.1611
1/28/2019	05:55:10	85.75	4.055	4.2126	4.0914	4.1616
1/28/2019	05:55:11	87.02	4.0542	4.2144	4.0917	4.1594
1/28/2019	05:55:12	88.42	4.0534	4.2144	4.0915	4.1576
1/28/2019	05:55:14	89.73	4.0517	4.2145	4.0915	4.1565
1/28/2019	05:55:15	90.97	4.0523	4.2145	4.0909	4.1557
1/28/2019	05:55:17	93.42	4.053	4.2143	4.0915	4.156
1/28/2019	05:55:19	94.8	4.0546	4.2146	4.091	4.1551
1/28/2019	05:55:20	96.03	4.0547	4.2132	4.0893	4.1521
1/28/2019	05:55:21	97.09	4.0523	4.2125	4.0871	4.1538
1/28/2019	05:55:22	98.19	4.0527	4.212	4.0865	4.152
1/28/2019	05:55:23	99.36	4.0546	4.2117	4.0875	4.1531
1/28/2019	05:55:25	100.61	4.0532	4.2112	4.0866	4.1499
1/28/2019	05:55:26	102.11	4.0516	4.2093	4.087	4.1481
1/28/2019	05:55:27	103.11	4.0473	4.2088	4.0855	4.1456
1/28/2019	05:55:28	104.14	4.0483	4.2104	4.0847	4.1459
1/28/2019	05:55:30	105.52	4.0458	4.2105	4.0827	4.1475
1/28/2019	05:55:31	106.78	4.045	4.2115	4.0825	4.1487
1/28/2019	05:55:32	108.12	4.0454	4.2113	4.0812	4.1507
1/28/2019	05:55:33	109.34	4.0453	4.2103	4.08	4.1503
1/28/2019	05:55:35	110.59	4.0444	4.209	4.0799	4.1498
1/28/2019	05:55:36	112.19	4.0435	4.2054	4.08	4.1467
1/28/2019	05:55:38	113.58	4.0461	4.2055	4.0786	4.1479
1/28/2019	05:55:39	114.92	4.0501	4.2055	4.0771	4.1472
1/28/2019	05:55:41	116.83	4.0504	4.2076	4.0763	4.1477
1/28/2019	05:55:42	117.84	4.0494	4.2076	4.076	4.1459
1/28/2019	05:55:43	118.86	4.0491	4.2063	4.0749	4.1459
1/28/2019	05:55:44	120.03	4.0491	4.2049	4.0763	4.1444
1/28/2019	05:55:45	121.12	4.051	4.2045	4.076	4.1441
1/28/2019	05:55:46	122.25	4.0492	4.2046	4.0767	4.1421
1/28/2019	05:55:47	123.33	4.05	4.2043	4.0762	4.1399
1/28/2019	05:55:48	124.45	4.0489	4.2038	4.0768	4.1387
1/28/2019	05:55:50	125.48	4.0457	4.2027	4.0762	4.1393
1/28/2019	05:55:51	126.67	4.0415	4.203	4.0753	4.1419
1/28/2019	05:55:52	127.72	4.0401	4.2038	4.0751	4.1428
1/28/2019	05:55:53	128.94	4.0394	4.2047	4.0741	4.1436
1/28/2019	05:55:54	130.08	4.0413	4.2049	4.0743	4.1438
1/28/2019	05:55:56	131.73	4.0387	4.2041	4.0733	4.1418
1/28/2019	05:55:57	132.83	4.0382	4.2034	4.0736	4.1423
1/28/2019	05:55:58	133.97	4.0369	4.2037	4.0742	4.141
1/28/2019	05:55:59	135.03	4.0363	4.2041	4.0753	4.1426
1/28/2019	05:56:00	136.44	4.0375	4.2039	4.0758	4.1398
1/28/2019	05:56:02	137.5	4.037	4.203	4.0742	4.1403
1/28/2019	05:56:03	138.53	4.0349	4.2033	4.0753	4.1383
1/28/2019	05:56:04	139.75	4.0337	4.203	4.0751	4.1367
1/28/2019	05:56:05	140.86	4.0348	4.2025	4.075	4.1355
1/28/2019	05:56:06	142.23	4.0354	4.201	4.0736	4.1354
1/28/2019	05:56:08	143.59	4.0356	4.201	4.0733	4.1351
1/28/2019	05:56:09	144.67	4.0325	4.2009	4.0738	4.1351
1/28/2019	05:56:10	145.8	4.0328	4.1994	4.0727	4.1367
1/28/2019	05:56:11	146.91	4.0348	4.1981	4.0705	4.1387
1/28/2019	05:56:12	147.98	4.0386	4.1961	4.0695	4.1385
1/28/2019	05:56:13	149	4.0391	4.1967	4.0696	4.1374
1/28/2019	05:56:14	150.08	4.0382	4.1959	4.0708	4.1382
1/28/2019	05:56:15	151.22	4.0351	4.1976	4.0695	4.1373
1/28/2019	05:56:16	152.23	4.0366	4.1979	4.0693	4.135
1/28/2019	05:56:17	153.27	4.0348	4.1983	4.0691	4.1322
1/28/2019	05:56:18	154.34	4.035	4.1993	4.0693	4.1312
1/28/2019	05:56:19	155.42	4.035	4.1988	4.0691	4.1327
1/28/2019	05:56:21	156.47	4.0343	4.1996	4.0686	4.1337
1/28/2019	05:56:22	157.61	4.034	4.1975	4.0699	4.1348
1/28/2019	05:56:23	158.67	4.0331	4.198	4.0692	4.1359
1/28/2019	05:56:24	159.7	4.0327	4.197	4.0695	4.1362
1/28/2019	05:56:25	160.86	4.0307	4.1975	4.0687	4.1351
1/28/2019	05:56:26	162.16	4.0315	4.1973	4.0683	4.1338
1/28/2019	05:56:27	163.16	4.0349	4.1988	4.0661	4.1297
1/28/2019	05:56:28	164.2	4.0367	4.198	4.0633	4.1287
1/28/2019	05:56:29	165.34	4.037	4.1972	4.062	4.126
1/28/2019	05:56:31	166.52	4.0346	4.1954	4.0626	4.1277
1/28/2019	05:56:32	167.5	4.0352	4.1963	4.062	4.1303
1/28/2019	05:56:33	168.62	4.032	4.1963	4.0624	4.1294
1/28/2019	05:56:34	169.75	4.0306	4.196	4.0632	4.1277
1/28/2019	05:56:35	170.84	4.0297	4.1956	4.0652	4.1223
1/28/2019	05:56:36	171.91	4.0305	4.1958	4.0637	4.1234
1/28/2019	05:56:37	173.42	4.0297	4.1946	4.0636	4.1233
1/28/2019	05:56:39	174.58	4.0298	4.1925	4.0633	4.1242
1/28/2019	05:56:40	175.66	4.0283	4.1921	4.0644	4.1244
1/28/2019	05:56:41	176.67	4.027	4.1929	4.0643	4.1262
1/28/2019	05:56:42	177.69	4.0267	4.1935	4.0644	4.1279
1/28/2019	05:56:43	178.7	4.0263	4.1917	4.0639	4.1289
1/28/2019	05:56:44	179.86	4.0291	4.1913	4.0634	4.1288
1/28/2019	05:56:45	180.87	4.0267	4.1896	4.0624	4.1278
1/28/2019	05:56:46	181.97	4.0253	4.1914	4.0639	4.1254
1/28/2019	05:56:47	183.11	4.0223	4.1906	4.0649	4.1247
1/28/2019	05:56:48	184.23	4.0197	4.1912	4.0662	4.1249
1/28/2019	05:56:49	185.25	4.0203	4.1888	4.0646	4.1241
1/28/2019	05:56:51	186.87	4.0211	4.1883	4.0621	4.1235
1/28/2019	05:56:52	188.03	4.0247	4.1873	4.0605	4.1239
1/28/2019	05:56:53	189.12	4.0245	4.1883	4.0607	4.1245
1/28/2019	05:56:54	190.16	4.0246	4.1887	4.0629	4.1231
1/28/2019	05:56:55	191.17	4.0226	4.1894	4.0627	4.1207
1/28/2019	05:56:56	192.19	4.0211	4.188	4.061	4.1198
1/28/2019	05:56:57	193.3	4.0182	4.1888	4.0594	4.1201
1/28/2019	05:56:59	194.64	4.0162	4.1891	4.0588	4.1213
1/28/2019	05:57:00	196.08	4.0166	4.1888	4.0596	4.1201
1/28/2019	05:57:01	197.16	4.0181	4.1887	4.0586	4.12
1/28/2019	05:57:02	198.28	4.0184	4.1877	4.0584	4.1194
1/28/2019	05:57:03	199.41	4.0185	4.1888	4.0583	4.1204
1/28/2019	05:57:04	200.45	4.0183	4.1887	4.0588	4.1181
1/28/2019	05:57:06	201.53	4.0193	4.1883	4.0582	4.1174
1/28/2019	05:57:07	202.56	4.0189	4.1879	4.0584	4.115
1/28/2019	05:57:08	203.72	4.0198	4.1875	4.0576	4.1165
1/28/2019	05:57:09	204.89	4.0163	4.1862	4.0577	4.1149
1/28/2019	05:57:10	206.27	4.0158	4.1858	4.0564	4.1151
1/28/2019	05:57:12	207.62	4.0128	4.185	4.058	4.1144
1/28/2019	05:57:13	208.89	4.0119	4.1856	4.0584	4.1153
1/28/2019	05:57:14	210.22	4.0133	4.1854	4.058	4.1173
1/28/2019	05:57:16	211.58	4.0161	4.1856	4.0556	4.1174
1/28/2019	05:57:17	212.92	4.0189	4.1871	4.0551	4.1168
1/28/2019	05:57:18	214.2	4.0166	4.1876	4.0566	4.1162
1/28/2019	05:57:20	215.47	4.0155	4.1882	4.0556	4.1154
1/28/2019	05:57:21	217	4.0127	4.1877	4.0564	4.1136
1/28/2019	05:57:23	218.81	4.0124	4.1864	4.0547	4.1111
1/28/2019	05:57:24	220.31	4.011	4.1854	4.057	4.1093
1/28/2019	05:57:26	221.61	4.0113	4.1851	4.056	4.1085
1/28/2019	05:57:27	223.17	4.0099	4.1851	4.0561	4.1089
1/28/2019	05:57:29	224.55	4.007	4.1851	4.0557	4.1096
1/28/2019	05:57:31	226.94	4.0067	4.1857	4.0552	4.1102
1/28/2019	05:57:32	228.45	4.0049	4.1853	4.0542	4.108
1/28/2019	05:57:34	229.86	4.0038	4.1861	4.0529	4.1051
1/28/2019	05:57:35	231.44	4.0033	4.1841	4.0507	4.1043
1/28/2019	05:57:37	232.61	4.0027	4.1847	4.0507	4.1053
1/28/2019	05:57:38	234.12	4.0038	4.181	4.0478	4.1059
1/28/2019	05:57:39	235.34	4.0054	4.1801	4.0489	4.1059
1/28/2019	05:57:41	236.89	4.0055	4.1785	4.048	4.1056
1/28/2019	05:57:42	238.28	4.0046	4.1776	4.0487	4.1054
1/28/2019	05:57:44	239.84	4.0038	4.1793	4.0474	4.103
1/28/2019	05:57:45	241.12	4.0024	4.1799	4.0474	4.1011
1/28/2019	05:57:47	242.59	4.0026	4.1797	4.0472	4.1017
1/28/2019	05:57:48	243.87	4.0037	4.1786	4.0454	4.1032
1/28/2019	05:57:49	245.23	4.0068	4.1782	4.0438	4.1051
1/28/2019	05:57:51	246.78	4.0099	4.1805	4.0432	4.1052
1/28/2019	05:57:52	248.28	4.0075	4.1807	4.0463	4.105
1/28/2019	05:57:54	249.66	4.007	4.1796	4.0467	4.1036
1/28/2019	05:57:55	251.19	4.0053	4.1793	4.0467	4.1027
1/28/2019	05:57:56	252.45	4.0057	4.1799	4.0454	4.103
1/28/2019	05:57:58	253.83	4.0043	4.1807	4.0464	4.1031
1/28/2019	05:57:59	255.12	4.0034	4.1799	4.0459	4.103
1/28/2019	05:58:01	256.53	4.0038	4.1776	4.0455	4.1015
1/28/2019	05:58:02	257.95	4.0038	4.1775	4.0435	4.1017
1/28/2019	05:58:03	259.28	4.0016	4.1762	4.0441	4.1021
1/28/2019	05:58:05	260.67	4.0006	4.1758	4.0422	4.1021
1/28/2019	05:58:06	262.08	3.9997	4.1754	4.0415	4.1032
1/28/2019	05:58:08	263.47	3.999	4.1758	4.0406	4.1042
1/28/2019	05:58:09	264.89	3.9978	4.1756	4.041	4.1023
1/28/2019	05:58:10	266.31	3.998	4.1738	4.0406	4.0988
1/28/2019	05:58:12	267.81	3.9989	4.1733	4.0399	4.0964
1/28/2019	05:58:13	269.23	3.9985	4.1714	4.0401	4.0966
1/28/2019	05:58:15	270.81	3.9976	4.1712	4.0401	4.0961
1/28/2019	05:58:16	271.97	3.9977	4.1708	4.039	4.0946
1/28/2019	05:58:18	273.48	3.9991	4.1736	4.0377	4.0937
1/28/2019	05:58:19	274.75	4.001	4.1744	4.0375	4.0923
1/28/2019	05:58:20	276.23	3.999	4.1735	4.0389	4.092
1/28/2019	05:58:21	277.42	3.9989	4.1719	4.0395	4.0946
1/28/2019	05:58:23	279.05	3.9995	4.171	4.0395	4.0975
1/28/2019	05:58:24	280.31	3.9992	4.1721	4.0386	4.0995
1/28/2019	05:58:26	281.91	3.9972	4.1729	4.0382	4.0983
1/28/2019	05:58:27	283.06	3.995	4.1729	4.0386	4.0958
1/28/2019	05:58:29	284.59	3.9972	4.1719	4.04	4.0935
1/28/2019	05:58:30	285.86	3.9963	4.1728	4.0416	4.0912
1/28/2019	05:58:31	287.37	3.9934	4.1739	4.0383	4.0929
1/28/2019	05:58:33	288.55	3.9908	4.1743	4.0366	4.0924
1/28/2019	05:58:34	290.09	3.9914	4.1725	4.035	4.094
1/28/2019	05:58:36	291.48	3.9904	4.1707	4.0377	4.0939
1/28/2019	05:58:37	293.03	3.9905	4.1697	4.038	4.0937
1/28/2019	05:58:38	294.44	3.9881	4.1691	4.0372	4.0955
1/28/2019	05:58:40	295.8	3.9912	4.1681	4.0373	4.093
1/28/2019	05:58:41	297.14	3.9901	4.1694	4.0373	4.0943
1/28/2019	05:58:43	298.66	3.9912	4.1707	4.0367	4.0899
1/28/2019	05:58:44	299.89	3.9908	4.172	4.0349	4.0911
1/28/2019	05:58:45	301.3	3.9908	4.1707	4.0336	4.0877
1/28/2019	05:58:47	302.62	3.9922	4.1685	4.0349	4.0886
1/28/2019	05:58:48	304.09	3.9927	4.1682	4.0353	4.0863
1/28/2019	05:58:50	305.55	3.9952	4.1684	4.0375	4.0877
1/28/2019	05:58:51	307.05	3.9967	4.1686	4.0364	4.0859
1/28/2019	05:58:53	308.59	3.9972	4.1693	4.0386	4.0872
1/28/2019	05:58:54	310.02	3.9941	4.1677	4.0378	4.0861
1/28/2019	05:58:56	311.48	3.9912	4.1677	4.0405	4.0889
1/28/2019	05:58:57	312.72	3.9894	4.1668	4.0386	4.0877
1/28/2019	05:58:58	314.06	3.989	4.1667	4.0366	4.0876
1/28/2019	05:58:59	315.33	3.9885	4.1656	4.0327	4.0853
1/28/2019	05:59:01	316.59	3.9884	4.1653	4.0306	4.0853
1/28/2019	05:59:02	318.28	3.9874	4.1668	4.0296	4.0856
1/28/2019	05:59:04	319.58	3.9855	4.1669	4.0278	4.086
1/28/2019	05:59:05	320.97	3.986	4.1653	4.0296	4.0867
1/28/2019	05:59:06	322.42	3.9867	4.1648	4.0297	4.087
1/28/2019	05:59:08	323.64	3.9866	4.1656	4.0307	4.0867
1/28/2019	05:59:09	325.22	3.9849	4.1657	4.0297	4.0842
1/28/2019	05:59:11	326.55	3.9847	4.1657	4.0306	4.0828
1/28/2019	05:59:12	328.05	3.9863	4.1644	4.0301	4.0813
1/28/2019	05:59:14	329.61	3.9831	4.1652	4.0279	4.0805
1/28/2019	05:59:15	331.12	3.9814	4.1651	4.0274	4.0794
1/28/2019	05:59:17	332.62	3.9802	4.1668	4.0271	4.0781
1/28/2019	05:59:18	333.97	3.9793	4.1669	4.028	4.0783
1/28/2019	05:59:19	335.41	3.9773	4.1656	4.0275	4.0766
1/28/2019	05:59:21	336.81	3.9752	4.1634	4.0279	4.077
1/28/2019	05:59:22	338.34	3.9779	4.1622	4.0255	4.0762
1/28/2019	05:59:24	339.69	3.9791	4.1645	4.0241	4.0776
1/28/2019	05:59:25	341.06	3.9804	4.1646	4.024	4.0742
1/28/2019	05:59:26	342.3	3.9779	4.1634	4.0241	4.0727
1/28/2019	05:59:28	343.73	3.9782	4.1593	4.0225	4.0715
1/28/2019	05:59:29	344.94	3.9791	4.1585	4.0209	4.0722
1/28/2019	05:59:31	346.58	3.9797	4.1589	4.0213	4.0712
1/28/2019	05:59:32	347.87	3.9783	4.1618	4.0225	4.0704
1/28/2019	05:59:34	349.59	3.9765	4.1614	4.0213	4.0711
1/28/2019	05:59:35	351.12	3.9765	4.162	4.0217	4.0722
1/28/2019	05:59:37	352.53	3.9745	4.1601	4.0227	4.0735
1/28/2019	05:59:38	353.77	3.9734	4.1604	4.0217	4.0738
1/28/2019	05:59:40	355.5	3.972	4.1593	4.0204	4.0742
1/28/2019	05:59:41	356.97	3.9737	4.1595	4.0175	4.0722
1/28/2019	05:59:42	358.25	3.9735	4.1592	4.0179	4.0705
1/28/2019	05:59:44	359.67	3.9733	4.1588	4.0176	4.0685
1/28/2019	05:59:45	361.06	3.9741	4.158	4.0178	4.067
1/28/2019	05:59:46	362.17	3.9751	4.1579	4.0179	4.0654
1/28/2019	05:59:48	363.73	3.9714	4.1571	4.0193	4.0654
1/28/2019	05:59:50	365.72	3.9724	4.1573	4.0197	4.0643
1/28/2019	05:59:51	367.09	3.9681	4.1567	4.0177	4.0645
1/28/2019	05:59:53	368.62	3.9713	4.1577	4.0146	4.0619
1/28/2019	05:59:55	370.47	3.9665	4.156	4.0132	4.0589
1/28/2019	05:59:56	371.78	3.9678	4.1553	4.0141	4.0585
1/28/2019	05:59:57	373.22	3.9672	4.154	4.0124	4.0608
1/28/2019	05:59:59	374.61	3.9692	4.1562	4.0126	4.0644
1/28/2019	06:00:00	376.05	3.9664	4.1575	4.0117	4.0663
1/28/2019	06:00:02	377.58	3.9653	4.1581	4.0128	4.0659
1/28/2019	06:00:03	378.77	3.9668	4.157	4.0131	4.0651
1/28/2019	06:00:04	380.36	3.9677	4.1571	4.0131	4.0618
1/28/2019	06:00:06	381.56	3.9652	4.1562	4.0133	4.0611
1/28/2019	06:00:07	383.12	3.9601	4.1545	4.0135	4.0597
1/28/2019	06:00:08	384.31	3.961	4.1541	4.0138	4.0612
1/28/2019	06:00:10	385.66	3.9616	4.1557	4.0135	4.0596
1/28/2019	06:00:11	386.91	3.961	4.1569	4.0137	4.0591
1/28/2019	06:00:12	388.3	3.9581	4.1561	4.0132	4.0575
1/28/2019	06:00:14	389.52	3.9587	4.1537	4.014	4.0564
1/28/2019	06:00:15	390.98	3.9593	4.1545	4.0132	4.0568
1/28/2019	06:00:16	392.16	3.9599	4.1539	4.0126	4.0566
1/28/2019	06:00:18	393.62	3.9608	4.1556	4.0121	4.0584
1/28/2019	06:00:19	394.97	3.9615	4.154	4.0114	4.0559
1/28/2019	06:00:21	396.47	3.9629	4.1544	4.0118	4.0542
1/28/2019	06:00:22	398.02	3.9617	4.1539	4.01	4.0515
1/28/2019	06:00:23	399.42	3.9632	4.1536	4.0097	4.0515
1/28/2019	06:00:25	400.56	3.9645	4.1528	4.0086	4.0526
1/28/2019	06:00:26	402.03	3.9658	4.1526	4.0094	4.0544
1/28/2019	06:00:27	403.19	3.9666	4.1519	4.0093	4.0554
1/28/2019	06:00:29	404.94	3.9657	4.1513	4.0104	4.0564
1/28/2019	06:00:30	406.14	3.9657	4.1498	4.0092	4.055
1/28/2019	06:00:32	407.61	3.9621	4.1504	4.0065	4.0545
1/28/2019	06:00:33	408.94	3.9606	4.1505	4.0057	4.0517
1/28/2019	06:00:35	410.62	3.96	4.15	4.0046	4.0495
1/28/2019	06:00:36	412.03	3.96	4.1491	4.0055	4.0465
1/28/2019	06:00:38	413.5	3.959	4.1491	4.0037	4.0467
1/28/2019	06:00:39	415.12	3.9552	4.1501	4.0054	4.0482
1/28/2019	06:00:40	416.17	3.9567	4.1495	4.0059	4.0481
1/28/2019	06:00:42	417.67	3.958	4.1488	4.0056	4.0481
1/28/2019	06:00:43	418.91	3.9597	4.1489	4.0054	4.0464
1/28/2019	06:00:44	420.36	3.9575	4.1493	4.0042	4.0478
1/28/2019	06:00:46	421.7	3.9534	4.1489	4.0041	4.0458
1/28/2019	06:00:47	423.16	3.9533	4.1478	4.0044	4.0452
1/28/2019	06:00:48	424.33	3.9533	4.1468	4.0064	4.0439
1/28/2019	06:00:50	425.64	3.9553	4.148	4.0073	4.0439
1/28/2019	06:00:51	426.97	3.9546	4.148	4.007	4.0445
1/28/2019	06:00:53	428.5	3.9539	4.1509	4.0052	4.044
1/28/2019	06:00:54	429.61	3.9532	4.1493	4.0052	4.0429
1/28/2019	06:00:55	431.19	3.9525	4.1493	4.0027	4.0423
1/28/2019	06:00:57	432.47	3.95	4.1467	4.0039	4.044
1/28/2019	06:00:58	433.97	3.9496	4.1482	4.0022	4.0453
1/28/2019	06:00:59	435.41	3.9504	4.1471	4.0047	4.0462
1/28/2019	06:01:01	436.87	3.951	4.1474	4.0041	4.0464
1/28/2019	06:01:02	438.06	3.9516	4.1459	4.0059	4.0457
1/28/2019	06:01:04	439.55	3.9515	4.1475	4.0055	4.0469
1/28/2019	06:01:05	440.95	3.9544	4.1479	4.0055	4.0452
1/28/2019	06:01:07	442.55	3.9561	4.1476	4.0033	4.0447
1/28/2019	06:01:08	443.67	3.9553	4.1479	4.0031	4.0421
1/28/2019	06:01:09	445.12	3.9512	4.1467	4.0039	4.0416
1/28/2019	06:01:10	446.42	3.9488	4.1459	4.0064	4.04
1/28/2019	06:01:12	447.81	3.9477	4.1433	4.007	4.0395
1/28/2019	06:01:13	449.2	3.9495	4.1422	4.0044	4.0384
1/28/2019	06:01:15	450.7	3.9488	4.1422	4.0027	4.0371
1/28/2019	06:01:16	452.17	3.95	4.1432	4.0009	4.0353
1/28/2019	06:01:18	453.66	3.9487	4.144	4.0017	4.0357
1/28/2019	06:01:19	454.84	3.9482	4.1444	4.0001	4.0369
1/28/2019	06:01:20	456.27	3.9488	4.1443	3.9988	4.0377
1/28/2019	06:01:22	457.5	3.9491	4.1448	3.9974	4.0364
1/28/2019	06:01:23	459.06	3.9497	4.1457	3.9984	4.0363
1/28/2019	06:01:25	460.47	3.9465	4.1453	3.9979	4.0348
1/28/2019	06:01:26	462.14	3.9464	4.1451	3.9973	4.0331
1/28/2019	06:01:27	463.41	3.945	4.1443	3.9958	4.0337
1/28/2019	06:01:29	464.83	3.9444	4.1456	3.9954	4.0338
1/28/2019	06:01:30	466.3	3.943	4.1466	3.995	4.0343
1/28/2019	06:01:32	468.11	3.9418	4.1452	3.9933	4.0321
1/28/2019	06:01:34	469.7	3.944	4.1432	3.9934	4.0303
1/28/2019	06:01:35	471.09	3.9458	4.1417	3.9929	4.0304
1/28/2019	06:01:36	472.42	3.9476	4.143	3.995	4.0299
1/28/2019	06:01:38	473.77	3.9457	4.1451	3.9936	4.0296
1/28/2019	06:01:39	474.97	3.9469	4.1445	3.9944	4.0277
1/28/2019	06:01:40	476.23	3.9482	4.1448	3.9938	4.0273
1/28/2019	06:01:42	477.5	3.9494	4.144	3.9926	4.0263
1/28/2019	06:01:43	478.84	3.9489	4.1451	3.9911	4.0264
1/28/2019	06:01:44	480.12	3.9474	4.1437	3.99	4.0247
1/28/2019	06:01:45	481.42	3.9465	4.143	3.9904	4.0227
1/28/2019	06:01:47	482.66	3.9426	4.1407	3.9904	4.0218
1/28/2019	06:01:48	483.94	3.9419	4.1396	3.9892	4.0202
1/28/2019	06:01:49	485.19	3.9413	4.1371	3.9912	4.0206
1/28/2019	06:01:51	486.53	3.9418	4.1378	3.9907	4.02
1/28/2019	06:01:52	487.81	3.9397	4.1381	3.9919	4.0205
1/28/2019	06:01:53	489.06	3.9394	4.1385	3.9897	4.0211
1/28/2019	06:01:54	490.39	3.9381	4.1371	3.9897	4.02
1/28/2019	06:01:56	491.72	3.938	4.1362	3.9879	4.021
1/28/2019	06:01:57	492.98	3.9374	4.1344	3.9883	4.0218
1/28/2019	06:01:58	494.31	3.9397	4.1342	3.9872	4.0234
1/28/2019	06:02:00	495.61	3.9394	4.1342	3.9868	4.0221
1/28/2019	06:02:01	496.86	3.9398	4.1345	3.9849	4.0225
1/28/2019	06:02:02	498.22	3.9374	4.1342	3.9842	4.0225
1/28/2019	06:02:04	499.61	3.9378	4.1339	3.9834	4.0227
1/28/2019	06:02:05	500.92	3.9371	4.1353	3.9844	4.0203
1/28/2019	06:02:06	502.28	3.9376	4.1356	3.9837	4.0176
1/28/2019	06:02:07	503.45	3.9373	4.1341	3.9841	4.0169
1/28/2019	06:02:09	504.78	3.9344	4.1332	3.9813	4.0176
1/28/2019	06:02:10	506.14	3.9336	4.1343	3.9819	4.0162
1/28/2019	06:02:12	507.5	3.9321	4.1332	3.9808	4.0137
1/28/2019	06:02:13	508.83	3.935	4.1322	3.9809	4.0113
1/28/2019	06:02:14	510.16	3.9339	4.1297	3.9798	4.0117
1/28/2019	06:02:15	511.44	3.9339	4.1318	3.9787	4.0131
1/28/2019	06:02:17	512.75	3.9314	4.133	3.98	4.0131
1/28/2019	06:02:18	514.14	3.9327	4.1333	3.9793	4.0126
1/28/2019	06:02:19	515.42	3.9312	4.1326	3.9809	4.0142
1/28/2019	06:02:21	516.73	3.9311	4.1318	3.9788	4.0161
1/28/2019	06:02:22	518.09	3.9297	4.1321	3.9794	4.0174
1/28/2019	06:02:24	519.5	3.9311	4.132	3.9779	4.0173
1/28/2019	06:02:25	520.73	3.9286	4.1318	3.978	4.0159
1/28/2019	06:02:26	522.05	3.928	4.1327	3.977	4.0157
1/28/2019	06:02:27	523.3	3.9275	4.132	3.976	4.0149
1/28/2019	06:02:29	524.53	3.9307	4.1312	3.9768	4.015
1/28/2019	06:02:30	525.87	3.9304	4.1294	3.9774	4.0141
1/28/2019	06:02:31	527.3	3.93	4.1295	3.9782	4.0135
1/28/2019	06:02:33	528.55	3.9294	4.1294	3.9784	4.0121
1/28/2019	06:02:34	529.97	3.9285	4.13	3.978	4.0114
1/28/2019	06:02:36	531.59	3.9293	4.1295	3.9775	4.0078
1/28/2019	06:02:37	533.06	3.928	4.1309	3.9774	4.0071
1/28/2019	06:02:38	534.3	3.9268	4.1303	3.9762	4.007
1/28/2019	06:02:40	535.55	3.9264	4.1305	3.9764	4.0084
1/28/2019	06:02:41	536.97	3.9254	4.1293	3.9748	4.0081
1/28/2019	06:02:42	538.34	3.9289	4.1289	3.9745	4.0076
1/28/2019	06:02:44	539.81	3.927	4.1299	3.974	4.0069
1/28/2019	06:02:45	541.17	3.9266	4.1304	3.9735	4.0057
1/28/2019	06:02:47	542.64	3.9228	4.1295	3.9724	4.005
1/28/2019	06:02:48	543.81	3.9231	4.1277	3.9711	4.0051
1/28/2019	06:02:49	545.12	3.9218	4.1267	3.9718	4.0036
1/28/2019	06:02:50	546.44	3.9228	4.1291	3.9715	4.0016
1/28/2019	06:02:52	547.69	3.9206	4.1294	3.9715	4.0022
1/28/2019	06:02:53	549.03	3.9226	4.1302	3.9704	4.0029
1/28/2019	06:02:54	550.39	3.9195	4.1284	3.9728	4.0031
1/28/2019	06:02:56	551.84	3.9209	4.1299	3.9732	4.0017
1/28/2019	06:02:57	553.14	3.9205	4.1303	3.9725	4.0025
1/28/2019	06:02:58	554.42	3.9213	4.1302	3.9699	4.0041
1/28/2019	06:03:00	555.69	3.9226	4.1289	3.971	4.0056
1/28/2019	06:03:01	556.95	3.9216	4.1278	3.9705	4.0051
1/28/2019	06:03:02	558.23	3.9217	4.1286	3.9702	4.0051
1/28/2019	06:03:04	559.58	3.9189	4.1273	3.966	4.0039
1/28/2019	06:03:05	561	3.9162	4.1265	3.9656	4.0036
1/28/2019	06:03:06	562.31	3.9177	4.1258	3.9669	4.0022
1/28/2019	06:03:08	563.58	3.9169	4.1268	3.968	4
1/28/2019	06:03:09	564.91	3.9196	4.1268	3.9677	3.9974
1/28/2019	06:03:10	566.19	3.9193	4.1276	3.9656	3.9951
1/28/2019	06:03:11	567.44	3.921	4.1272	3.9667	3.9941
1/28/2019	06:03:13	568.8	3.9192	4.1285	3.9665	3.9957
1/28/2019	06:03:14	570.14	3.9173	4.1266	3.9673	3.9963
1/28/2019	06:03:15	571.41	3.9173	4.1275	3.966	3.9975
1/28/2019	06:03:17	572.83	3.9184	4.1257	3.9642	3.9964
1/28/2019	06:03:18	574.05	3.9207	4.1279	3.9653	3.9984
1/28/2019	06:03:19	575.36	3.9181	4.128	3.9664	3.998
1/28/2019	06:03:21	576.69	3.9157	4.1281	3.968	3.997
1/28/2019	06:03:22	578.09	3.9124	4.1261	3.9677	3.995
1/28/2019	06:03:23	579.25	3.9139	4.1246	3.9664	3.993
1/28/2019	06:03:25	580.56	3.9139	4.1246	3.9674	3.9936
1/28/2019	06:03:26	581.78	3.9148	4.125	3.9657	3.9919
1/28/2019	06:03:27	583.16	3.914	4.1249	3.9667	3.9921
1/28/2019	06:03:28	584.44	3.9156	4.1245	3.9648	3.9916
1/28/2019	06:03:30	585.89	3.9156	4.1244	3.9648	3.9928
1/28/2019	06:03:31	587.3	3.9157	4.1242	3.9647	3.9928
1/28/2019	06:03:33	588.56	3.9145	4.1258	3.9668	3.9936
1/28/2019	06:03:34	589.8	3.9134	4.1251	3.9658	3.9933
1/28/2019	06:03:35	591.25	3.9139	4.1262	3.9666	3.9916
1/28/2019	06:03:37	592.56	3.9143	4.1262	3.9643	3.9909
1/28/2019	06:03:38	593.86	3.913	4.1261	3.9652	3.9913
1/28/2019	06:03:39	595.08	3.9116	4.1245	3.9638	3.9931
1/28/2019	06:03:40	596.44	3.9104	4.1232	3.9633	3.9911
1/28/2019	06:03:42	597.67	3.9101	4.1235	3.9626	3.9891
1/28/2019	06:03:43	598.97	3.9109	4.1236	3.9619	3.9889
1/28/2019	06:03:44	600.27	3.9103	4.1227	3.9616	3.9881
1/28/2019	06:03:46	601.89	3.9098	4.1218	3.9614	3.9883
1/28/2019	06:03:47	603.25	3.9085	4.1219	3.9589	3.9867
1/28/2019	06:03:49	604.98	3.9094	4.1221	3.9594	3.9886
1/28/2019	06:03:50	606.31	3.911	4.1219	3.9579	3.9881
1/28/2019	06:03:52	607.59	3.9118	4.1202	3.9592	3.9894
1/28/2019	06:03:53	608.92	3.9124	4.1205	3.9607	3.9882
1/28/2019	06:03:54	610.23	3.9104	4.1202	3.962	3.9871
1/28/2019	06:03:56	611.73	3.9089	4.1197	3.9616	3.9853
1/28/2019	06:03:57	613.08	3.9064	4.1171	3.9585	3.9834
1/28/2019	06:03:58	614.41	3.9057	4.1183	3.9576	3.9824
1/28/2019	06:04:00	615.8	3.9056	4.1187	3.9566	3.9826
1/28/2019	06:04:01	616.98	3.9057	4.1188	3.9573	3.9836
1/28/2019	06:04:02	618.34	3.9056	4.1178	3.9576	3.9858
1/28/2019	06:04:04	619.56	3.9035	4.1175	3.9574	3.9836
1/28/2019	06:04:05	620.87	3.9029	4.1182	3.9566	3.9822
1/28/2019	06:04:06	622.12	3.901	4.1166	3.9551	3.9813
1/28/2019	06:04:07	623.45	3.9002	4.1164	3.9552	3.9816
1/28/2019	06:04:09	624.8	3.8981	4.1173	3.9546	3.9825
1/28/2019	06:04:10	626.09	3.8998	4.1195	3.953	3.9816
1/28/2019	06:04:12	627.78	3.9014	4.1182	3.9511	3.9818
1/28/2019	06:04:13	629.2	3.9017	4.1179	3.9497	3.9797
1/28/2019	06:04:15	630.48	3.9014	4.1165	3.9486	3.977
1/28/2019	06:04:16	631.81	3.8993	4.1194	3.9489	3.9747
1/28/2019	06:04:17	633.12	3.9002	4.119	3.9495	3.9733
1/28/2019	06:04:19	634.48	3.8993	4.1195	3.9512	3.972
1/28/2019	06:04:20	635.69	3.902	4.1188	3.952	3.9724
1/28/2019	06:04:21	636.92	3.9027	4.1183	3.9512	3.9725
1/28/2019	06:04:22	638.3	3.9048	4.1157	3.9512	3.9722
1/28/2019	06:04:24	639.61	3.9049	4.1142	3.9501	3.9703
1/28/2019	06:04:25	640.87	3.9026	4.1143	3.9517	3.9679
1/28/2019	06:04:26	642.27	3.9002	4.1156	3.9524	3.9662
1/28/2019	06:04:28	643.55	3.8985	4.1151	3.9516	3.9628
1/28/2019	06:04:29	644.84	3.8978	4.1132	3.9496	3.9633
1/28/2019	06:04:30	646.22	3.8975	4.1116	3.9484	3.9625
1/28/2019	06:04:31	647.45	3.8954	4.1117	3.9494	3.9646
1/28/2019	06:04:33	648.7	3.8976	4.1115	3.9494	3.9627
1/28/2019	06:04:34	650.12	3.8984	4.1127	3.9484	3.9635
1/28/2019	06:04:35	651.39	3.8994	4.1125	3.9476	3.9633
1/28/2019	06:04:37	652.69	3.8996	4.1142	3.9474	3.9653
1/28/2019	06:04:38	653.97	3.8986	4.1146	3.9478	3.9649
1/28/2019	06:04:39	655.28	3.8971	4.1146	3.9481	3.9649
1/28/2019	06:04:41	656.56	3.8948	4.1138	3.9498	3.9639
1/28/2019	06:04:42	657.95	3.8959	4.1136	3.9493	3.9638
1/28/2019	06:04:43	659.22	3.8954	4.113	3.948	3.963
1/28/2019	06:04:45	660.56	3.8956	4.1116	3.945	3.9622
1/28/2019	06:04:46	661.77	3.8947	4.1103	3.9443	3.9603
1/28/2019	06:04:47	663.09	3.8957	4.1098	3.9435	3.9588
1/28/2019	06:04:48	664.42	3.8942	4.1102	3.9448	3.9574
1/28/2019	06:04:50	665.81	3.8922	4.1107	3.9448	3.9582
1/28/2019	06:04:51	667.25	3.8936	4.1101	3.9442	3.959
1/28/2019	06:04:52	668.45	3.8943	4.1106	3.9437	3.9588
1/28/2019	06:04:54	669.77	3.8959	4.1106	3.943	3.9596
1/28/2019	06:04:55	671.06	3.8943	4.1107	3.9434	3.9587
1/28/2019	06:04:56	672.3	3.8938	4.1088	3.9449	3.9589
1/28/2019	06:04:58	673.69	3.8937	4.1076	3.945	3.9577
1/28/2019	06:04:59	675.11	3.8912	4.1082	3.9455	3.9576
1/28/2019	06:05:00	676.34	3.8896	4.1105	3.9439	3.9574
1/28/2019	06:05:02	677.61	3.8871	4.111	3.9445	3.9576
1/28/2019	06:05:03	679.34	3.8882	4.1106	3.9445	3.9574
1/28/2019	06:05:05	680.95	3.8897	4.1094	3.9444	3.9564
1/28/2019	06:05:06	682.25	3.8895	4.1094	3.9419	3.9546
1/28/2019	06:05:08	683.52	3.8875	4.1081	3.9413	3.9545
1/28/2019	06:05:09	684.78	3.8848	4.1079	3.9397	3.9548
1/28/2019	06:05:10	686.25	3.8853	4.1062	3.9406	3.9552
1/28/2019	06:05:12	687.56	3.8861	4.1071	3.9397	3.9552
1/28/2019	06:05:13	688.92	3.8889	4.1073	3.9391	3.9552
1/28/2019	06:05:14	690.27	3.8877	4.1074	3.9398	3.9529
1/28/2019	06:05:16	691.58	3.8875	4.1062	3.9398	3.9516
1/28/2019	06:05:17	692.86	3.886	4.1046	3.9406	3.9505
1/28/2019	06:05:18	694.19	3.8867	4.1062	3.9404	3.9515
1/28/2019	06:05:20	695.55	3.8847	4.1073	3.9416	3.9496
1/28/2019	06:05:21	696.7	3.8825	4.1086	3.9409	3.9485
1/28/2019	06:05:22	697.94	3.8817	4.1056	3.9418	3.9473
1/28/2019	06:05:23	699.28	3.8814	4.1051	3.9421	3.9475
1/28/2019	06:05:25	700.64	3.8846	4.1044	3.9418	3.9477
1/28/2019	06:05:26	701.92	3.8829	4.106	3.9409	3.9474
1/28/2019	06:05:27	703.17	3.8843	4.1053	3.9391	3.947
1/28/2019	06:05:29	704.66	3.8814	4.1046	3.9393	3.9455
1/28/2019	06:05:30	705.84	3.881	4.1044	3.9382	3.9466
1/28/2019	06:05:31	707.12	3.881	4.1039	3.9371	3.9464
1/28/2019	06:05:33	708.53	3.8817	4.1043	3.9362	3.9484
1/28/2019	06:05:34	709.81	3.8835	4.1039	3.9371	3.9478
1/28/2019	06:05:35	711.09	3.8836	4.1048	3.9382	3.9486
1/28/2019	06:05:36	712.39	3.8833	4.1046	3.9377	3.9478
1/28/2019	06:05:38	713.72	3.8833	4.1044	3.9365	3.9471
1/28/2019	06:05:39	714.97	3.8819	4.1041	3.9362	3.9462
1/28/2019	06:05:40	716.3	3.8809	4.1026	3.938	3.9451
1/28/2019	06:05:42	717.67	3.877	4.101	3.9378	3.9448
1/28/2019	06:05:43	719.02	3.8769	4.1003	3.937	3.9448
1/28/2019	06:05:44	720.34	3.8765	4.1005	3.9347	3.9442
1/28/2019	06:05:46	721.84	3.8768	4.1019	3.9341	3.9448
1/28/2019	06:05:47	723.11	3.8748	4.1015	3.9341	3.9434
1/28/2019	06:05:48	724.34	3.8746	4.1018	3.9355	3.9437
1/28/2019	06:05:50	725.59	3.8766	4.1009	3.9357	3.942
1/28/2019	06:05:51	726.97	3.8795	4.1014	3.9361	3.9429
1/28/2019	06:05:52	728.23	3.879	4.1018	3.935	3.9419
1/28/2019	06:05:54	729.67	3.8783	4.1029	3.9346	3.9407
1/28/2019	06:05:55	731.02	3.8763	4.1025	3.9334	3.9381
1/28/2019	06:05:56	732.25	3.8763	4.101	3.9321	3.9366
1/28/2019	06:05:58	733.53	3.875	4.0987	3.9316	3.9362
1/28/2019	06:05:59	734.78	3.8732	4.0976	3.9307	3.9372
1/28/2019	06:06:00	736.16	3.8713	4.0978	3.9315	3.9402
1/28/2019	06:06:02	737.58	3.8729	4.0988	3.9316	3.941
1/28/2019	06:06:03	738.86	3.8733	4.0997	3.9326	3.9407
1/28/2019	06:06:04	740.09	3.8727	4.0998	3.9331	3.9378
1/28/2019	06:06:06	741.53	3.8704	4.0988	3.9321	3.9374
1/28/2019	06:06:07	742.61	3.8699	4.098	3.9313	3.9375
1/28/2019	06:06:08	744.03	3.873	4.098	3.9295	3.939
1/28/2019	06:06:10	745.84	3.8748	4.0967	3.9294	3.9373
1/28/2019	06:06:11	747.3	3.8749	4.0964	3.9291	3.9354
1/28/2019	06:06:13	748.64	3.8719	4.0958	3.9296	3.9328
1/28/2019	06:06:14	749.8	3.8703	4.0966	3.9292	3.9338
1/28/2019	06:06:15	751.16	3.8704	4.0974	3.9312	3.9347
1/28/2019	06:06:17	752.48	3.8703	4.0977	3.9304	3.9368
1/28/2019	06:06:18	753.75	3.8709	4.0973	3.9307	3.9378
1/28/2019	06:06:19	754.97	3.8698	4.0955	3.9287	3.9378
1/28/2019	06:06:20	756.31	3.8691	4.0961	3.9286	3.9376
1/28/2019	06:06:22	757.69	3.8682	4.0966	3.9281	3.9381
1/28/2019	06:06:23	758.87	3.8687	4.0974	3.9265	3.9383
1/28/2019	06:06:24	760.2	3.8681	4.0965	3.9263	3.9353
1/28/2019	06:06:26	761.55	3.8671	4.0969	3.9258	3.933
1/28/2019	06:06:27	762.89	3.8661	4.0966	3.9271	3.9332
1/28/2019	06:06:28	764.22	3.8671	4.0948	3.9267	3.9358
1/28/2019	06:06:29	765.41	3.8663	4.0942	3.9255	3.9358
1/28/2019	06:06:31	766.69	3.8668	4.0928	3.9257	3.9353
1/28/2019	06:06:32	768.06	3.8658	4.0924	3.9262	3.9343
1/28/2019	06:06:33	769.25	3.8686	4.0898	3.9282	3.9337
1/28/2019	06:06:35	770.59	3.8673	4.0906	3.9277	3.933
1/28/2019	06:06:36	771.95	3.8671	4.0914	3.9277	3.9329
1/28/2019	06:06:37	773.2	3.8644	4.0927	3.9279	3.9329
1/28/2019	06:06:39	774.56	3.8642	4.0914	3.9272	3.9299
1/28/2019	06:06:40	776.11	3.8634	4.0909	3.9272	3.9271
1/28/2019	06:06:41	777.42	3.8643	4.0909	3.9258	3.9259
1/28/2019	06:06:43	778.66	3.8651	4.0919	3.9252	3.927
1/28/2019	06:06:44	779.97	3.866	4.0914	3.9241	3.9261
1/28/2019	06:06:45	781.27	3.8638	4.0898	3.9229	3.9245
1/28/2019	06:06:47	782.62	3.8621	4.088	3.9244	3.9236
1/28/2019	06:06:48	783.87	3.8596	4.0882	3.923	3.9242
1/28/2019	06:06:49	785.22	3.8588	4.0887	3.9223	3.9228
1/28/2019	06:06:51	786.56	3.8564	4.0891	3.9207	3.9214
1/28/2019	06:06:52	787.77	3.856	4.0892	3.9214	3.9205
1/28/2019	06:06:53	789.05	3.8558	4.0889	3.9221	3.921
1/28/2019	06:06:54	790.28	3.8556	4.0888	3.921	3.9222
1/28/2019	06:06:56	791.64	3.8552	4.0865	3.92	3.9219
1/28/2019	06:06:57	792.98	3.8534	4.0871	3.9205	3.9211
1/28/2019	06:06:58	794.44	3.8543	4.0871	3.9199	3.9201
1/28/2019	06:07:00	795.8	3.8538	4.088	3.9198	3.9185
1/28/2019	06:07:01	797.06	3.8542	4.0862	3.9192	3.9181
1/28/2019	06:07:02	798.31	3.8543	4.0854	3.9221	3.9166
1/28/2019	06:07:04	799.55	3.8569	4.0862	3.9243	3.9171
1/28/2019	06:07:05	800.81	3.8579	4.0879	3.9243	3.9159
1/28/2019	06:07:06	802.19	3.8603	4.087	3.922	3.9149
1/28/2019	06:07:07	803.42	3.8595	4.0863	3.9207	3.9164
1/28/2019	06:07:09	804.81	3.8594	4.0859	3.9215	3.9189
1/28/2019	06:07:10	806.06	3.8576	4.087	3.9225	3.9179
1/28/2019	06:07:11	807.3	3.8578	4.0872	3.9224	3.9158
1/28/2019	06:07:13	808.62	3.8566	4.0855	3.9221	3.9144
1/28/2019	06:07:14	809.98	3.8552	4.0845	3.9214	3.9155
1/28/2019	06:07:15	811.34	3.8533	4.0832	3.9204	3.9157
1/28/2019	06:07:17	812.58	3.8544	4.0843	3.9191	3.9141
1/28/2019	06:07:18	813.91	3.8545	4.0838	3.9182	3.9112
1/28/2019	06:07:19	815.09	3.8531	4.0842	3.9184	3.9097
1/28/2019	06:07:20	816.42	3.8528	4.0838	3.9181	3.9103
1/28/2019	06:07:22	817.7	3.8521	4.0846	3.9178	3.9137
1/28/2019	06:07:23	818.98	3.8543	4.0833	3.9175	3.9144
1/28/2019	06:07:24	820.33	3.8522	4.0819	3.9165	3.9151
1/28/2019	06:07:26	821.64	3.8548	4.081	3.9159	3.9127
1/28/2019	06:07:27	822.95	3.8529	4.0806	3.9145	3.9108
1/28/2019	06:07:28	824.27	3.8553	4.0801	3.9144	3.9087
1/28/2019	06:07:30	825.62	3.854	4.0806	3.9152	3.908
1/28/2019	06:07:31	826.86	3.8544	4.0812	3.9155	3.907
1/28/2019	06:07:32	828.09	3.852	4.081	3.9149	3.906
1/28/2019	06:07:34	829.47	3.85	4.081	3.9144	3.9058
1/28/2019	06:07:35	830.73	3.8467	4.0813	3.9141	3.9069
1/28/2019	06:07:36	832.09	3.8474	4.0805	3.9141	3.9074
1/28/2019	06:07:37	833.45	3.8467	4.0809	3.9133	3.9087
1/28/2019	06:07:39	834.8	3.8487	4.0801	3.9127	3.9088
1/28/2019	06:07:40	836.06	3.8474	4.0805	3.9138	3.9076
1/28/2019	06:07:41	837.39	3.8471	4.0796	3.9128	3.9064
1/28/2019	06:07:43	838.67	3.8455	4.0801	3.914	3.906
1/28/2019	06:07:44	840.05	3.8459	4.0813	3.9124	3.9064
1/28/2019	06:07:45	841.3	3.8475	4.0799	3.9109	3.9073
1/28/2019	06:07:47	842.98	3.8479	4.081	3.9101	3.9065
1/28/2019	06:07:48	844.36	3.8483	4.0801	3.9092	3.906
1/28/2019	06:07:50	845.67	3.8463	4.0812	3.9104	3.9032
1/28/2019	06:07:51	847.08	3.8445	4.0792	3.909	3.9026
1/28/2019	06:07:52	848.42	3.8434	4.0787	3.9091	3.9013
1/28/2019	06:07:54	849.64	3.8418	4.0764	3.9082	3.9006
1/28/2019	06:07:55	850.94	3.841	4.0766	3.9091	3.899
1/28/2019	06:07:57	852.5	3.8386	4.0771	3.9101	3.8992
1/28/2019	06:07:58	854	3.84	4.0799	3.9114	3.8983
1/28/2019	06:07:59	855.33	3.8415	4.0794	3.9095	3.8984
1/28/2019	06:08:01	856.58	3.8421	4.078	3.9086	3.8976
1/28/2019	06:08:02	858.02	3.8416	4.0764	3.9075	3.8977
1/28/2019	06:08:03	859.39	3.8387	4.0746	3.9075	3.8969
1/28/2019	06:08:05	860.84	3.8386	4.0731	3.9076	3.8973
1/28/2019	06:08:06	862.22	3.8364	4.0723	3.9068	3.8976
1/28/2019	06:08:08	863.53	3.8376	4.074	3.9074	3.8987
1/28/2019	06:08:10	865.56	3.8366	4.0759	3.9068	3.898
1/28/2019	06:08:11	866.75	3.8384	4.0755	3.9071	3.8973
1/28/2019	06:08:12	868	3.8391	4.0744	3.9064	3.8958
1/28/2019	06:08:13	869.31	3.84	4.0732	3.9055	3.8942
1/28/2019	06:08:15	871.03	3.838	4.0727	3.9048	3.8926
1/28/2019	06:08:17	872.62	3.8365	4.0716	3.905	3.8926
1/28/2019	06:08:18	873.86	3.8333	4.0707	3.9063	3.8932
1/28/2019	06:08:19	875.37	3.8342	4.0707	3.9054	3.8953
1/28/2019	06:08:21	876.75	3.8344	4.0719	3.9047	3.895
1/28/2019	06:08:22	878.22	3.837	4.0713	3.902	3.894
1/28/2019	06:08:24	879.62	3.8365	4.072	3.9017	3.8909
1/28/2019	06:08:25	881.08	3.838	4.0713	3.9013	3.8889
1/28/2019	06:08:27	882.64	3.8374	4.0727	3.9006	3.8862
1/28/2019	06:08:28	884.02	3.837	4.0719	3.9028	3.885
1/28/2019	06:08:29	885.36	3.8365	4.0713	3.9043	3.8853
1/28/2019	06:08:31	886.92	3.836	4.0716	3.9066	3.8851
1/28/2019	06:08:33	888.75	3.8374	4.0708	3.9036	3.8852
1/28/2019	06:08:35	890.5	3.8342	4.0713	3.9016	3.8848
1/28/2019	06:08:36	892.25	3.8324	4.0699	3.9005	3.8849
1/28/2019	06:08:38	893.64	3.8299	4.0683	3.9012	3.8829
1/28/2019	06:08:39	894.84	3.8327	4.0696	3.8995	3.8789
1/28/2019	06:08:40	896.16	3.8334	4.0707	3.898	3.8775
1/28/2019	06:08:42	897.5	3.833	4.0722	3.8978	3.8783
1/28/2019	06:08:43	898.86	3.8295	4.0705	3.8987	3.8766
1/28/2019	06:08:44	900.09	3.8286	4.0697	3.8985	3.8764
1/28/2019	06:08:45	901.41	3.8245	4.0689	3.8983	3.875
1/28/2019	06:08:47	902.69	3.8235	4.0664	3.899	3.8774
1/28/2019	06:08:48	903.91	3.8228	4.0641	3.8994	3.8773
1/28/2019	06:08:49	905.22	3.8263	4.0628	3.8995	3.8768
1/28/2019	06:08:51	906.53	3.8257	4.0645	3.8989	3.8754
1/28/2019	06:08:52	907.94	3.8261	4.0645	3.8981	3.875
1/28/2019	06:08:53	909.44	3.8265	4.0647	3.8958	3.8752
1/28/2019	06:08:55	910.72	3.8283	4.0638	3.8947	3.8761
1/28/2019	06:08:56	911.92	3.8275	4.0641	3.8951	3.8759
1/28/2019	06:08:57	913.2	3.8259	4.0645	3.8977	3.8746
1/28/2019	06:08:59	914.53	3.8256	4.0642	3.8992	3.8729
1/28/2019	06:09:00	915.89	3.8249	4.0656	3.8992	3.8718
1/28/2019	06:09:01	917.03	3.826	4.0669	3.8977	3.8715
1/28/2019	06:09:02	918.39	3.8268	4.0673	3.896	3.8711
1/28/2019	06:09:04	919.75	3.8286	4.0666	3.8946	3.8703
1/28/2019	06:09:05	921	3.8279	4.0661	3.894	3.8705
1/28/2019	06:09:06	922.31	3.8279	4.066	3.8947	3.8725
1/28/2019	06:09:08	923.56	3.8295	4.0655	3.896	3.8728
1/28/2019	06:09:09	924.98	3.8291	4.0649	3.8954	3.8744
1/28/2019	06:09:10	926.27	3.8284	4.0644	3.8947	3.8734
1/28/2019	06:09:12	927.5	3.8243	4.0647	3.8931	3.8735
1/28/2019	06:09:13	928.83	3.8228	4.0621	3.893	3.8716
1/28/2019	06:09:14	930.08	3.8211	4.0612	3.8935	3.87
1/28/2019	06:09:15	931.42	3.8229	4.0599	3.8949	3.8691
1/28/2019	06:09:17	932.77	3.8222	4.0604	3.8941	3.869
1/28/2019	06:09:18	934.08	3.8227	4.0616	3.8924	3.8682
1/28/2019	06:09:19	935.45	3.8202	4.0602	3.8903	3.8673
1/28/2019	06:09:21	936.84	3.8222	4.0619	3.8916	3.8656
1/28/2019	06:09:23	939.12	3.8215	4.0596	3.8918	3.8653
1/28/2019	06:09:24	940.19	3.8217	4.0609	3.8923	3.8644
1/28/2019	06:09:26	942.12	3.8218	4.0588	3.8914	3.8616
1/28/2019	06:09:27	943.19	3.8211	4.0593	3.8902	3.8603
1/28/2019	06:09:28	944.2	3.8218	4.0587	3.8898	3.859
1/28/2019	06:09:29	945.22	3.8193	4.0599	3.8891	3.861
1/28/2019	06:09:31	947.03	3.8186	4.0605	3.8913	3.863
1/28/2019	06:09:32	948.11	3.8158	4.0589	3.891	3.8638
1/28/2019	06:09:34	950.27	3.8153	4.0589	3.8895	3.8637
1/28/2019	06:09:35	951.34	3.8154	4.0576	3.8862	3.8625
1/28/2019	06:09:36	952.39	3.8184	4.0571	3.8847	3.8612
1/28/2019	06:09:37	953.39	3.8179	4.0562	3.8861	3.8597
1/28/2019	06:09:39	954.64	3.8168	4.0581	3.8858	3.8579
1/28/2019	06:09:40	955.73	3.8162	4.0584	3.8873	3.8569
1/28/2019	06:09:41	956.87	3.8167	4.0591	3.8859	3.8558
1/28/2019	06:09:43	958.91	3.8173	4.0571	3.887	3.855
1/28/2019	06:09:45	960.48	3.817	4.0569	3.8868	3.8541
1/28/2019	06:09:46	961.77	3.8156	4.0544	3.888	3.8532
1/28/2019	06:09:47	963.31	3.814	4.0556	3.8895	3.8509
1/28/2019	06:09:49	964.73	3.8138	4.0565	3.8886	3.8499
1/28/2019	06:09:50	966.09	3.8142	4.0567	3.8877	3.8505
1/28/2019	06:09:52	967.81	3.8142	4.0557	3.8873	3.8521
1/28/2019	06:09:53	969.25	3.811	4.0559	3.8883	3.8518
1/28/2019	06:09:55	970.61	3.8087	4.0565	3.89	3.8472
1/28/2019	06:09:56	972.36	3.8069	4.0562	3.8899	3.8449
1/28/2019	06:09:58	973.8	3.8074	4.0547	3.8902	3.8461
1/28/2019	06:10:00	975.69	3.8085	4.0532	3.8878	3.8503
1/28/2019	06:10:01	976.87	3.8087	4.0508	3.8864	3.8519
1/28/2019	06:10:03	979.02	3.8085	4.0506	3.8856	3.8507
1/28/2019	06:10:04	980.25	3.8083	4.0503	3.8852	3.8502
1/28/2019	06:10:06	981.81	3.8072	4.0514	3.8834	3.8484
1/28/2019	06:10:07	983.25	3.8061	4.0499	3.8842	3.8488
1/28/2019	06:10:09	984.59	3.8052	4.0495	3.884	3.8476
1/28/2019	06:10:10	986.3	3.8047	4.0492	3.8841	3.8458
1/28/2019	06:10:12	987.72	3.8044	4.0512	3.8822	3.8445
1/28/2019	06:10:13	989.06	3.8016	4.0509	3.8828	3.8429
1/28/2019	06:10:15	990.72	3.8005	4.0501	3.8829	3.8453
1/28/2019	06:10:16	992.09	3.8003	4.0485	3.8817	3.845
1/28/2019	06:10:18	993.59	3.8011	4.0489	3.8806	3.8469
1/28/2019	06:10:19	994.98	3.8019	4.0508	3.8802	3.8462
1/28/2019	06:10:20	996.39	3.8005	4.0523	3.8785	3.8482
1/28/2019	06:10:22	997.56	3.8015	4.0534	3.8798	3.846
1/28/2019	06:10:23	999	3.8027	4.0519	3.879	3.8445
1/28/2019	06:10:24	1000.3	3.8027	4.0491	3.8798	3.8419
1/28/2019	06:10:26	1001.56	3.8008	4.047	3.8774	3.8424
1/28/2019	06:10:27	1003	3.8002	4.0462	3.8783	3.8438
1/28/2019	06:10:29	1004.5	3.7982	4.0477	3.879	3.8452
1/28/2019	06:10:30	1005.83	3.801	4.0485	3.88	3.8443
1/28/2019	06:10:31	1007.44	3.8041	4.048	3.8805	3.8434
1/28/2019	06:10:33	1008.92	3.8063	4.0476	3.8816	3.8402
1/28/2019	06:10:34	1010.05	3.8051	4.047	3.8819	3.8389
1/28/2019	06:10:36	1011.59	3.8014	4.0453	3.8796	3.8393
1/28/2019	06:10:37	1012.86	3.8031	4.0441	3.8784	3.8395
1/28/2019	06:10:38	1014.33	3.8054	4.0462	3.8775	3.8409
1/28/2019	06:10:40	1015.72	3.8057	4.0484	3.8787	3.8375
1/28/2019	06:10:41	1017.09	3.8068	4.0494	3.8794	3.8363
1/28/2019	06:10:42	1018.27	3.804	4.0461	3.879	3.8359
1/28/2019	06:10:44	1019.77	3.8035	4.0458	3.88	3.8368
1/28/2019	06:10:45	1021.12	3.8009	4.0447	3.8788	3.8382
1/28/2019	06:10:47	1022.62	3.8019	4.045	3.8784	3.8363
1/28/2019	06:10:48	1023.81	3.8017	4.0428	3.8769	3.835
1/28/2019	06:10:49	1025.31	3.8012	4.0415	3.8772	3.8329
1/28/2019	06:10:51	1026.58	3.7996	4.0421	3.8784	3.8329
1/28/2019	06:10:52	1027.98	3.7988	4.0432	3.8783	3.834
1/28/2019	06:10:53	1029.45	3.7975	4.0442	3.8768	3.8363
1/28/2019	06:10:55	1030.72	3.7968	4.0427	3.875	3.836
1/28/2019	06:10:56	1031.75	3.7976	4.0432	3.875	3.835
1/28/2019	06:10:57	1033.05	3.8002	4.0417	3.8758	3.833
1/28/2019	06:10:59	1034.5	3.7989	4.0427	3.8762	3.8319
1/28/2019	06:11:00	1035.62	3.798	4.0412	3.8757	3.8315
1/28/2019	06:11:01	1037.14	3.7957	4.0432	3.8761	3.8306
1/28/2019	06:11:03	1038.53	3.7965	4.0428	3.8759	3.8303
1/28/2019	06:11:04	1040.25	3.7948	4.0429	3.8766	3.8288
1/28/2019	06:11:06	1041.69	3.7931	4.0417	3.8752	3.828
1/28/2019	06:11:07	1043.16	3.7935	4.0415	3.875	3.8285
1/28/2019	06:11:09	1045.11	3.7932	4.0418	3.8755	3.8288
1/28/2019	06:11:11	1046.56	3.7937	4.0417	3.8767	3.8286
1/28/2019	06:11:12	1048	3.7924	4.04	3.8771	3.828
1/28/2019	06:11:14	1049.75	3.7941	4.0407	3.8763	3.8299
1/28/2019	06:11:15	1050.89	3.793	4.0417	3.8755	3.8305
1/28/2019	06:11:16	1052.3	3.7953	4.0417	3.8741	3.8297
1/28/2019	06:11:18	1053.59	3.7924	4.0398	3.8735	3.8273
1/28/2019	06:11:19	1055.33	3.7909	4.039	3.8713	3.8243
1/28/2019	06:11:21	1056.72	3.7871	4.0388	3.873	3.8241
1/28/2019	06:11:22	1058.23	3.7901	4.0395	3.8716	3.8221
1/28/2019	06:11:24	1059.84	3.7903	4.0375	3.8729	3.8242
1/28/2019	06:11:25	1061.2	3.7903	4.0365	3.8708	3.8223
1/28/2019	06:11:27	1062.53	3.7875	4.0356	3.871	3.8236
1/28/2019	06:11:28	1064.3	3.7883	4.0365	3.8708	3.8231
1/28/2019	06:11:30	1065.59	3.7872	4.0364	3.8713	3.8231
1/28/2019	06:11:31	1067.05	3.7858	4.0375	3.8703	3.8218
1/28/2019	06:11:33	1068.77	3.7861	4.0365	3.871	3.8208
1/28/2019	06:11:34	1070.12	3.786	4.0359	3.8701	3.8199
1/28/2019	06:11:36	1071.75	3.7867	4.0335	3.8701	3.8194
1/28/2019	06:11:38	1073.47	3.7843	4.0346	3.8696	3.8195
1/28/2019	06:11:39	1075.17	3.7827	4.0346	3.8686	3.821
1/28/2019	06:11:41	1076.66	3.7826	4.034	3.8706	3.8213
1/28/2019	06:11:42	1078.06	3.7811	4.0328	3.8702	3.8197
1/28/2019	06:11:44	1079.52	3.7829	4.0337	3.871	3.8177
1/28/2019	06:11:45	1080.8	3.7823	4.0327	3.87	3.8162
1/28/2019	06:11:46	1082.2	3.7844	4.0331	3.8699	3.8166
1/28/2019	06:11:47	1083.3	3.7824	4.0331	3.8704	3.8163
1/28/2019	06:11:49	1084.69	3.781	4.034	3.87	3.8129
1/28/2019	06:11:50	1085.98	3.7781	4.0331	3.8662	3.8094
1/28/2019	06:11:51	1087.03	3.7768	4.032	3.8649	3.8104
1/28/2019	06:11:53	1088.89	3.7772	4.0302	3.8629	3.8151
1/28/2019	06:11:54	1090.28	3.7782	4.0302	3.8648	3.8177
1/28/2019	06:11:56	1091.98	3.7794	4.0288	3.8654	3.8166
1/28/2019	06:11:57	1093.45	3.7765	4.0301	3.8662	3.816
1/28/2019	06:11:59	1095.02	3.7743	4.0288	3.8661	3.8158
1/28/2019	06:12:00	1096.31	3.7757	4.0295	3.8652	3.8149
1/28/2019	06:12:02	1097.75	3.7778	4.0301	3.8654	3.8135
1/28/2019	06:12:03	1099.11	3.7808	4.0301	3.8667	3.8125
1/28/2019	06:12:05	1100.67	3.7791	4.0296	3.8673	3.8138
1/28/2019	06:12:06	1101.86	3.7775	4.0291	3.8666	3.8108
1/28/2019	06:12:07	1103.31	3.7764	4.0278	3.8676	3.8091
1/28/2019	06:12:08	1104.44	3.7759	4.0276	3.8683	3.807
1/28/2019	06:12:10	1105.97	3.7776	4.0271	3.8693	3.8071
1/28/2019	06:12:11	1107.41	3.7785	4.0276	3.8672	3.8066
1/28/2019	06:12:13	1108.84	3.777	4.0286	3.8671	3.8062
1/28/2019	06:12:14	1110.27	3.7743	4.0281	3.8665	3.8089
1/28/2019	06:12:16	1111.47	3.7746	4.0286	3.866	3.8086
1/28/2019	06:12:17	1112.91	3.7717	4.0288	3.8644	3.808
1/28/2019	06:12:18	1114.16	3.772	4.0283	3.8633	3.8072
1/28/2019	06:12:20	1115.61	3.7681	4.0281	3.8637	3.8078
1/28/2019	06:12:21	1116.73	3.7706	4.0267	3.8642	3.8071
1/28/2019	06:12:22	1118.27	3.772	4.0253	3.8645	3.8045
1/28/2019	06:12:24	1119.64	3.7711	4.023	3.8648	3.8041
1/28/2019	06:12:25	1121.02	3.7725	4.0224	3.8626	3.802
1/28/2019	06:12:26	1122.17	3.7698	4.0229	3.862	3.8015
1/28/2019	06:12:28	1123.66	3.7703	4.0235	3.8618	3.7996
1/28/2019	06:12:29	1124.91	3.769	4.0234	3.8628	3.7996
1/28/2019	06:12:30	1126.33	3.7692	4.0227	3.8617	3.7984
1/28/2019	06:12:32	1127.78	3.7697	4.0232	3.8607	3.798
1/28/2019	06:12:33	1129.12	3.7677	4.0214	3.861	3.7977
1/28/2019	06:12:35	1130.5	3.7688	4.0209	3.8614	3.7989
1/28/2019	06:12:36	1131.98	3.7702	4.0214	3.8618	3.7995
1/28/2019	06:12:37	1133.37	3.7722	4.0215	3.8614	3.7985
1/28/2019	06:12:39	1134.55	3.7726	4.021	3.862	3.7982
1/28/2019	06:12:40	1135.92	3.7708	4.0192	3.8615	3.7966
1/28/2019	06:12:41	1137.36	3.7711	4.0202	3.86	3.7958
1/28/2019	06:12:43	1138.81	3.7725	4.0223	3.8594	3.7942
1/28/2019	06:12:44	1140.19	3.7728	4.0228	3.8589	3.7933
1/28/2019	06:12:46	1141.67	3.7726	4.0224	3.8591	3.7923
1/28/2019	06:12:47	1143	3.7692	4.0198	3.858	3.7922
1/28/2019	06:12:48	1144.42	3.7697	4.0203	3.8563	3.792
1/28/2019	06:12:50	1145.69	3.7695	4.0195	3.8558	3.7925
1/28/2019	06:12:51	1147.05	3.7709	4.0209	3.8564	3.792
1/28/2019	06:12:53	1148.5	3.7735	4.0198	3.8557	3.7924
1/28/2019	06:12:54	1149.75	3.7724	4.0207	3.8565	3.7923
1/28/2019	06:12:55	1151.19	3.7708	4.0195	3.857	3.7921
1/28/2019	06:12:56	1152.36	3.7672	4.0184	3.8591	3.7912
1/28/2019	06:12:58	1153.86	3.7683	4.0176	3.8579	3.7909
1/28/2019	06:12:59	1155.17	3.7673	4.0176	3.857	3.7909
1/28/2019	06:13:01	1156.66	3.7695	4.0174	3.856	3.7909
1/28/2019	06:13:02	1158.06	3.7689	4.0169	3.8572	3.7905
1/28/2019	06:13:03	1159.25	3.7694	4.017	3.8572	3.7897
1/28/2019	06:13:05	1160.77	3.7679	4.0173	3.8574	3.7882
1/28/2019	06:13:06	1162.12	3.7665	4.0169	3.8568	3.7866
1/28/2019	06:13:08	1163.98	3.7668	4.0164	3.856	3.7851
1/28/2019	06:13:10	1165.67	3.7679	4.0158	3.8545	3.7863
1/28/2019	06:13:11	1167.14	3.7697	4.0165	3.8547	3.7893
1/28/2019	06:13:13	1168.62	3.7674	4.0153	3.853	3.7902
1/28/2019	06:13:14	1170.03	3.7643	4.0153	3.8523	3.7893
1/28/2019	06:13:16	1171.56	3.7632	4.014	3.8519	3.7894
1/28/2019	06:13:17	1172.8	3.765	4.0148	3.8528	3.7898
1/28/2019	06:13:18	1174.02	3.7674	4.0154	3.8535	3.7882
1/28/2019	06:13:20	1175.48	3.7662	4.0149	3.8517	3.7848
1/28/2019	06:13:21	1176.91	3.7674	4.0161	3.8514	3.783
1/28/2019	06:13:22	1178.25	3.7643	4.0161	3.85	3.7835
1/28/2019	06:13:24	1179.52	3.7642	4.0162	3.8489	3.7826
1/28/2019	06:13:25	1181.03	3.7628	4.0153	3.8483	3.7822
1/28/2019	06:13:26	1182.37	3.7651	4.0148	3.8499	3.7821
1/28/2019	06:13:27	1183.42	3.7673	4.0151	3.8501	3.7849
1/28/2019	06:13:29	1184.61	3.7648	4.0139	3.8493	3.7864
1/28/2019	06:13:30	1186.09	3.764	4.0147	3.8467	3.7853
1/28/2019	06:13:32	1187.58	3.7618	4.014	3.8476	3.7821
1/28/2019	06:13:33	1188.97	3.765	4.0145	3.8493	3.7794
1/28/2019	06:13:34	1190.19	3.7631	4.0138	3.8511	3.779
1/28/2019	06:13:36	1191.62	3.7617	4.0139	3.8512	3.7785
1/28/2019	06:13:37	1192.95	3.7603	4.0126	3.8506	3.778
1/28/2019	06:13:38	1194.33	3.7594	4.0114	3.8512	3.7768
1/28/2019	06:13:40	1195.73	3.7584	4.0111	3.8511	3.7751
1/28/2019	06:13:41	1197.3	3.7569	4.0126	3.8507	3.7741
1/28/2019	06:13:42	1198.39	3.7588	4.0122	3.8507	3.7734
1/28/2019	06:13:44	1199.91	3.7597	4.0107	3.8508	3.7748
1/28/2019	06:13:45	1201.23	3.7609	4.0091	3.8496	3.7763
1/28/2019	06:13:47	1202.61	3.7624	4.0094	3.8491	3.7768
1/28/2019	06:13:48	1204	3.7648	4.0098	3.8479	3.7761
1/28/2019	06:13:49	1205.31	3.7638	4.0106	3.8478	3.777
1/28/2019	06:13:51	1206.67	3.7628	4.0119	3.8458	3.7768
1/28/2019	06:13:52	1207.8	3.7603	4.0114	3.8459	3.7757
1/28/2019	06:13:53	1209.41	3.7603	4.0103	3.8466	3.772
1/28/2019	06:13:55	1210.7	3.7611	4.009	3.8473	3.7695
1/28/2019	06:13:56	1212.17	3.7616	4.0099	3.8464	3.7686
1/28/2019	06:13:58	1213.55	3.76	4.012	3.8438	3.7698
1/28/2019	06:13:59	1214.91	3.757	4.0106	3.8446	3.7704
1/28/2019	06:14:00	1216.14	3.7557	4.0104	3.8454	3.7696
1/28/2019	06:14:01	1217.41	3.7556	4.0071	3.8471	3.7687
1/28/2019	06:14:03	1218.66	3.7576	4.0079	3.8448	3.7667
1/28/2019	06:14:04	1220.19	3.7584	4.0084	3.8448	3.7656
1/28/2019	06:14:06	1221.53	3.7577	4.0093	3.8453	3.7638
1/28/2019	06:14:07	1222.83	3.7554	4.0094	3.8441	3.7631
1/28/2019	06:14:08	1224.33	3.7546	4.0089	3.8441	3.762
1/28/2019	06:14:10	1226.3	3.7549	4.0096	3.8443	3.7608
1/28/2019	06:14:12	1227.56	3.7543	4.0086	3.847	3.7599
1/28/2019	06:14:13	1228.8	3.7555	4.0076	3.8471	3.7603
1/28/2019	06:14:14	1230.11	3.7549	4.0058	3.8486	3.7612
1/28/2019	06:14:15	1231.42	3.7549	4.0063	3.8483	3.7629
1/28/2019	06:14:17	1232.83	3.7535	4.0059	3.8489	3.7631
1/28/2019	06:14:18	1234.02	3.7543	4.006	3.8472	3.7626
1/28/2019	06:14:19	1235.3	3.7554	4.0054	3.8484	3.7619
1/28/2019	06:14:21	1236.52	3.7554	4.0056	3.8476	3.762
1/28/2019	06:14:22	1237.84	3.7542	4.0054	3.8485	3.7612
1/28/2019	06:14:23	1239.12	3.7547	4.0068	3.8458	3.7609
1/28/2019	06:14:25	1240.53	3.7535	4.0056	3.845	3.761
1/28/2019	06:14:26	1241.77	3.7548	4.007	3.8424	3.7629
1/28/2019	06:14:27	1243.05	3.7527	4.0053	3.8429	3.7641
1/28/2019	06:14:28	1244.27	3.7529	4.0065	3.8418	3.7649
1/28/2019	06:14:30	1245.53	3.7504	4.0046	3.8409	3.763
1/28/2019	06:14:31	1246.8	3.7489	4.0056	3.8411	3.762
1/28/2019	06:14:32	1248.14	3.749	4.0058	3.8435	3.7593
1/28/2019	06:14:33	1249.41	3.7504	4.0065	3.8442	3.7581
1/28/2019	06:14:35	1250.7	3.7534	4.0051	3.8454	3.7565
1/28/2019	06:14:36	1252.06	3.7529	4.0024	3.8447	3.7555
1/28/2019	06:14:37	1253.31	3.7524	4.0023	3.8467	3.758
1/28/2019	06:14:39	1254.52	3.7516	4.0016	3.8454	3.7582
1/28/2019	06:14:40	1255.81	3.7527	4.002	3.8454	3.7617
1/28/2019	06:14:41	1257.12	3.7536	4.0021	3.8432	3.7598
1/28/2019	06:14:43	1258.59	3.7521	4.0033	3.843	3.7604
1/28/2019	06:14:44	1259.77	3.7506	4.0044	3.8406	3.7592
1/28/2019	06:14:45	1261	3.7489	4.0034	3.8397	3.7586
1/28/2019	06:14:46	1262.37	3.7508	4.0009	3.8391	3.7571
1/28/2019	06:14:48	1263.55	3.7516	4.0011	3.8396	3.7544
1/28/2019	06:14:49	1264.95	3.7513	4.0028	3.8399	3.7537
1/28/2019	06:14:50	1266.34	3.7501	4.007	3.84	3.7532
1/28/2019	06:14:52	1267.59	3.7485	4.0061	3.8394	3.7537
1/28/2019	06:14:53	1269.27	3.7494	4.0068	3.8389	3.753
1/28/2019	06:14:54	1270.34	3.7476	4.0042	3.84	3.7543
1/28/2019	06:14:55	1271.39	3.7474	4.007	3.8399	3.7549
1/28/2019	06:14:57	1272.94	3.7471	4.0064	3.8413	3.7561
1/28/2019	06:14:58	1274.03	3.7482	4.0069	3.8406	3.7555
1/28/2019	06:14:59	1275.42	3.7495	4.0051	3.8425	3.7544
1/28/2019	06:15:01	1276.61	3.749	4.0056	3.8428	3.7531
1/28/2019	06:15:02	1278.2	3.7494	4.0051	3.8432	3.7514
1/28/2019	06:15:03	1279.3	3.7454	4.0039	3.8421	3.7495
1/28/2019	06:15:05	1281.31	3.7451	4.0019	3.8415	3.7491
1/28/2019	06:15:07	1282.7	3.743	4.002	3.84	3.7507
1/28/2019	06:15:08	1284.14	3.7439	4.0016	3.8412	3.7517
1/28/2019	06:15:10	1285.62	3.7442	4.0021	3.8425	3.7517
1/28/2019	06:15:11	1287.02	3.7462	4.0018	3.8451	3.7514
1/28/2019	06:15:12	1288.34	3.7464	4.0026	3.8428	3.7525
1/28/2019	06:15:14	1290.11	3.7459	4.0014	3.8412	3.7528
1/28/2019	06:15:15	1291.41	3.7439	4.0023	3.8398	3.7519
1/28/2019	06:15:17	1292.61	3.7451	4.0026	3.8413	3.75
1/28/2019	06:15:18	1294.22	3.744	4.0039	3.8409	3.7478
1/28/2019	06:15:19	1295.45	3.7447	4.0024	3.8389	3.7473
1/28/2019	06:15:21	1297	3.7444	4.003	3.8378	3.7478
1/28/2019	06:15:22	1298.37	3.7433	4.0025	3.8371	3.7498
1/28/2019	06:15:24	1299.78	3.7409	4.0044	3.8382	3.7512
1/28/2019	06:15:25	1301.12	3.7392	4.0041	3.8385	3.7516
1/28/2019	06:15:26	1302.23	3.7377	4.0046	3.8413	3.7516
1/28/2019	06:15:28	1304.17	3.7379	4.0016	3.842	3.7491
1/28/2019	06:15:30	1305.7	3.7366	4.0018	3.8431	3.746
1/28/2019	06:15:31	1307.08	3.7385	4.0009	3.8414	3.7436
1/28/2019	06:15:33	1308.47	3.738	4.0014	3.8418	3.7448
1/28/2019	06:15:34	1309.84	3.7378	3.9993	3.84	3.749
1/28/2019	06:15:35	1311.31	3.7369	4.0006	3.8409	3.7496
1/28/2019	06:15:37	1312.58	3.7389	4.0008	3.8402	3.7481
1/28/2019	06:15:38	1314.08	3.7407	4.0025	3.8406	3.7445
1/28/2019	06:15:39	1315.16	3.7401	4.0014	3.8396	3.7445
1/28/2019	06:15:41	1316.59	3.7407	4.0026	3.84	3.7432
1/28/2019	06:15:42	1318.03	3.7396	4.0016	3.8401	3.7428
1/28/2019	06:15:44	1319.47	3.7399	4.0004	3.8395	3.7413
1/28/2019	06:15:45	1320.59	3.7387	3.9998	3.8391	3.7402
1/28/2019	06:15:46	1322.33	3.7398	3.9996	3.8382	3.7407
1/28/2019	06:15:48	1323.52	3.7411	3.999	3.8384	3.7407
1/28/2019	06:15:49	1324.84	3.7415	3.9987	3.8376	3.7426
1/28/2019	06:15:50	1326.05	3.7399	3.9973	3.838	3.743
1/28/2019	06:15:52	1327.66	3.7386	3.9964	3.8379	3.7435
1/28/2019	06:15:53	1328.87	3.7355	3.9957	3.8375	3.7423
1/28/2019	06:15:54	1330.41	3.7356	3.9969	3.8366	3.7406
1/28/2019	06:15:56	1331.95	3.7354	3.9971	3.8358	3.7396
1/28/2019	06:15:58	1333.58	3.7367	3.9981	3.836	3.7398
1/28/2019	06:15:59	1335.03	3.7366	3.9963	3.8358	3.7398
1/28/2019	06:16:01	1336.59	3.7366	3.9964	3.835	3.7384
1/28/2019	06:16:02	1338.22	3.7391	3.9949	3.8352	3.7371
1/28/2019	06:16:04	1339.75	3.7387	3.9965	3.834	3.7364
1/28/2019	06:16:05	1341.2	3.7404	3.9965	3.8324	3.7377
1/28/2019	06:16:06	1342.33	3.7398	3.9965	3.832	3.74
1/28/2019	06:16:08	1343.97	3.7401	3.9954	3.8334	3.7411
1/28/2019	06:16:09	1345.27	3.7404	3.9959	3.8355	3.7418
1/28/2019	06:16:11	1347.14	3.7367	3.9968	3.834	3.7399
1/28/2019	06:16:12	1348.45	3.7365	3.9963	3.8328	3.7396
1/28/2019	06:16:14	1349.98	3.7331	3.9959	3.8328	3.7367