Date	Time (HH:MM:SS)	Time (s)	Ch1	Ch2	Ch3	Ch4
1/28/2019	05:53:21	2.84	4.091	4.2497	4.2095	4.2559
1/28/2019	05:53:23	5.16	4.0897	4.2488	4.208	4.2536
1/28/2019	05:53:25	6.56	4.0882	4.2499	4.2088	4.2504
1/28/2019	05:53:26	8.19	4.0862	4.2493	4.2088	4.2483
1/28/2019	05:53:28	9.97	4.0873	4.2482	4.2098	4.2467
1/28/2019	05:53:30	12.05	4.0875	4.2492	4.2104	4.2471
1/28/2019	05:53:32	13.8	4.0887	4.2509	4.2076	4.248
1/28/2019	05:53:34	15.77	4.087	4.251	4.2086	4.2509
1/28/2019	05:53:36	17.39	4.0848	4.2484	4.2076	4.2505
1/28/2019	05:53:38	19.44	4.0824	4.2466	4.2089	4.2498
1/28/2019	05:53:39	21	4.0802	4.2469	4.2076	4.2467
1/28/2019	05:53:41	22.77	4.0792	4.2479	4.2076	4.2477
1/28/2019	05:53:43	24.55	4.0768	4.2479	4.2072	4.2494
1/28/2019	05:53:45	26.73	4.0765	4.2483	4.2063	4.2501
1/28/2019	05:53:46	28.12	4.076	4.2456	4.2054	4.2484
1/28/2019	05:53:48	29.72	4.0764	4.2464	4.205	4.2463
1/28/2019	05:53:50	31.28	4.0762	4.2453	4.2063	4.2473
1/28/2019	05:53:51	32.59	4.0768	4.247	4.2078	4.2495
1/28/2019	05:53:52	34.12	4.079	4.2464	4.2079	4.2505
1/28/2019	05:53:54	35.56	4.0797	4.2458	4.2068	4.2498
1/28/2019	05:53:55	37.12	4.0812	4.2438	4.2081	4.2476
1/28/2019	05:53:57	38.5	4.0825	4.2422	4.2088	4.2478
1/28/2019	05:53:59	40.36	4.0856	4.2421	4.2091	4.2488
1/28/2019	05:54:01	42.48	4.0872	4.2413	4.2081	4.2515
1/28/2019	05:54:03	44.23	4.088	4.2413	4.2068	4.2525
1/28/2019	05:54:04	45.81	4.0885	4.2402	4.206	4.2513
1/28/2019	05:54:05	47.12	4.0888	4.2398	4.2069	4.2526
1/28/2019	05:54:07	48.72	4.0876	4.2401	4.2081	4.2523
1/28/2019	05:54:08	50.02	4.086	4.2406	4.2083	4.2538
1/28/2019	05:54:10	51.42	4.0848	4.2418	4.2072	4.2508
1/28/2019	05:54:11	52.91	4.0844	4.2411	4.2057	4.2485
1/28/2019	05:54:13	55.16	4.0821	4.2419	4.2049	4.249
1/28/2019	05:54:15	56.58	4.0806	4.2413	4.2034	4.2506
1/28/2019	05:54:16	57.98	4.0793	4.2415	4.2045	4.2508
1/28/2019	05:54:18	59.48	4.0797	4.2415	4.2073	4.247
1/28/2019	05:54:19	60.89	4.0794	4.2415	4.2059	4.2437
1/28/2019	05:54:21	62.36	4.0786	4.2406	4.2062	4.2441
1/28/2019	05:54:22	63.72	4.0778	4.2395	4.2046	4.2445
1/28/2019	05:54:23	65.14	4.0761	4.2402	4.2062	4.2458
1/28/2019	05:54:25	66.59	4.0761	4.2396	4.2068	4.2442
1/28/2019	05:54:26	68.02	4.0757	4.2397	4.205	4.2438
1/28/2019	05:54:28	69.41	4.0774	4.2379	4.2037	4.2453
1/28/2019	05:54:29	70.81	4.0787	4.237	4.2013	4.2472
1/28/2019	05:54:30	72.11	4.0796	4.2366	4.202	4.2508
1/28/2019	05:54:32	73.5	4.0791	4.2383	4.2045	4.2527
1/28/2019	05:54:33	74.78	4.079	4.2395	4.2062	4.2508
1/28/2019	05:54:34	76.12	4.0799	4.2383	4.2075	4.2502
1/28/2019	05:54:36	77.59	4.08	4.2371	4.2058	4.249
1/28/2019	05:54:37	78.97	4.0812	4.2361	4.2047	4.2505
1/28/2019	05:54:39	80.28	4.0831	4.2353	4.2032	4.2497
1/28/2019	05:54:40	81.59	4.0863	4.234	4.2021	4.2497
1/28/2019	05:54:41	82.92	4.0869	4.2339	4.2013	4.2513
1/28/2019	05:54:43	84.39	4.0872	4.2344	4.2014	4.2529
1/28/2019	05:54:44	85.81	4.085	4.2347	4.2026	4.2498
1/28/2019	05:54:45	87.17	4.0838	4.2337	4.2033	4.2485
1/28/2019	05:54:47	88.48	4.0796	4.2341	4.204	4.2495
1/28/2019	05:54:48	90.03	4.0796	4.2332	4.2032	4.2504
1/28/2019	05:54:50	91.45	4.0797	4.2336	4.2032	4.2526
1/28/2019	05:54:51	92.78	4.0808	4.2319	4.2026	4.2512
1/28/2019	05:54:52	94.17	4.079	4.2316	4.2026	4.2508
1/28/2019	05:54:54	95.44	4.0777	4.233	4.202	4.2495
1/28/2019	05:54:55	96.75	4.079	4.2344	4.2013	4.2481
1/28/2019	05:54:56	98.02	4.0805	4.2351	4.2014	4.2515
1/28/2019	05:54:58	99.34	4.0797	4.2366	4.2016	4.2522
1/28/2019	05:54:59	100.77	4.0812	4.2368	4.2016	4.2508
1/28/2019	05:55:00	102.19	4.0815	4.2375	4.2021	4.2484
1/28/2019	05:55:02	103.5	4.0837	4.2354	4.2024	4.2454
1/28/2019	05:55:03	104.81	4.0831	4.2348	4.201	4.2434
1/28/2019	05:55:04	106.14	4.0841	4.234	4.2024	4.2434
1/28/2019	05:55:06	107.48	4.0834	4.233	4.2031	4.2433
1/28/2019	05:55:07	109	4.0829	4.2309	4.2055	4.2456
1/28/2019	05:55:09	110.28	4.0823	4.2293	4.205	4.2465
1/28/2019	05:55:10	111.73	4.0856	4.228	4.2036	4.2474
1/28/2019	05:55:12	113.31	4.0867	4.2281	4.2039	4.2485
1/28/2019	05:55:13	114.75	4.0874	4.2283	4.203	4.2487
1/28/2019	05:55:15	116.23	4.087	4.227	4.2035	4.2485
1/28/2019	05:55:16	117.86	4.0854	4.2269	4.2017	4.249
1/28/2019	05:55:18	119.94	4.0844	4.2251	4.2019	4.2481
1/28/2019	05:55:20	121.31	4.0823	4.2265	4.2023	4.2485
1/28/2019	05:55:21	122.72	4.0809	4.2251	4.2029	4.2456
1/28/2019	05:55:22	124.17	4.0799	4.2256	4.2017	4.2469
1/28/2019	05:55:24	125.58	4.0794	4.2248	4.2007	4.2479
1/28/2019	05:55:25	126.94	4.0796	4.2278	4.2007	4.2508
1/28/2019	05:55:27	128.45	4.0816	4.2288	4.2009	4.2476
1/28/2019	05:55:28	129.89	4.0821	4.2303	4.2016	4.246
1/28/2019	05:55:30	131.28	4.0856	4.2288	4.1997	4.2472
1/28/2019	05:55:31	132.73	4.0848	4.2285	4.1996	4.2505
1/28/2019	05:55:32	134.08	4.0834	4.2266	4.1977	4.2523
1/28/2019	05:55:34	135.33	4.0813	4.2255	4.199	4.2509
1/28/2019	05:55:35	136.73	4.08	4.224	4.1994	4.2516
1/28/2019	05:55:37	138.31	4.0777	4.223	4.2003	4.2512
1/28/2019	05:55:38	140.14	4.0748	4.2231	4.1984	4.2515
1/28/2019	05:55:40	142.03	4.0707	4.2246	4.1977	4.2502
1/28/2019	05:55:42	143.53	4.0695	4.2238	4.1981	4.2519
1/28/2019	05:55:43	144.97	4.0688	4.2231	4.1994	4.2525
1/28/2019	05:55:45	146.66	4.0717	4.2209	4.1987	4.253
1/28/2019	05:55:46	148.08	4.0732	4.2207	4.1972	4.2508
1/28/2019	05:55:48	149.31	4.073	4.2193	4.1977	4.2509
1/28/2019	05:55:49	150.67	4.0735	4.2181	4.1982	4.2501
1/28/2019	05:55:51	152.3	4.0752	4.2191	4.1998	4.2492
1/28/2019	05:55:52	153.78	4.0761	4.219	4.1988	4.2478
1/28/2019	05:55:54	155.22	4.0729	4.2197	4.1994	4.249
1/28/2019	05:55:55	156.95	4.0711	4.2193	4.1986	4.2485
1/28/2019	05:55:57	158.73	4.0702	4.2199	4.1994	4.2476
1/28/2019	05:55:58	160.17	4.0713	4.2191	4.1987	4.2466
1/28/2019	05:56:00	161.58	4.0723	4.2188	4.1993	4.2445
1/28/2019	05:56:01	163	4.074	4.2163	4.1994	4.2466
1/28/2019	05:56:03	164.37	4.0772	4.215	4.1974	4.245
1/28/2019	05:56:04	166	4.0772	4.2133	4.1955	4.2483
1/28/2019	05:56:06	167.52	4.0771	4.2137	4.1955	4.2473
1/28/2019	05:56:07	168.94	4.078	4.2144	4.197	4.247
1/28/2019	05:56:09	170.39	4.0784	4.2156	4.199	4.2487
1/28/2019	05:56:10	172	4.081	4.2155	4.1983	4.247
1/28/2019	05:56:12	173.37	4.0803	4.2143	4.2006	4.2477
1/28/2019	05:56:13	174.8	4.0819	4.2132	4.1987	4.2459
1/28/2019	05:56:15	176.41	4.081	4.2137	4.1988	4.2446
1/28/2019	05:56:16	177.91	4.0819	4.2147	4.1973	4.243
1/28/2019	05:56:18	179.34	4.0826	4.215	4.1977	4.2421
1/28/2019	05:56:19	180.94	4.0844	4.2146	4.1974	4.2454
1/28/2019	05:56:21	182.44	4.0829	4.2125	4.1962	4.2474
1/28/2019	05:56:23	184.27	4.0839	4.2111	4.1949	4.247
1/28/2019	05:56:24	185.83	4.0848	4.2089	4.1944	4.2452
1/28/2019	05:56:26	187.34	4.0888	4.2093	4.1944	4.2474
1/28/2019	05:56:27	188.78	4.0902	4.2077	4.1964	4.2515
1/28/2019	05:56:28	190.08	4.0901	4.2079	4.1983	4.2529
1/28/2019	05:56:30	191.61	4.0901	4.2068	4.1991	4.252
1/28/2019	05:56:31	193.2	4.0895	4.2071	4.199	4.2492
1/28/2019	05:56:33	194.92	4.0885	4.2089	4.1986	4.2484
1/28/2019	05:56:35	196.27	4.0877	4.2119	4.1975	4.2476
1/28/2019	05:56:36	197.58	4.0882	4.2135	4.1964	4.2455
1/28/2019	05:56:37	199.06	4.0895	4.2124	4.1944	4.2473
1/28/2019	05:56:39	200.77	4.0912	4.2127	4.1952	4.2453
1/28/2019	05:56:41	202.22	4.0914	4.2124	4.1948	4.2476
1/28/2019	05:56:42	203.48	4.0923	4.2123	4.1967	4.2471
1/28/2019	05:56:43	205.06	4.0915	4.2101	4.1971	4.248
1/28/2019	05:56:45	206.53	4.0918	4.2092	4.1987	4.2466
1/28/2019	05:56:46	207.98	4.0914	4.208	4.1997	4.2449
1/28/2019	05:56:48	209.28	4.0912	4.2071	4.1988	4.2456
1/28/2019	05:56:49	210.72	4.0921	4.2059	4.1973	4.2456
1/28/2019	05:56:51	212.39	4.0924	4.2055	4.1952	4.246
1/28/2019	05:56:52	213.97	4.0946	4.2064	4.1942	4.2476
1/28/2019	05:56:54	215.52	4.0946	4.2057	4.1951	4.2499
1/28/2019	05:56:55	216.89	4.0947	4.2065	4.1948	4.2522
1/28/2019	05:56:57	218.42	4.0939	4.2052	4.1964	4.2497
1/28/2019	05:56:58	220.05	4.0927	4.2069	4.1962	4.2478
1/28/2019	05:57:00	221.41	4.0915	4.2069	4.1977	4.2471
1/28/2019	05:57:01	222.86	4.0895	4.2075	4.198	4.2477
1/28/2019	05:57:03	224.34	4.0898	4.2056	4.1974	4.2474
1/28/2019	05:57:04	225.91	4.0896	4.2029	4.1973	4.2441
1/28/2019	05:57:06	227.23	4.0877	4.2012	4.1973	4.2435
1/28/2019	05:57:07	228.78	4.0845	4.2029	4.1986	4.2443
1/28/2019	05:57:09	230.33	4.0848	4.2046	4.1967	4.2459
1/28/2019	05:57:10	232.2	4.0848	4.2046	4.1951	4.2471
1/28/2019	05:57:12	233.73	4.086	4.2021	4.1954	4.2481
1/28/2019	05:57:13	235.09	4.0842	4.2012	4.1963	4.2505
1/28/2019	05:57:15	236.45	4.0838	4.2015	4.1973	4.2526
1/28/2019	05:57:16	238.08	4.0844	4.2022	4.1952	4.2518
1/28/2019	05:57:18	239.55	4.0839	4.2015	4.1967	4.2516
1/28/2019	05:57:19	241.09	4.0839	4.2011	4.1942	4.246
1/28/2019	05:57:21	242.75	4.0816	4.201	4.1937	4.2462
1/28/2019	05:57:23	244.62	4.0819	4.2016	4.1906	4.2449
1/28/2019	05:57:25	246.28	4.0826	4.1997	4.1918	4.2481
1/28/2019	05:57:26	247.61	4.0819	4.1984	4.1915	4.2464
1/28/2019	05:57:27	249.2	4.0807	4.1972	4.1928	4.2463
1/28/2019	05:57:29	250.61	4.0787	4.1984	4.1942	4.2435
1/28/2019	05:57:31	253.09	4.0785	4.2002	4.1947	4.2448
1/28/2019	05:57:33	254.47	4.0772	4.2016	4.1935	4.2439
1/28/2019	05:57:34	255.73	4.0779	4.2006	4.1931	4.2465
1/28/2019	05:57:35	257.17	4.0794	4.1999	4.1947	4.2444
1/28/2019	05:57:37	258.59	4.0796	4.1994	4.1948	4.2435
1/28/2019	05:57:38	259.98	4.0782	4.1994	4.1924	4.2435
1/28/2019	05:57:39	261.2	4.0758	4.1972	4.1919	4.2451
1/28/2019	05:57:41	262.78	4.0749	4.1952	4.1927	4.2463
1/28/2019	05:57:43	264.39	4.0752	4.1958	4.1938	4.2474
1/28/2019	05:57:44	265.77	4.0746	4.1958	4.1934	4.2496
1/28/2019	05:57:45	267.05	4.0739	4.1963	4.1932	4.2491
1/28/2019	05:57:47	268.41	4.0731	4.1956	4.1929	4.2452
1/28/2019	05:57:48	269.64	4.0724	4.1976	4.1928	4.2411
1/28/2019	05:57:49	271	4.0732	4.1983	4.1924	4.2407
1/28/2019	05:57:51	272.59	4.0721	4.1992	4.1931	4.2411
1/28/2019	05:57:52	274.06	4.0726	4.1973	4.1937	4.242
1/28/2019	05:57:54	275.75	4.0724	4.1953	4.1925	4.2413
1/28/2019	05:57:55	277.11	4.0708	4.1945	4.1911	4.2421
1/28/2019	05:57:57	278.45	4.0694	4.1943	4.1905	4.2398
1/28/2019	05:57:58	279.97	4.0676	4.1946	4.1922	4.2375
1/28/2019	05:58:00	281.34	4.0663	4.1916	4.1922	4.2382
1/28/2019	05:58:01	282.8	4.0669	4.19	4.1918	4.2386
1/28/2019	05:58:03	284.25	4.0673	4.1885	4.1918	4.2389
1/28/2019	05:58:04	285.75	4.0692	4.1902	4.1928	4.2366
1/28/2019	05:58:05	287.05	4.0684	4.1897	4.1934	4.236
1/28/2019	05:58:07	288.37	4.0686	4.1904	4.1938	4.2361
1/28/2019	05:58:08	289.66	4.067	4.1912	4.1944	4.2364
1/28/2019	05:58:09	290.87	4.0675	4.1951	4.192	4.2367
1/28/2019	05:58:10	292.16	4.0673	4.1966	4.1898	4.237
1/28/2019	05:58:12	293.55	4.0684	4.1958	4.1896	4.2377
1/28/2019	05:58:13	295.06	4.0697	4.1933	4.1919	4.2402
1/28/2019	05:58:15	296.55	4.0685	4.1917	4.1925	4.2407
1/28/2019	05:58:16	297.83	4.0672	4.1908	4.1922	4.2382
1/28/2019	05:58:18	299.25	4.0647	4.1916	4.1902	4.2373
1/28/2019	05:58:19	300.58	4.0659	4.192	4.1898	4.2395
1/28/2019	05:58:20	302.05	4.0657	4.191	4.1884	4.242
1/28/2019	05:58:22	303.42	4.0678	4.1893	4.1891	4.2417
1/28/2019	05:58:23	304.91	4.0672	4.1889	4.1885	4.2402
1/28/2019	05:58:25	306.34	4.0692	4.1899	4.1882	4.2407
1/28/2019	05:58:26	307.77	4.0669	4.1899	4.1895	4.2394
1/28/2019	05:58:27	309.06	4.0672	4.1893	4.1904	4.2371
1/28/2019	05:58:29	310.42	4.0659	4.1878	4.1912	4.2343
1/28/2019	05:58:30	311.7	4.067	4.1857	4.1918	4.236
1/28/2019	05:58:31	313.09	4.0681	4.1867	4.1932	4.2356
1/28/2019	05:58:33	314.83	4.0679	4.1871	4.193	4.2356
1/28/2019	05:58:34	316.19	4.0684	4.1903	4.1917	4.2345
1/28/2019	05:58:36	317.5	4.0653	4.1892	4.1902	4.2352
1/28/2019	05:58:37	318.8	4.0636	4.1902	4.1902	4.2359
1/28/2019	05:58:38	320.12	4.0636	4.1889	4.1912	4.2363
1/28/2019	05:58:40	321.45	4.0627	4.1871	4.1912	4.2363
1/28/2019	05:58:41	323.12	4.0643	4.1851	4.1908	4.237
1/28/2019	05:58:43	324.52	4.0631	4.183	4.1894	4.2378
1/28/2019	05:58:44	325.77	4.063	4.1834	4.1884	4.2377
1/28/2019	05:58:45	327.12	4.0618	4.1849	4.1894	4.2367
1/28/2019	05:58:47	328.41	4.0621	4.188	4.1894	4.2345
1/28/2019	05:58:48	329.94	4.0639	4.1893	4.1898	4.237
1/28/2019	05:58:50	331.58	4.0653	4.188	4.1884	4.2383
1/28/2019	05:58:51	332.92	4.0637	4.1864	4.1874	4.2395
1/28/2019	05:58:53	334.98	4.0652	4.1853	4.1889	4.2367
1/28/2019	05:58:55	336.37	4.0659	4.187	4.1884	4.2366
1/28/2019	05:58:56	337.72	4.0663	4.1873	4.1879	4.2364
1/28/2019	05:58:57	339.16	4.0656	4.1869	4.1872	4.2366
1/28/2019	05:58:59	340.59	4.0644	4.1857	4.1878	4.2349
1/28/2019	05:59:00	342.14	4.0644	4.186	4.1891	4.2343
1/28/2019	05:59:02	343.44	4.0612	4.1862	4.1864	4.2359
1/28/2019	05:59:03	344.98	4.0601	4.1856	4.1853	4.2371
1/28/2019	05:59:05	346.36	4.0579	4.1835	4.1858	4.2371
1/28/2019	05:59:06	347.66	4.0567	4.1833	4.1878	4.2349
1/28/2019	05:59:08	349.48	4.0543	4.1832	4.19	4.235
1/28/2019	05:59:09	350.87	4.0517	4.1834	4.1887	4.2342
1/28/2019	05:59:10	352.19	4.05	4.1829	4.1886	4.2364
1/28/2019	05:59:12	353.64	4.0479	4.1825	4.1872	4.2353
1/28/2019	05:59:14	355.89	4.0463	4.1819	4.1881	4.2349
1/28/2019	05:59:16	357.23	4.0439	4.1809	4.1861	4.2334
1/28/2019	05:59:17	358.52	4.0424	4.1809	4.1874	4.2331
1/28/2019	05:59:18	359.77	4.0433	4.181	4.1861	4.2327
1/28/2019	05:59:19	361.14	4.0426	4.1801	4.1884	4.2321
1/28/2019	05:59:21	362.42	4.0433	4.1811	4.1872	4.2318
1/28/2019	05:59:22	363.91	4.0419	4.1824	4.1884	4.2339
1/28/2019	05:59:24	365.31	4.0433	4.183	4.1872	4.2353
1/28/2019	05:59:25	366.67	4.0443	4.1823	4.1877	4.237
1/28/2019	05:59:26	368.16	4.0463	4.1802	4.1882	4.2383
1/28/2019	05:59:28	369.52	4.0473	4.1798	4.1871	4.2366
1/28/2019	05:59:29	370.73	4.0466	4.1779	4.1875	4.237
1/28/2019	05:59:31	372.23	4.0468	4.1779	4.1858	4.2352
1/28/2019	05:59:32	373.62	4.0488	4.1804	4.1858	4.2329
1/28/2019	05:59:33	375.03	4.0504	4.1823	4.1848	4.2335
1/28/2019	05:59:35	376.53	4.0515	4.183	4.1848	4.2331
1/28/2019	05:59:36	378.02	4.0508	4.1812	4.1851	4.2368
1/28/2019	05:59:38	379.36	4.052	4.1802	4.1864	4.2366
1/28/2019	05:59:39	380.64	4.0521	4.1783	4.1864	4.237
1/28/2019	05:59:40	382.08	4.0523	4.1777	4.1871	4.2352
1/28/2019	05:59:42	383.47	4.0504	4.1771	4.1862	4.2351
1/28/2019	05:59:43	384.77	4.0521	4.1774	4.1862	4.2339
1/28/2019	05:59:44	386.12	4.0533	4.1774	4.1859	4.2331
1/28/2019	05:59:46	387.61	4.0554	4.1761	4.1864	4.2321
1/28/2019	05:59:47	389.05	4.0547	4.1751	4.1869	4.2334
1/28/2019	05:59:49	390.45	4.0543	4.1752	4.1884	4.236
1/28/2019	05:59:50	391.95	4.0531	4.1764	4.1869	4.2359
1/28/2019	05:59:52	393.5	4.0521	4.177	4.1865	4.2349
1/28/2019	05:59:53	394.92	4.0521	4.1761	4.1832	4.232
1/28/2019	05:59:55	396.55	4.0536	4.1745	4.1821	4.2309
1/28/2019	05:59:56	398.03	4.0544	4.1729	4.1818	4.2302
1/28/2019	05:59:58	399.31	4.0546	4.1733	4.1823	4.2312
1/28/2019	05:59:59	400.64	4.0546	4.174	4.1828	4.2316
1/28/2019	06:00:00	402.05	4.053	4.1746	4.1839	4.2324
1/28/2019	06:00:02	403.41	4.0512	4.1741	4.1867	4.2328
1/28/2019	06:00:03	404.8	4.0497	4.1742	4.1865	4.2319
1/28/2019	06:00:05	406.23	4.0484	4.1742	4.1849	4.2307
1/28/2019	06:00:06	407.44	4.0488	4.1731	4.1831	4.2312
1/28/2019	06:00:07	408.78	4.0462	4.1733	4.1816	4.2324
1/28/2019	06:00:08	410.03	4.0469	4.1738	4.1824	4.2341
1/28/2019	06:00:10	411.45	4.0475	4.1752	4.1848	4.2331
1/28/2019	06:00:11	412.67	4.0481	4.1742	4.1859	4.2332
1/28/2019	06:00:12	414.03	4.0486	4.1741	4.1839	4.2302
1/28/2019	06:00:14	415.25	4.0489	4.1727	4.1819	4.2323
1/28/2019	06:00:15	416.69	4.0498	4.1719	4.1816	4.2323
1/28/2019	06:00:16	418.16	4.0501	4.1719	4.1826	4.2335
1/28/2019	06:00:18	419.55	4.0494	4.17	4.1822	4.2323
1/28/2019	06:00:19	420.84	4.0495	4.1694	4.1828	4.2313
1/28/2019	06:00:21	422.23	4.0498	4.1678	4.1815	4.232
1/28/2019	06:00:22	423.67	4.0491	4.169	4.1808	4.2316
1/28/2019	06:00:23	425.09	4.0492	4.1709	4.1812	4.2335
1/28/2019	06:00:25	426.53	4.0491	4.1723	4.1826	4.2321
1/28/2019	06:00:26	427.86	4.0465	4.1749	4.1816	4.2307
1/28/2019	06:00:27	429.06	4.0445	4.1756	4.1806	4.2292
1/28/2019	06:00:29	430.5	4.0408	4.1766	4.1806	4.23
1/28/2019	06:00:30	431.94	4.0404	4.1754	4.1815	4.2319
1/28/2019	06:00:32	433.41	4.0375	4.1742	4.1818	4.2313
1/28/2019	06:00:33	434.83	4.0355	4.1728	4.1801	4.2311
1/28/2019	06:00:35	436.67	4.0342	4.1731	4.1791	4.2318
1/28/2019	06:00:36	438.09	4.0329	4.1714	4.1791	4.2316
1/28/2019	06:00:38	439.58	4.0325	4.1703	4.1786	4.2331
1/28/2019	06:00:39	440.86	4.0322	4.169	4.1788	4.2327
1/28/2019	06:00:40	442.16	4.0341	4.1689	4.1789	4.2317
1/28/2019	06:00:42	443.47	4.0347	4.1693	4.1805	4.2303
1/28/2019	06:00:43	444.84	4.0351	4.1685	4.1809	4.2307
1/28/2019	06:00:45	446.22	4.0357	4.1673	4.1822	4.2309
1/28/2019	06:00:46	447.5	4.0357	4.1668	4.1824	4.2326
1/28/2019	06:00:47	448.92	4.0359	4.1673	4.1806	4.2321
1/28/2019	06:00:48	450.17	4.0358	4.167	4.1791	4.2332
1/28/2019	06:00:50	451.48	4.0377	4.1656	4.1788	4.2301
1/28/2019	06:00:51	452.81	4.0385	4.1648	4.1814	4.2278
1/28/2019	06:00:52	454.17	4.0404	4.1662	4.1795	4.2271
1/28/2019	06:00:54	455.42	4.0416	4.1673	4.1791	4.2292
1/28/2019	06:00:55	456.83	4.0413	4.1673	4.1779	4.2294
1/28/2019	06:00:56	458.2	4.0409	4.1652	4.1785	4.2274
1/28/2019	06:00:58	459.7	4.0406	4.1635	4.1788	4.2257
1/28/2019	06:00:59	461.19	4.0407	4.1622	4.1785	4.2273
1/28/2019	06:01:01	462.61	4.0385	4.1633	4.1794	4.2302
1/28/2019	06:01:02	463.89	4.0361	4.1634	4.1788	4.2327
1/28/2019	06:01:04	465.31	4.0345	4.1652	4.1793	4.2324
1/28/2019	06:01:05	466.77	4.0348	4.1647	4.1792	4.2325
1/28/2019	06:01:06	468.16	4.0364	4.1649	4.1804	4.2314
1/28/2019	06:01:08	469.41	4.0357	4.1649	4.1789	4.2307
1/28/2019	06:01:09	470.67	4.0324	4.1659	4.1768	4.2285
1/28/2019	06:01:10	472	4.0275	4.1671	4.1748	4.2299
1/28/2019	06:01:12	473.53	4.0247	4.1656	4.1771	4.2292
1/28/2019	06:01:14	475.34	4.0251	4.1662	4.1794	4.2308
1/28/2019	06:01:15	476.61	4.0246	4.1666	4.1811	4.2273
1/28/2019	06:01:16	477.91	4.0252	4.1663	4.1802	4.2292
1/28/2019	06:01:18	479.33	4.0243	4.1661	4.1794	4.2273
1/28/2019	06:01:19	480.73	4.023	4.1639	4.1789	4.2296
1/28/2019	06:01:20	482.19	4.0226	4.1654	4.1791	4.2269
1/28/2019	06:01:22	483.94	4.0223	4.1649	4.1781	4.2291
1/28/2019	06:01:24	485.42	4.0257	4.1635	4.1791	4.2283
1/28/2019	06:01:25	486.77	4.0265	4.163	4.1782	4.2283
1/28/2019	06:01:27	488.25	4.0272	4.1614	4.1786	4.2271
1/28/2019	06:01:28	489.62	4.0262	4.1644	4.1768	4.2263
1/28/2019	06:01:29	491.11	4.0272	4.1644	4.1761	4.2285
1/28/2019	06:01:31	492.58	4.0273	4.1656	4.1771	4.226
1/28/2019	06:01:32	493.98	4.0272	4.1649	4.1774	4.2262
1/28/2019	06:01:34	495.58	4.0266	4.1635	4.1772	4.2234
1/28/2019	06:01:36	497.3	4.0262	4.163	4.1775	4.2242
1/28/2019	06:01:37	498.89	4.0237	4.1633	4.1761	4.2231
1/28/2019	06:01:39	500.48	4.022	4.1648	4.1771	4.2234
1/28/2019	06:01:40	502.02	4.0226	4.1634	4.1771	4.2246
1/28/2019	06:01:42	503.41	4.0239	4.1614	4.1778	4.2245
1/28/2019	06:01:43	505.05	4.0259	4.1587	4.1778	4.2263
1/28/2019	06:01:45	506.67	4.0246	4.1599	4.1768	4.228
1/28/2019	06:01:47	508.22	4.0243	4.1583	4.1768	4.2282
1/28/2019	06:01:48	509.73	4.0256	4.1592	4.1771	4.2282
1/28/2019	06:01:49	511.11	4.0283	4.157	4.1767	4.2268
1/28/2019	06:01:51	512.59	4.0297	4.1595	4.1781	4.2268
1/28/2019	06:01:52	513.84	4.0268	4.1602	4.1767	4.2273
1/28/2019	06:01:54	515.28	4.0258	4.1621	4.1779	4.2269
1/28/2019	06:01:55	516.92	4.0246	4.1607	4.1751	4.2249
1/28/2019	06:01:57	518.39	4.0256	4.1589	4.1763	4.2248
1/28/2019	06:01:58	519.89	4.0255	4.1578	4.1751	4.2241
1/28/2019	06:02:00	521.53	4.0266	4.1582	4.1771	4.2266
1/28/2019	06:02:01	522.8	4.0273	4.1597	4.1774	4.2268
1/28/2019	06:02:03	524.52	4.0278	4.1603	4.1781	4.2279
1/28/2019	06:02:04	526.02	4.0291	4.1607	4.1779	4.2268
1/28/2019	06:02:06	527.39	4.0298	4.1596	4.1786	4.2244
1/28/2019	06:02:07	528.92	4.0301	4.1607	4.1787	4.2229
1/28/2019	06:02:09	530.5	4.0285	4.1595	4.177	4.223
1/28/2019	06:02:10	532.16	4.0268	4.1573	4.1741	4.2254
1/28/2019	06:02:12	533.89	4.0248	4.1545	4.174	4.2258
1/28/2019	06:02:14	535.45	4.0232	4.154	4.1752	4.227
1/28/2019	06:02:15	536.92	4.0229	4.1555	4.1772	4.2262
1/28/2019	06:02:17	538.44	4.0233	4.1562	4.1773	4.2247
1/28/2019	06:02:18	540	4.0248	4.1554	4.1772	4.2254
1/28/2019	06:02:19	541.2	4.0255	4.1562	4.1773	4.2255
1/28/2019	06:02:21	542.7	4.0255	4.1557	4.1756	4.228
1/28/2019	06:02:23	544.53	4.0265	4.1564	4.175	4.2276
1/28/2019	06:02:24	545.98	4.0274	4.1554	4.1736	4.2272
1/28/2019	06:02:26	547.34	4.0271	4.1567	4.1749	4.2261
1/28/2019	06:02:27	548.92	4.0263	4.1543	4.1752	4.2254
1/28/2019	06:02:29	550.23	4.0232	4.152	4.1757	4.2236
1/28/2019	06:02:30	552.14	4.0239	4.1487	4.1765	4.2251
1/28/2019	06:02:32	553.7	4.0253	4.1511	4.1767	4.2252
1/28/2019	06:02:33	555.16	4.0292	4.1522	4.1765	4.2254
1/28/2019	06:02:35	556.67	4.0305	4.1536	4.1744	4.2226
1/28/2019	06:02:36	558.17	4.0301	4.153	4.1747	4.2223
1/28/2019	06:02:38	559.73	4.0296	4.152	4.1756	4.2233
1/28/2019	06:02:40	561.25	4.0286	4.1536	4.1725	4.2223
1/28/2019	06:02:41	563.06	4.0299	4.1559	4.1693	4.2215
1/28/2019	06:02:43	564.52	4.0309	4.1574	4.1664	4.2215
1/28/2019	06:02:44	566.12	4.0335	4.1576	4.1663	4.2229
1/28/2019	06:02:46	567.72	4.0338	4.1573	4.1663	4.2237
1/28/2019	06:02:48	569.3	4.0322	4.1578	4.165	4.2226
1/28/2019	06:02:49	570.67	4.0283	4.1564	4.1643	4.2223
1/28/2019	06:02:51	572.28	4.0249	4.1563	4.1644	4.2208
1/28/2019	06:02:52	573.84	4.0232	4.1563	4.1637	4.2202
1/28/2019	06:02:53	575.16	4.0242	4.1576	4.1654	4.2213
1/28/2019	06:02:55	576.83	4.0239	4.1558	4.1649	4.2226
1/28/2019	06:02:57	578.33	4.0238	4.1553	4.1656	4.2233
1/28/2019	06:02:58	579.78	4.0248	4.1544	4.1669	4.2234
1/28/2019	06:03:00	581.3	4.025	4.1547	4.1667	4.2216
1/28/2019	06:03:01	582.66	4.0248	4.1556	4.1659	4.2208
1/28/2019	06:03:03	584.58	4.0238	4.1545	4.1633	4.2195
1/28/2019	06:03:04	586.02	4.0232	4.1543	4.1614	4.2203
1/28/2019	06:03:06	587.41	4.0216	4.1533	4.1611	4.2188
1/28/2019	06:03:07	588.91	4.02	4.1547	4.1616	4.2194
1/28/2019	06:03:09	590.39	4.0209	4.1571	4.163	4.2204
1/28/2019	06:03:10	592.12	4.0228	4.1575	4.1639	4.222
1/28/2019	06:03:12	593.59	4.0238	4.1576	4.1624	4.222
1/28/2019	06:03:14	595.27	4.0216	4.1553	4.1609	4.2228
1/28/2019	06:03:15	596.67	4.021	4.1547	4.1597	4.2203
1/28/2019	06:03:17	598.25	4.0206	4.1542	4.1597	4.2205
1/28/2019	06:03:18	599.59	4.0222	4.1535	4.161	4.2191
1/28/2019	06:03:20	601.41	4.0235	4.1528	4.1611	4.2223
1/28/2019	06:03:21	602.98	4.0248	4.1533	4.1616	4.2234
1/28/2019	06:03:23	604.42	4.0229	4.1526	4.1597	4.2237
1/28/2019	06:03:24	606.02	4.0216	4.1525	4.1626	4.2239
1/28/2019	06:03:26	607.44	4.0177	4.1509	4.164	4.2217
1/28/2019	06:03:27	609.03	4.0159	4.1505	4.1652	4.2219
1/28/2019	06:03:29	611.02	4.0139	4.1516	4.1622	4.2223
1/28/2019	06:03:31	612.56	4.0112	4.1516	4.1629	4.2234
1/28/2019	06:03:32	614.08	4.0116	4.1526	4.1636	4.2238
1/28/2019	06:03:34	615.52	4.0116	4.1516	4.1649	4.2231
1/28/2019	06:03:35	617.16	4.013	4.1511	4.1617	4.2226
1/28/2019	06:03:37	618.72	4.0123	4.15	4.1619	4.2203
1/28/2019	06:03:39	620.28	4.0113	4.15	4.1622	4.2187
1/28/2019	06:03:40	621.83	4.0107	4.1497	4.164	4.218
1/28/2019	06:03:42	623.27	4.0116	4.1505	4.1629	4.2217
1/28/2019	06:03:43	624.94	4.0122	4.1496	4.1607	4.2223
1/28/2019	06:03:45	626.73	4.014	4.1491	4.1614	4.2237
1/28/2019	06:03:46	628.19	4.013	4.1487	4.1604	4.2221
1/28/2019	06:03:48	629.92	4.012	4.1482	4.1616	4.2228
1/28/2019	06:03:50	631.61	4.0114	4.1483	4.161	4.223
1/28/2019	06:03:51	633.11	4.011	4.1483	4.1619	4.222
1/28/2019	06:03:53	634.55	4.0119	4.1482	4.1597	4.2205
1/28/2019	06:03:54	636.11	4.0153	4.1485	4.1589	4.2188
1/28/2019	06:03:56	637.53	4.0191	4.1472	4.1613	4.2177
1/28/2019	06:03:57	639.11	4.0205	4.1464	4.1623	4.2177
1/28/2019	06:03:59	640.81	4.0185	4.1452	4.1623	4.2169
1/28/2019	06:04:01	642.3	4.0156	4.1442	4.1602	4.2161
1/28/2019	06:04:02	643.73	4.0147	4.144	4.1616	4.2154
1/28/2019	06:04:03	645.19	4.0124	4.1454	4.1627	4.2159
1/28/2019	06:04:05	646.84	4.0106	4.1464	4.1637	4.2175
1/28/2019	06:04:07	648.78	4.0094	4.1472	4.162	4.2184
1/28/2019	06:04:09	650.25	4.0084	4.144	4.1605	4.218
1/28/2019	06:04:10	651.73	4.0094	4.143	4.1597	4.2147
1/28/2019	06:04:12	653.41	4.0086	4.142	4.1599	4.2144
1/28/2019	06:04:13	655.14	4.0087	4.1434	4.1613	4.2154
1/28/2019	06:04:15	656.89	4.0087	4.1424	4.1607	4.2176
1/28/2019	06:04:17	658.25	4.0086	4.1429	4.1599	4.2202
1/28/2019	06:04:18	659.8	4.008	4.1429	4.1579	4.2205
1/28/2019	06:04:20	661.25	4.0083	4.1434	4.1562	4.2188
1/28/2019	06:04:21	662.73	4.0077	4.1438	4.1573	4.2155
1/28/2019	06:04:23	664.47	4.01	4.1425	4.1587	4.2152
1/28/2019	06:04:24	665.83	4.0081	4.1413	4.1592	4.2177
1/28/2019	06:04:26	667.41	4.0112	4.1409	4.159	4.2186
1/28/2019	06:04:27	668.95	4.0091	4.1424	4.158	4.2176
1/28/2019	06:04:29	670.45	4.0106	4.1437	4.1596	4.2176
1/28/2019	06:04:30	672.06	4.01	4.1423	4.1583	4.2186
1/28/2019	06:04:32	673.31	4.0107	4.1411	4.1586	4.2176
1/28/2019	06:04:33	675.05	4.0123	4.1405	4.1575	4.2165
1/28/2019	06:04:35	676.45	4.0086	4.1401	4.1583	4.2164
1/28/2019	06:04:36	678	4.0082	4.1391	4.1553	4.2162
1/28/2019	06:04:38	679.53	4.0041	4.1385	4.1555	4.2182
1/28/2019	06:04:39	681.19	4.0069	4.1381	4.1552	4.2186
1/28/2019	06:04:41	682.48	4.0046	4.1376	4.1559	4.2202
1/28/2019	06:04:42	684.09	4.0039	4.1375	4.1563	4.2191
1/28/2019	06:04:44	685.8	4.0022	4.1381	4.1566	4.218
1/28/2019	06:04:46	687.39	4.0022	4.139	4.1595	4.2172
1/28/2019	06:04:47	689.14	4.0019	4.1405	4.1595	4.2168
1/28/2019	06:04:49	690.66	3.9994	4.1392	4.1588	4.2175
1/28/2019	06:04:51	692.27	3.9983	4.1382	4.1569	4.2209
1/28/2019	06:04:52	694.05	3.9969	4.1375	4.1568	4.2198
1/28/2019	06:04:54	695.37	3.9986	4.1373	4.1573	4.2207
1/28/2019	06:04:55	696.86	3.9994	4.1368	4.1572	4.2176
1/28/2019	06:04:57	698.31	4.0013	4.1349	4.1569	4.2188
1/28/2019	06:04:58	699.92	3.9989	4.1323	4.1549	4.219
1/28/2019	06:05:00	701.5	3.9999	4.1305	4.1559	4.2211
1/28/2019	06:05:01	702.89	4.0003	4.131	4.1562	4.2224
1/28/2019	06:05:03	704.62	4.0039	4.1319	4.1589	4.2209
1/28/2019	06:05:05	706.42	4.0017	4.1329	4.1595	4.2187
1/28/2019	06:05:06	707.89	4.004	4.1319	4.1603	4.2157
1/28/2019	06:05:08	709.44	4.0039	4.1332	4.1606	4.2158
1/28/2019	06:05:09	710.66	4.0049	4.1329	4.159	4.2159
1/28/2019	06:05:10	712.14	4.0039	4.1337	4.157	4.2173
1/28/2019	06:05:12	713.8	4.0031	4.1324	4.1558	4.2172
1/28/2019	06:05:14	715.42	4.0046	4.1317	4.1553	4.2165
1/28/2019	06:05:15	716.91	4.0046	4.1309	4.1558	4.2164
1/28/2019	06:05:17	718.31	4.0059	4.1294	4.1542	4.2162
1/28/2019	06:05:18	719.75	4.0067	4.1295	4.1549	4.2168
1/28/2019	06:05:19	721.12	4.0083	4.1288	4.1542	4.2165
1/28/2019	06:05:21	722.66	4.0056	4.1295	4.1544	4.2164
1/28/2019	06:05:23	724.25	4.0066	4.1299	4.1551	4.2161
1/28/2019	06:05:24	725.81	4.0069	4.1294	4.1545	4.217
1/28/2019	06:05:26	727.34	4.0079	4.1298	4.1551	4.2183
1/28/2019	06:05:27	728.67	4.0073	4.1291	4.1523	4.2205
1/28/2019	06:05:28	730.06	4.0064	4.1288	4.1523	4.2187
1/28/2019	06:05:30	731.81	4.0079	4.128	4.1533	4.2184
1/28/2019	06:05:32	733.45	4.0053	4.1279	4.1554	4.217
1/28/2019	06:05:33	735.14	4.0034	4.129	4.1566	4.2172
1/28/2019	06:05:35	736.78	4.004	4.1288	4.1551	4.2157
1/28/2019	06:05:36	738.17	4.0054	4.1283	4.1548	4.2136
1/28/2019	06:05:38	739.62	4.0082	4.1275	4.1529	4.2143
1/28/2019	06:05:40	741.33	4.0063	4.1267	4.1531	4.2151
1/28/2019	06:05:41	742.95	4.0079	4.1267	4.1519	4.2162
1/28/2019	06:05:43	744.5	4.0086	4.126	4.1525	4.2183
1/28/2019	06:05:44	746.14	4.0117	4.1259	4.1519	4.2181
1/28/2019	06:05:47	748.25	4.0117	4.1261	4.1522	4.2201
1/28/2019	06:05:48	749.8	4.009	4.1262	4.1511	4.2186
1/28/2019	06:05:50	751.28	4.0064	4.1264	4.1521	4.2198
1/28/2019	06:05:51	752.86	4.0056	4.1247	4.1528	4.2194
1/28/2019	06:05:53	754.27	4.008	4.1233	4.1535	4.2191
1/28/2019	06:05:54	756.12	4.0073	4.1218	4.1524	4.2172
1/28/2019	06:05:56	757.61	4.0096	4.1208	4.1509	4.2166
1/28/2019	06:05:57	759.17	4.0086	4.1213	4.1512	4.2169
1/28/2019	06:05:59	760.94	4.0085	4.1234	4.1515	4.2173
1/28/2019	06:06:01	762.53	4.0043	4.1242	4.1526	4.2169
1/28/2019	06:06:02	764.11	4.003	4.123	4.1531	4.2161
1/28/2019	06:06:04	765.56	4.0043	4.1221	4.1525	4.215
1/28/2019	06:06:05	766.94	4.006	4.1208	4.1512	4.2135
1/28/2019	06:06:07	768.98	4.0073	4.1207	4.1495	4.2132
1/28/2019	06:06:09	770.75	4.0059	4.1206	4.1498	4.2144
1/28/2019	06:06:11	772.62	4.0064	4.1221	4.1487	4.2133
1/28/2019	06:06:13	774.31	4.0039	4.1222	4.1505	4.2132
1/28/2019	06:06:14	776.12	4.0046	4.1221	4.1498	4.2121
1/28/2019	06:06:16	777.55	4.0014	4.121	4.1512	4.2148
1/28/2019	06:06:17	779.02	4.0037	4.1203	4.1502	4.2141
1/28/2019	06:06:19	780.48	4.0042	4.1206	4.1488	4.2125
1/28/2019	06:06:20	781.91	4.0069	4.1207	4.1487	4.2105
1/28/2019	06:06:21	783.17	4.0032	4.1208	4.1487	4.2117
1/28/2019	06:06:23	784.8	3.9994	4.1181	4.1497	4.2134
1/28/2019	06:06:25	786.56	3.9964	4.1179	4.1498	4.2132
1/28/2019	06:06:26	788.06	3.9973	4.1179	4.1505	4.2152
1/28/2019	06:06:28	789.47	3.9983	4.1206	4.1508	4.217
1/28/2019	06:06:29	791.02	3.9976	4.1192	4.1494	4.2191
1/28/2019	06:06:31	792.58	3.9962	4.1181	4.1474	4.2177
1/28/2019	06:06:32	794.14	3.9959	4.1172	4.1478	4.2169
1/28/2019	06:06:34	795.39	3.9963	4.1188	4.1485	4.2175
1/28/2019	06:06:35	796.81	3.998	4.1201	4.1484	4.2161
1/28/2019	06:06:37	798.33	3.9964	4.1193	4.1471	4.218
1/28/2019	06:06:38	799.81	3.9946	4.1196	4.1465	4.2186
1/28/2019	06:06:40	801.44	3.9926	4.1201	4.1478	4.2213
1/28/2019	06:06:41	803.08	3.9942	4.1218	4.149	4.2198
1/28/2019	06:06:43	804.44	3.9952	4.12	4.1502	4.2182
1/28/2019	06:06:44	806.05	3.9942	4.1182	4.1491	4.2145
1/28/2019	06:06:46	807.48	3.9922	4.1174	4.148	4.2136
1/28/2019	06:06:47	808.81	3.9921	4.119	4.1466	4.215
1/28/2019	06:06:48	810.16	3.9941	4.1198	4.1473	4.2187
1/28/2019	06:06:50	811.64	3.9948	4.1182	4.1488	4.2176
1/28/2019	06:06:51	813.19	3.9953	4.1172	4.1493	4.2165
1/28/2019	06:06:53	814.58	3.9955	4.1169	4.1478	4.2128
1/28/2019	06:06:54	816.02	3.9927	4.1169	4.1464	4.214
1/28/2019	06:06:56	817.67	3.9907	4.1169	4.1468	4.2133
1/28/2019	06:06:58	819.23	3.9895	4.1162	4.1477	4.2142
1/28/2019	06:06:59	820.81	3.9925	4.1156	4.1491	4.2137
1/28/2019	06:07:01	822.56	3.9939	4.1154	4.1481	4.2131
1/28/2019	06:07:02	823.87	3.9932	4.1152	4.1491	4.2129
1/28/2019	06:07:04	825.42	3.9937	4.1173	4.1474	4.2137
1/28/2019	06:07:05	826.72	3.9943	4.1176	4.1484	4.2135
1/28/2019	06:07:07	828.8	3.9973	4.1171	4.147	4.2135
1/28/2019	06:07:09	830.25	3.9966	4.1158	4.1461	4.2097
1/28/2019	06:07:10	831.84	3.9969	4.1153	4.1461	4.2101
1/28/2019	06:07:11	833.14	3.9941	4.1168	4.1464	4.2089
1/28/2019	06:07:13	834.62	3.9974	4.1174	4.1477	4.2104
1/28/2019	06:07:15	836.27	3.9974	4.1171	4.1463	4.2093
1/28/2019	06:07:16	837.86	4	4.1151	4.1451	4.2115
1/28/2019	06:07:18	839.22	3.9999	4.1148	4.1443	4.2115
1/28/2019	06:07:19	840.61	4.0009	4.1151	4.1447	4.2103
1/28/2019	06:07:20	842	4.0016	4.1159	4.1468	4.2093
1/28/2019	06:07:22	843.25	4.0011	4.1161	4.1464	4.2119
1/28/2019	06:07:23	844.83	4.0033	4.1144	4.1461	4.2141
1/28/2019	06:07:25	846.66	4.0033	4.1144	4.145	4.2136
1/28/2019	06:07:26	848.11	4.0044	4.111	4.1456	4.2137
1/28/2019	06:07:28	849.58	4.0037	4.1117	4.1436	4.2139
1/28/2019	06:07:29	851.06	4.0049	4.1098	4.1434	4.2147
1/28/2019	06:07:31	852.72	4.0027	4.112	4.1441	4.2133
1/28/2019	06:07:32	853.94	4.0026	4.1117	4.146	4.2122
1/28/2019	06:07:34	855.56	4.0006	4.1109	4.1463	4.2103
1/28/2019	06:07:36	857.22	3.9994	4.1109	4.1453	4.211
1/28/2019	06:07:37	858.69	3.996	4.11	4.145	4.2097
1/28/2019	06:07:38	860.16	3.9967	4.1109	4.1441	4.2097
1/28/2019	06:07:40	861.61	3.9967	4.1122	4.1451	4.21
1/28/2019	06:07:42	863.28	3.9982	4.1138	4.145	4.2092
1/28/2019	06:07:43	864.58	3.997	4.1146	4.1457	4.209
1/28/2019	06:07:44	866.08	3.9973	4.1134	4.1456	4.2063
1/28/2019	06:07:46	867.83	3.9984	4.1134	4.1468	4.2081
1/28/2019	06:07:47	869.06	3.9981	4.1116	4.1461	4.2089
1/28/2019	06:07:49	870.25	3.9979	4.1114	4.1456	4.2086
1/28/2019	06:07:50	871.84	3.9953	4.1115	4.1444	4.209
1/28/2019	06:07:52	873.52	3.997	4.1138	4.1443	4.2092
1/28/2019	06:07:53	874.97	3.9962	4.113	4.1449	4.2101
1/28/2019	06:07:55	876.47	3.9975	4.1128	4.1446	4.2092
1/28/2019	06:07:56	878.14	3.9959	4.1131	4.1447	4.2095
1/28/2019	06:07:58	879.64	3.9989	4.1143	4.1446	4.2082
1/28/2019	06:08:00	881.25	3.9983	4.1142	4.1457	4.2081
1/28/2019	06:08:01	882.86	3.9969	4.1143	4.1463	4.2079
1/28/2019	06:08:03	884.42	3.9946	4.1133	4.1441	4.208
1/28/2019	06:08:04	885.92	3.9949	4.1129	4.144	4.2084
1/28/2019	06:08:06	887.39	3.9937	4.1119	4.1427	4.2046
1/28/2019	06:08:07	888.75	3.992	4.1123	4.1434	4.2041
1/28/2019	06:08:09	890.39	3.9902	4.1117	4.1436	4.2045
1/28/2019	06:08:10	891.72	3.9882	4.1118	4.145	4.2075
1/28/2019	06:08:12	893.44	3.988	4.1111	4.1443	4.2095
1/28/2019	06:08:13	894.89	3.9869	4.1111	4.1442	4.207
1/28/2019	06:08:15	897.05	3.9871	4.1101	4.1434	4.2046
1/28/2019	06:08:17	898.47	3.9871	4.1096	4.145	4.2024
1/28/2019	06:08:19	900.45	3.9846	4.1102	4.1436	4.2042
1/28/2019	06:08:20	901.73	3.9835	4.1127	4.1417	4.206
1/28/2019	06:08:22	903.22	3.9826	4.1112	4.1412	4.2052
1/28/2019	06:08:23	904.73	3.9839	4.1087	4.1423	4.2035
1/28/2019	06:08:24	906.19	3.9855	4.1067	4.1444	4.2023
1/28/2019	06:08:26	907.56	3.9834	4.1067	4.1436	4.2026
1/28/2019	06:08:27	908.78	3.9839	4.1084	4.1426	4.2033
1/28/2019	06:08:28	910.08	3.9835	4.1088	4.1436	4.2039
1/28/2019	06:08:30	911.34	3.9859	4.1097	4.1443	4.2045
1/28/2019	06:08:31	912.67	3.9855	4.1102	4.1425	4.2048
1/28/2019	06:08:32	913.91	3.9842	4.1076	4.1403	4.205
1/28/2019	06:08:34	915.28	3.9824	4.1074	4.1392	4.2049
1/28/2019	06:08:35	917.17	3.9821	4.105	4.1402	4.2048
1/28/2019	06:08:37	918.77	3.981	4.1075	4.1399	4.2068
1/28/2019	06:08:39	920.36	3.979	4.1062	4.1412	4.2072
1/28/2019	06:08:40	921.92	3.975	4.1063	4.1407	4.2088
1/28/2019	06:08:42	923.69	3.9754	4.1029	4.141	4.2067
1/28/2019	06:08:43	925.08	3.9739	4.1039	4.1413	4.2064
1/28/2019	06:08:45	926.67	3.9753	4.104	4.1416	4.205
1/28/2019	06:08:46	928.2	3.9746	4.1057	4.1423	4.2046
1/28/2019	06:08:48	929.55	3.9773	4.1062	4.1406	4.2051
1/28/2019	06:08:50	931.25	3.9776	4.1073	4.1398	4.206
1/28/2019	06:08:51	932.73	3.9774	4.1086	4.1399	4.2053
1/28/2019	06:08:53	934.28	3.9747	4.1062	4.1413	4.2062
1/28/2019	06:08:54	935.86	3.9738	4.1053	4.1423	4.2042
1/28/2019	06:08:56	937.48	3.9702	4.1048	4.1412	4.205
1/28/2019	06:08:57	939.14	3.9695	4.1065	4.1402	4.2057
1/28/2019	06:08:59	940.87	3.9688	4.1077	4.1403	4.2077
1/28/2019	06:09:01	942.62	3.9684	4.1077	4.1403	4.2091
1/28/2019	06:09:02	944.08	3.9645	4.1065	4.1405	4.2091
1/28/2019	06:09:04	945.59	3.9621	4.1039	4.1402	4.2077
1/28/2019	06:09:05	946.87	3.9638	4.1025	4.1415	4.2064
1/28/2019	06:09:07	948.53	3.9672	4.1019	4.1437	4.2035
1/28/2019	06:09:08	949.97	3.9682	4.1038	4.1433	4.2024
1/28/2019	06:09:10	951.5	3.9664	4.1053	4.1416	4.1991
1/28/2019	06:09:11	952.91	3.9661	4.1055	4.1386	4.1994
1/28/2019	06:09:13	954.3	3.9652	4.1069	4.1392	4.1993
1/28/2019	06:09:14	955.91	3.9638	4.1081	4.1392	4.2013
1/28/2019	06:09:16	957.34	3.9657	4.1093	4.1405	4.2015
1/28/2019	06:09:17	958.87	3.9661	4.1074	4.1401	4.2009
1/28/2019	06:09:19	960.59	3.9695	4.107	4.1393	4.1995
1/28/2019	06:09:20	962	3.9672	4.1058	4.1389	4.1982
1/28/2019	06:09:22	964.08	3.9677	4.1074	4.1385	4.1984
1/28/2019	06:09:24	965.92	3.9668	4.1075	4.1391	4.2
1/28/2019	06:09:26	968.16	3.9679	4.1092	4.1381	4.2012
1/28/2019	06:09:28	969.75	3.9678	4.1063	4.1364	4.2002
1/28/2019	06:09:29	971.12	3.9692	4.106	4.1368	4.199
1/28/2019	06:09:31	972.75	3.9674	4.1045	4.1385	4.1986
1/28/2019	06:09:33	974.31	3.9692	4.1042	4.1396	4.2004
1/28/2019	06:09:34	976.16	3.9696	4.1013	4.1396	4.2005
1/28/2019	06:09:36	977.61	3.9686	4.1002	4.1388	4.1997
1/28/2019	06:09:37	979.06	3.965	4.1003	4.1392	4.2004
1/28/2019	06:09:39	980.36	3.9627	4.1014	4.1388	4.2002
1/28/2019	06:09:40	982.02	3.9627	4.1015	4.1364	4.2017
1/28/2019	06:09:42	983.3	3.962	4.1027	4.1364	4.2022
1/28/2019	06:09:43	985.09	3.9597	4.1027	4.1365	4.2023
1/28/2019	06:09:46	987.23	3.9599	4.1029	4.1376	4.2011
1/28/2019	06:09:48	989.56	3.9613	4.1005	4.1374	4.2011
1/28/2019	06:09:49	990.92	3.9617	4.1012	4.1369	4.2013
1/28/2019	06:09:51	992.3	3.962	4.103	4.1369	4.2008
1/28/2019	06:09:53	994.91	3.9636	4.1056	4.1371	4.1993
1/28/2019	06:09:54	996.16	3.9641	4.1064	4.1376	4.1993
1/28/2019	06:09:57	998.34	3.9651	4.1038	4.1393	4.2006
1/28/2019	06:09:58	999.53	3.9631	4.1022	4.1402	4.2006
1/28/2019	06:10:00	1001.75	3.964	4.0999	4.1409	4.202
1/28/2019	06:10:01	1002.87	3.964	4.1021	4.1409	4.2023
1/28/2019	06:10:03	1005.05	3.9661	4.1022	4.1395	4.2004
1/28/2019	06:10:04	1006.17	3.9675	4.1015	4.1384	4.1995
1/28/2019	06:10:06	1008.12	3.9671	4.1022	4.1368	4.1966
1/28/2019	06:10:08	1009.73	3.9671	4.1028	4.1384	4.1983
1/28/2019	06:10:09	1011.06	3.9665	4.1039	4.1381	4.1975
1/28/2019	06:10:11	1012.56	3.9696	4.1027	4.1385	4.1979
1/28/2019	06:10:12	1013.91	3.9699	4.1021	4.1384	4.1982
1/28/2019	06:10:14	1015.31	3.9703	4.1006	4.1376	4.1989
1/28/2019	06:10:15	1016.75	3.9669	4.1001	4.1374	4.1986
1/28/2019	06:10:16	1018	3.9668	4.1007	4.1374	4.1967
1/28/2019	06:10:18	1019.34	3.9659	4.1031	4.1375	4.1961
1/28/2019	06:10:19	1020.61	3.9658	4.1044	4.1372	4.1975
1/28/2019	06:10:20	1022.06	3.9647	4.1027	4.1359	4.198
1/28/2019	06:10:22	1023.52	3.9638	4.1008	4.1364	4.1982
1/28/2019	06:10:23	1025.05	3.9637	4.0978	4.1351	4.1982
1/28/2019	06:10:25	1026.42	3.9631	4.099	4.135	4.2004
1/28/2019	06:10:26	1027.73	3.9624	4.1009	4.1355	4.2005
1/28/2019	06:10:27	1028.97	3.9631	4.1033	4.1377	4.1993
1/28/2019	06:10:29	1030.3	3.9626	4.1048	4.1379	4.198
1/28/2019	06:10:30	1031.56	3.964	4.1033	4.1375	4.1957
1/28/2019	06:10:31	1033.11	3.9638	4.1028	4.1372	4.1953
1/28/2019	06:10:33	1034.53	3.9658	4.1024	4.1394	4.1935
1/28/2019	06:10:34	1035.78	3.9654	4.1007	4.1374	4.1943
1/28/2019	06:10:36	1037.3	3.9657	4.1004	4.1354	4.1943
1/28/2019	06:10:37	1038.75	3.9642	4.0989	4.1337	4.1935
1/28/2019	06:10:38	1040.12	3.9635	4.1016	4.136	4.1931
1/28/2019	06:10:40	1041.58	3.9644	4.0994	4.1385	4.195
1/28/2019	06:10:41	1042.91	3.9658	4.0999	4.1374	4.1956
1/28/2019	06:10:42	1044.14	3.9675	4.0983	4.1361	4.195
1/28/2019	06:10:44	1045.64	3.9675	4.0997	4.135	4.1941
1/28/2019	06:10:45	1047.17	3.9662	4.0984	4.1351	4.1942
1/28/2019	06:10:47	1048.48	3.9645	4.0991	4.1355	4.1945
1/28/2019	06:10:48	1049.72	3.964	4.0978	4.1365	4.1952
1/28/2019	06:10:50	1051.42	3.965	4.0996	4.1362	4.1961
1/28/2019	06:10:51	1052.97	3.9684	4.0978	4.1362	4.1969
1/28/2019	06:10:53	1054.61	3.9699	4.0999	4.1331	4.1965
1/28/2019	06:10:54	1056.08	3.9709	4.0996	4.133	4.1978
1/28/2019	06:10:56	1057.5	3.9711	4.0992	4.1323	4.1989
1/28/2019	06:10:57	1058.75	3.9698	4.0973	4.1333	4.199
1/28/2019	06:10:58	1060.11	3.9705	4.0958	4.1344	4.1972
1/28/2019	06:11:00	1061.44	3.9706	4.0977	4.1355	4.1949
1/28/2019	06:11:01	1062.94	3.9728	4.0973	4.1358	4.1953
1/28/2019	06:11:03	1064.87	3.9725	4.096	4.1355	4.1958
1/28/2019	06:11:05	1066.73	3.9713	4.0943	4.1354	4.1953
1/28/2019	06:11:06	1068.11	3.9701	4.0956	4.1362	4.1946
1/28/2019	06:11:08	1069.62	3.9708	4.0976	4.1358	4.1949
1/28/2019	06:11:10	1071.61	3.9712	4.0992	4.1353	4.195
1/28/2019	06:11:11	1073.09	3.9705	4.0984	4.1338	4.195
1/28/2019	06:11:13	1075.19	3.9688	4.0986	4.1337	4.1932
1/28/2019	06:11:15	1076.81	3.9681	4.0983	4.1316	4.1932
1/28/2019	06:11:17	1078.45	3.9686	4.0993	4.1333	4.1906
1/28/2019	06:11:19	1080.22	3.9701	4.0988	4.1331	4.1915
1/28/2019	06:11:20	1081.42	3.9693	4.0986	4.1351	4.1917
1/28/2019	06:11:21	1082.92	3.9688	4.0986	4.1321	4.1906
1/28/2019	06:11:23	1084.8	3.9682	4.1002	4.1327	4.1897
1/28/2019	06:11:25	1086.3	3.9699	4.0996	4.133	4.1894
1/28/2019	06:11:26	1087.89	3.971	4.1003	4.1354	4.1926
1/28/2019	06:11:28	1089.73	3.9709	4.0992	4.134	4.1946
1/28/2019	06:11:30	1091.25	3.9706	4.0979	4.1334	4.1949
1/28/2019	06:11:31	1092.73	3.9698	4.0952	4.1324	4.1949
1/28/2019	06:11:33	1094.7	3.9705	4.0946	4.1338	4.1936
1/28/2019	06:11:35	1096.23	3.9696	4.0949	4.1341	4.196
1/28/2019	06:11:36	1097.84	3.9705	4.0973	4.1326	4.196
1/28/2019	06:11:38	1099.91	3.9676	4.0954	4.132	4.1965
1/28/2019	06:11:40	1101.34	3.9665	4.0953	4.1296	4.1954
1/28/2019	06:11:41	1102.98	3.9667	4.0957	4.1306	4.1954
1/28/2019	06:11:43	1104.5	3.9681	4.0976	4.1306	4.196
1/28/2019	06:11:44	1105.83	3.9699	4.0966	4.1321	4.196
1/28/2019	06:11:46	1107.3	3.9718	4.0943	4.1338	4.1952
1/28/2019	06:11:47	1108.61	3.9725	4.0934	4.1336	4.1937
1/28/2019	06:11:48	1110.09	3.972	4.0941	4.1327	4.1919
1/28/2019	06:11:50	1111.48	3.9702	4.0922	4.1307	4.1916
1/28/2019	06:11:51	1112.84	3.9698	4.0931	4.1313	4.1904
1/28/2019	06:11:53	1114.23	3.9698	4.0951	4.1313	4.1897
1/28/2019	06:11:54	1115.5	3.9692	4.0966	4.1327	4.1886
1/28/2019	06:11:55	1116.81	3.9679	4.0971	4.1314	4.1895
1/28/2019	06:11:56	1118.06	3.9692	4.0942	4.1319	4.1891
1/28/2019	06:11:58	1119.48	3.9683	4.0924	4.1297	4.1909
1/28/2019	06:11:59	1120.83	3.9665	4.0903	4.1313	4.1911
1/28/2019	06:12:00	1122.16	3.9637	4.0899	4.1299	4.1915
1/28/2019	06:12:02	1123.59	3.9642	4.0921	4.1313	4.1906
1/28/2019	06:12:03	1124.97	3.9664	4.0924	4.128	4.1897
1/28/2019	06:12:05	1126.39	3.9671	4.0922	4.1303	4.1917
1/28/2019	06:12:06	1127.87	3.9675	4.0914	4.1303	4.1921
1/28/2019	06:12:07	1129.16	3.9671	4.0908	4.134	4.1927
1/28/2019	06:12:09	1130.73	3.9675	4.0928	4.1334	4.1928
1/28/2019	06:12:11	1132.22	3.9668	4.0948	4.1326	4.1931
1/28/2019	06:12:12	1133.47	3.9669	4.0941	4.1296	4.1935
1/28/2019	06:12:13	1134.78	3.9681	4.0954	4.13	4.192
1/28/2019	06:12:14	1136.08	3.9684	4.0927	4.1302	4.1899
1/28/2019	06:12:16	1137.3	3.9674	4.0941	4.1307	4.1884
1/28/2019	06:12:17	1138.69	3.9645	4.0914	4.1299	4.1887
1/28/2019	06:12:18	1139.89	3.9622	4.0947	4.1299	4.1893
1/28/2019	06:12:20	1141.22	3.9631	4.0941	4.131	4.1888
1/28/2019	06:12:21	1142.59	3.963	4.0946	4.1314	4.1877
1/28/2019	06:12:22	1144	3.9644	4.0921	4.1323	4.1866
1/28/2019	06:12:24	1145.33	3.9639	4.0946	4.1323	4.186
1/28/2019	06:12:25	1146.75	3.9647	4.0962	4.133	4.186
1/28/2019	06:12:26	1148.17	3.9638	4.0967	4.1324	4.1886
1/28/2019	06:12:28	1149.73	3.9641	4.0962	4.1306	4.1895
1/28/2019	06:12:29	1151.06	3.9637	4.0931	4.1287	4.1888
1/28/2019	06:12:31	1152.67	3.9651	4.0908	4.1276	4.1857
1/28/2019	06:12:32	1154.08	3.9665	4.0885	4.1273	4.1849
1/28/2019	06:12:34	1155.36	3.9667	4.0911	4.1272	4.185
1/28/2019	06:12:35	1156.86	3.9647	4.0933	4.1278	4.1862
1/28/2019	06:12:36	1158.16	3.9628	4.0917	4.1279	4.1884
1/28/2019	06:12:38	1159.39	3.9617	4.0895	4.1283	4.1891
1/28/2019	06:12:39	1160.73	3.962	4.0872	4.1279	4.1906
1/28/2019	06:12:40	1162.2	3.9617	4.0867	4.1279	4.1898
1/28/2019	06:12:42	1163.52	3.9621	4.0882	4.1289	4.1898
1/28/2019	06:12:43	1164.91	3.9631	4.0898	4.1296	4.1881
1/28/2019	06:12:44	1166.2	3.9641	4.0915	4.1307	4.1902
1/28/2019	06:12:46	1167.7	3.9628	4.091	4.128	4.1912
1/28/2019	06:12:47	1169.06	3.9616	4.0901	4.1268	4.191
1/28/2019	06:12:49	1170.5	3.9611	4.0924	4.1255	4.1902
1/28/2019	06:12:50	1171.8	3.9616	4.0922	4.1275	4.1898
1/28/2019	06:12:51	1173.03	3.9604	4.091	4.1282	4.1901
1/28/2019	06:12:53	1174.36	3.9608	4.0877	4.1281	4.1876
1/28/2019	06:12:54	1175.64	3.9638	4.0866	4.1278	4.1851
1/28/2019	06:12:55	1176.95	3.9654	4.085	4.1283	4.1857
1/28/2019	06:12:57	1178.39	3.9661	4.0867	4.1286	4.1875
1/28/2019	06:12:58	1179.75	3.965	4.0871	4.1289	4.1888
1/28/2019	06:13:00	1181.52	3.9672	4.0901	4.1279	4.1883
1/28/2019	06:13:01	1182.75	3.9665	4.088	4.1265	4.1879
1/28/2019	06:13:02	1183.97	3.9662	4.0877	4.1252	4.1868
1/28/2019	06:13:04	1185.31	3.9657	4.087	4.1251	4.1871
1/28/2019	06:13:05	1186.75	3.9658	4.0893	4.1269	4.186
1/28/2019	06:13:06	1188.11	3.9659	4.0913	4.1268	4.1869
1/28/2019	06:13:08	1189.37	3.9642	4.0928	4.1271	4.1854
1/28/2019	06:13:09	1190.69	3.962	4.093	4.1275	4.1854
1/28/2019	06:13:10	1192.11	3.9611	4.0906	4.1281	4.1862
1/28/2019	06:13:12	1193.56	3.9614	4.09	4.1273	4.1884
1/28/2019	06:13:13	1195.05	3.9628	4.0885	4.1259	4.188
1/28/2019	06:13:15	1196.31	3.9619	4.0877	4.1244	4.1873
1/28/2019	06:13:16	1197.55	3.9602	4.0876	4.1264	4.1859
1/28/2019	06:13:17	1198.8	3.9575	4.0878	4.1266	4.1883
1/28/2019	06:13:19	1200.25	3.9556	4.0888	4.1275	4.1875
1/28/2019	06:13:20	1201.62	3.9544	4.0888	4.1258	4.1865
1/28/2019	06:13:21	1203.05	3.9544	4.089	4.1244	4.1844
1/28/2019	06:13:23	1204.47	3.9558	4.0894	4.1247	4.1872
1/28/2019	06:13:24	1206.2	3.9562	4.0884	4.1265	4.1873
1/28/2019	06:13:26	1207.69	3.9565	4.0864	4.1279	4.1886
1/28/2019	06:13:27	1209.06	3.9546	4.0845	4.1278	4.1887
1/28/2019	06:13:29	1210.39	3.9536	4.083	4.1259	4.1884
1/28/2019	06:13:30	1211.81	3.9532	4.0817	4.1258	4.1887
1/28/2019	06:13:31	1213	3.9551	4.0831	4.1255	4.1886
1/28/2019	06:13:33	1214.72	3.9563	4.085	4.1266	4.1879
1/28/2019	06:13:34	1215.86	3.9571	4.0868	4.1262	4.1877
1/28/2019	06:13:36	1217.3	3.9565	4.0883	4.1255	4.1858
1/28/2019	06:13:37	1218.78	3.9555	4.0871	4.1235	4.1879
1/28/2019	06:13:38	1220.2	3.9535	4.089	4.1259	4.1861
1/28/2019	06:13:40	1221.64	3.9517	4.0882	4.1267	4.1869
1/28/2019	06:13:41	1222.97	3.9501	4.0888	4.1262	4.1881
1/28/2019	06:13:42	1224.19	3.9493	4.0866	4.1245	4.1909
1/28/2019	06:13:44	1225.55	3.9489	4.086	4.1248	4.1888
1/28/2019	06:13:46	1227.53	3.9489	4.0858	4.1255	4.188
1/28/2019	06:13:47	1229	3.9498	4.0878	4.1247	4.1872
1/28/2019	06:13:49	1230.28	3.9503	4.0873	4.1241	4.1902
1/28/2019	06:13:50	1231.83	3.9503	4.0868	4.1259	4.1912
1/28/2019	06:13:51	1233.2	3.9494	4.0856	4.1267	4.1919
1/28/2019	06:13:53	1234.67	3.9508	4.0848	4.1257	4.1912
1/28/2019	06:13:54	1235.95	3.9527	4.0845	4.1241	4.1905
1/28/2019	06:13:56	1237.28	3.9532	4.0837	4.1231	4.1906
1/28/2019	06:13:57	1238.56	3.9535	4.084	4.1244	4.1916
1/28/2019	06:13:58	1240.12	3.951	4.085	4.1228	4.1935
1/28/2019	06:14:00	1241.39	3.9501	4.0847	4.1233	4.1951
1/28/2019	06:14:01	1242.86	3.9487	4.0862	4.1238	4.1954
1/28/2019	06:14:02	1244.11	3.9486	4.0855	4.1245	4.1943
1/28/2019	06:14:04	1245.39	3.9478	4.0856	4.1248	4.1949
1/28/2019	06:14:05	1246.69	3.9468	4.0867	4.1237	4.1947
1/28/2019	06:14:06	1248.02	3.9458	4.087	4.1257	4.1951
1/28/2019	06:14:08	1249.31	3.9458	4.0898	4.1255	4.194
1/28/2019	06:14:10	1251.52	3.9448	4.0878	4.1265	4.1953
1/28/2019	06:14:11	1253.09	3.9444	4.0893	4.1245	4.1949
1/28/2019	06:14:13	1254.53	3.9444	4.0865	4.1251	4.1946
1/28/2019	06:14:15	1256.3	3.9431	4.0858	4.1244	4.1924
1/28/2019	06:14:16	1257.75	3.9413	4.0863	4.1252	4.1928
1/28/2019	06:14:18	1259.22	3.938	4.0898	4.1251	4.1906
1/28/2019	06:14:19	1260.66	3.9355	4.0922	4.1268	4.1913
1/28/2019	06:14:20	1262.2	3.9364	4.0926	4.1266	4.1906
1/28/2019	06:14:22	1263.78	3.9365	4.0893	4.1264	4.1916
1/28/2019	06:14:24	1265.55	3.9392	4.09	4.1247	4.191
1/28/2019	06:14:25	1266.98	3.9403	4.0882	4.1249	4.1924
1/28/2019	06:14:27	1268.36	3.9431	4.0903	4.1244	4.1938
1/28/2019	06:14:28	1269.84	3.9442	4.09	4.1248	4.1931
1/28/2019	06:14:30	1271.36	3.9462	4.0911	4.1261	4.1927
1/28/2019	06:14:31	1273.11	3.9479	4.0915	4.1276	4.1909
1/28/2019	06:14:33	1274.56	3.9494	4.0891	4.1271	4.1913
1/28/2019	06:14:34	1276.14	3.9489	4.0876	4.1266	4.1916
1/28/2019	06:14:36	1277.62	3.9494	4.087	4.1273	4.1932
1/28/2019	06:14:37	1279.19	3.9479	4.0871	4.1278	4.1918
1/28/2019	06:14:39	1280.37	3.9469	4.0882	4.1262	4.1912
1/28/2019	06:14:40	1281.98	3.9463	4.0858	4.1248	4.1905
1/28/2019	06:14:42	1283.53	3.9473	4.086	4.1265	4.1927
1/28/2019	06:14:43	1285	3.9505	4.0857	4.1271	4.1936
1/28/2019	06:14:45	1286.58	3.9531	4.0855	4.1269	4.1934
1/28/2019	06:14:47	1288.23	3.9541	4.085	4.1256	4.1925
1/28/2019	06:14:48	1289.44	3.9537	4.0832	4.1254	4.1906
1/28/2019	06:14:50	1291.28	3.9525	4.0867	4.1268	4.1907
1/28/2019	06:14:51	1292.7	3.9528	4.0868	4.1254	4.1935
1/28/2019	06:14:53	1294.56	3.9535	4.0877	4.1266	4.1946
1/28/2019	06:14:54	1296.05	3.9539	4.0873	4.1252	4.196
1/28/2019	06:14:56	1297.48	3.9559	4.0897	4.1256	4.1936
1/28/2019	06:14:58	1299.22	3.9572	4.0903	4.1254	4.194
1/28/2019	06:14:59	1300.89	3.9567	4.0899	4.1245	4.1942
1/28/2019	06:15:01	1302.37	3.9566	4.0886	4.1252	4.1953
1/28/2019	06:15:02	1304.06	3.9569	4.0882	4.1249	4.1953
1/28/2019	06:15:04	1305.94	3.9576	4.0868	4.1252	4.1949
1/28/2019	06:15:06	1307.28	3.9586	4.0853	4.1282	4.1946
1/28/2019	06:15:07	1308.91	3.959	4.0875	4.1282	4.1942
1/28/2019	06:15:09	1311.09	3.9597	4.087	4.129	4.1942
1/28/2019	06:15:11	1312.53	3.9603	4.09	4.1268	4.1932
1/28/2019	06:15:12	1313.94	3.961	4.0886	4.1261	4.1939
1/28/2019	06:15:14	1316.05	3.962	4.0881	4.1276	4.1954
1/28/2019	06:15:16	1317.25	3.9616	4.0867	4.1269	4.1957
1/28/2019	06:15:17	1318.77	3.9606	4.0882	4.1292	4.194
1/28/2019	06:15:18	1319.92	3.9606	4.0927	4.1302	4.1921
1/28/2019	06:15:19	1321.05	3.96	4.0926	4.1314	4.1901
1/28/2019	06:15:21	1322.89	3.9614	4.0928	4.131	4.1899
1/28/2019	06:15:22	1324.11	3.9621	4.0894	4.13	4.187
1/28/2019	06:15:24	1325.64	3.9621	4.0907	4.1295	4.1883
1/28/2019	06:15:25	1326.91	3.9608	4.0901	4.128	4.1896
1/28/2019	06:15:26	1328.06	3.9593	4.0897	4.1269	4.1939
1/28/2019	06:15:29	1330.59	3.9601	4.0896	4.1279	4.1958
1/28/2019	06:15:30	1331.84	3.9604	4.0907	4.1285	4.1954
1/28/2019	06:15:31	1333.14	3.9618	4.0907	4.129	4.1955
1/28/2019	06:15:33	1334.52	3.9606	4.0916	4.1299	4.1947
1/28/2019	06:15:34	1335.91	3.9607	4.0888	4.1306	4.1962
1/28/2019	06:15:35	1337.17	3.9597	4.0912	4.131	4.195
1/28/2019	06:15:37	1338.41	3.9589	4.0927	4.1294	4.1935
1/28/2019	06:15:38	1339.75	3.9581	4.0947	4.1277	4.1921
1/28/2019	06:15:39	1341.02	3.9576	4.0974	4.1263	4.1909
1/28/2019	06:15:41	1342.33	3.9603	4.0983	4.127	4.1927
1/28/2019	06:15:42	1343.77	3.9604	4.1004	4.1289	4.1943
1/28/2019	06:15:44	1345.25	3.9638	4.0983	4.1299	4.1953
1/28/2019	06:15:45	1346.52	3.9627	4.0953	4.1311	4.1944
1/28/2019	06:15:46	1347.83	3.9631	4.094	4.13	4.1932
1/28/2019	06:15:47	1349.11	3.9608	4.0988	4.1309	4.1951
1/28/2019	06:15:49	1350.47	3.9598	4.1014	4.1282	4.1949
1/28/2019	06:15:50	1351.86	3.96	4.1034	4.1286	4.1946
1/28/2019	06:15:52	1353.34	3.9603	4.1	4.128	4.1929
1/28/2019	06:15:53	1354.7	3.961	4.0974	4.13	4.1942
1/28/2019	06:15:54	1356.14	3.9611	4.0962	4.13	4.1936
1/28/2019	06:15:56	1357.67	3.9589	4.0957	4.1303	4.1931
1/28/2019	06:15:58	1359.33	3.9593	4.0962	4.1297	4.1935