Date	Time (HH:MM:SS)	Time (s)	Ch1	Ch2	Ch3	Ch4
1/28/2019	07:12:52	0	4.031	4.1593	4.2794	4.3974
1/28/2019	07:12:54	2.28	4.0316	4.1602	4.2767	4.3934
1/28/2019	07:12:56	3.62	4.0304	4.1617	4.2737	4.3853
1/28/2019	07:12:57	5.27	4.0314	4.161	4.2706	4.3814
1/28/2019	07:12:59	6.55	4.0314	4.1608	4.269	4.3792
1/28/2019	07:13:00	8.2	4.0303	4.1612	4.269	4.3797
1/28/2019	07:13:02	9.58	4.0287	4.1616	4.2694	4.3778
1/28/2019	07:13:03	11.41	4.0271	4.1624	4.2681	4.3735
1/28/2019	07:13:05	13.5	4.0272	4.1613	4.2655	4.3694
1/28/2019	07:13:07	15.31	4.0288	4.1612	4.2642	4.3658
1/28/2019	07:13:09	17.3	4.0316	4.1607	4.2628	4.3634
1/28/2019	07:13:11	19.05	4.0324	4.1603	4.2621	4.3624
1/28/2019	07:13:13	20.72	4.0334	4.1602	4.2605	4.3606
1/28/2019	07:13:14	22.37	4.0316	4.16	4.2599	4.3587
1/28/2019	07:13:16	24.27	4.0317	4.1619	4.261	4.3567
1/28/2019	07:13:18	26.03	4.0301	4.1627	4.2591	4.3554
1/28/2019	07:13:20	27.72	4.0308	4.1631	4.2585	4.3536
1/28/2019	07:13:21	29.45	4.0294	4.1623	4.2576	4.3513
1/28/2019	07:13:23	31.44	4.0291	4.1617	4.2585	4.3498
1/28/2019	07:13:26	33.58	4.028	4.16	4.2576	4.3483
1/28/2019	07:13:27	35.23	4.0268	4.1596	4.2576	4.3469
1/28/2019	07:13:29	36.73	4.0255	4.1583	4.2579	4.3479
1/28/2019	07:13:30	38.2	4.0247	4.1586	4.2586	4.3477
1/28/2019	07:13:32	39.72	4.0274	4.1589	4.2566	4.3489
1/28/2019	07:13:33	41.48	4.0278	4.1599	4.2545	4.3481
1/28/2019	07:13:35	42.83	4.0277	4.1602	4.2529	4.3494
1/28/2019	07:13:36	44.45	4.0267	4.1598	4.2508	4.346
1/28/2019	07:13:38	45.98	4.027	4.1595	4.2499	4.3424
1/28/2019	07:13:39	47.5	4.0275	4.1609	4.2493	4.3373
1/28/2019	07:13:41	48.81	4.027	4.1605	4.2503	4.334
1/28/2019	07:13:42	50.42	4.0252	4.1616	4.2515	4.3273
1/28/2019	07:13:44	51.77	4.0258	4.1602	4.2515	4.3241
1/28/2019	07:13:46	53.58	4.0257	4.1604	4.2505	4.3215
1/28/2019	07:13:47	55.09	4.0284	4.16	4.2492	4.3228
1/28/2019	07:13:49	56.7	4.0283	4.1618	4.2477	4.3214
1/28/2019	07:13:50	58.28	4.0284	4.1618	4.2489	4.3232
1/28/2019	07:13:52	59.98	4.029	4.163	4.2476	4.3224
1/28/2019	07:13:53	61.52	4.0274	4.1625	4.2473	4.3215
1/28/2019	07:13:55	62.98	4.027	4.1631	4.246	4.3171
1/28/2019	07:13:56	64.5	4.0255	4.1603	4.2445	4.3126
1/28/2019	07:13:58	65.84	4.0257	4.1598	4.2432	4.3074
1/28/2019	07:13:59	67.44	4.0255	4.1585	4.2399	4.3038
1/28/2019	07:14:01	69.48	4.0251	4.1607	4.2387	4.3012
1/28/2019	07:14:03	71.3	4.0268	4.16	4.239	4.2984
1/28/2019	07:14:05	72.78	4.0276	4.1609	4.2386	4.2945
1/28/2019	07:14:06	74.52	4.027	4.1608	4.2376	4.2924
1/28/2019	07:14:08	76.06	4.0251	4.1607	4.2336	4.2902
1/28/2019	07:14:10	77.69	4.0229	4.1611	4.2322	4.2892
1/28/2019	07:14:11	79.39	4.0234	4.1608	4.2322	4.2857
1/28/2019	07:14:13	80.59	4.0248	4.1611	4.2328	4.2837
1/28/2019	07:14:14	82.17	4.0251	4.16	4.2329	4.2805
1/28/2019	07:14:16	83.92	4.0244	4.1617	4.2312	4.2791
1/28/2019	07:14:17	85.39	4.022	4.1619	4.2308	4.2792
1/28/2019	07:14:19	86.84	4.0218	4.1627	4.2312	4.2813
1/28/2019	07:14:20	88.27	4.0222	4.1603	4.2306	4.281
1/28/2019	07:14:22	90.08	4.0235	4.1609	4.2297	4.2802
1/28/2019	07:14:24	91.61	4.0241	4.1608	4.2251	4.2763
1/28/2019	07:14:25	93.09	4.0235	4.1617	4.2237	4.2752
1/28/2019	07:14:27	94.58	4.024	4.1621	4.2231	4.2732
1/28/2019	07:14:28	96.03	4.0237	4.1635	4.2242	4.2707
1/28/2019	07:14:30	97.72	4.0221	4.1623	4.2231	4.2672
1/28/2019	07:14:31	99.02	4.0191	4.1614	4.2224	4.2652
1/28/2019	07:14:33	100.56	4.0187	4.1598	4.2228	4.2652
1/28/2019	07:14:34	102.28	4.0201	4.1627	4.2234	4.2649
1/28/2019	07:14:36	103.77	4.0225	4.1625	4.2218	4.2626
1/28/2019	07:14:37	105.27	4.0248	4.1633	4.2203	4.2607
1/28/2019	07:14:39	106.81	4.0253	4.1613	4.2193	4.2599
1/28/2019	07:14:40	108.17	4.0266	4.1624	4.2192	4.2587
1/28/2019	07:14:42	109.8	4.0256	4.1635	4.2172	4.2582
1/28/2019	07:14:43	111.3	4.0256	4.1649	4.2169	4.2602
1/28/2019	07:14:45	112.87	4.0234	4.1641	4.2147	4.2627
1/28/2019	07:14:46	114.37	4.022	4.1637	4.2138	4.2631
1/28/2019	07:14:48	115.89	4.0212	4.163	4.2127	4.2608
1/28/2019	07:14:49	117.52	4.0211	4.1624	4.2124	4.2592
1/28/2019	07:14:51	119.11	4.0218	4.1608	4.2114	4.2592
1/28/2019	07:14:53	120.59	4.0202	4.1595	4.2095	4.2596
1/28/2019	07:14:54	121.77	4.021	4.1599	4.2089	4.2588
1/28/2019	07:14:55	123.11	4.021	4.1595	4.2094	4.2574
1/28/2019	07:14:57	124.81	4.0233	4.1607	4.2091	4.2545
1/28/2019	07:14:59	126.69	4.0227	4.1614	4.2069	4.2524
1/28/2019	07:15:00	128.31	4.0243	4.1613	4.2062	4.2511
1/28/2019	07:15:01	129.52	4.0223	4.1588	4.2053	4.2508
1/28/2019	07:15:03	131.19	4.0263	4.1557	4.2059	4.2516
1/28/2019	07:15:05	132.84	4.0266	4.1562	4.2064	4.2514
1/28/2019	07:15:07	134.55	4.0274	4.1586	4.2059	4.2518
1/28/2019	07:15:08	136.06	4.022	4.1628	4.2043	4.2492
1/28/2019	07:15:10	137.64	4.0201	4.164	4.2028	4.2456
1/28/2019	07:15:11	139.27	4.0195	4.1629	4.2012	4.2435
1/28/2019	07:15:13	140.62	4.021	4.1614	4.2	4.2424
1/28/2019	07:15:14	142.19	4.0198	4.1616	4.199	4.2428
1/28/2019	07:15:16	143.77	4.0202	4.1618	4.2009	4.2447
1/28/2019	07:15:17	145.2	4.0195	4.1614	4.201	4.2478
1/28/2019	07:15:19	146.55	4.0207	4.1588	4.2016	4.2483
1/28/2019	07:15:20	148.08	4.0214	4.1579	4.1999	4.2489
1/28/2019	07:15:22	149.8	4.0217	4.1586	4.2006	4.2468
1/28/2019	07:15:23	151.42	4.0218	4.1602	4.1983	4.2461
1/28/2019	07:15:25	152.83	4.0201	4.1609	4.1972	4.244
1/28/2019	07:15:26	154.14	4.0208	4.1602	4.198	4.2442
1/28/2019	07:15:28	155.83	4.0185	4.1604	4.199	4.2459
1/28/2019	07:15:29	157.22	4.0179	4.1602	4.1995	4.2443
1/28/2019	07:15:31	159.27	4.0168	4.1607	4.1983	4.2417
1/28/2019	07:15:33	160.84	4.0181	4.1589	4.1973	4.2388
1/28/2019	07:15:34	162.44	4.0181	4.1595	4.1968	4.2354
1/28/2019	07:15:36	163.7	4.0178	4.1585	4.1945	4.2361
1/28/2019	07:15:37	165.36	4.0161	4.1603	4.193	4.2343
1/28/2019	07:15:39	166.94	4.0161	4.1595	4.1942	4.2356
1/28/2019	07:15:40	168.45	4.0159	4.159	4.195	4.2334
1/28/2019	07:15:42	169.94	4.0175	4.1586	4.1949	4.2352
1/28/2019	07:15:44	171.53	4.0178	4.1574	4.1927	4.2342
1/28/2019	07:15:45	172.81	4.0183	4.1566	4.192	4.2346
1/28/2019	07:15:47	174.59	4.0165	4.159	4.191	4.2324
1/28/2019	07:15:48	176.06	4.0171	4.1614	4.1897	4.2323
1/28/2019	07:15:49	177.52	4.0184	4.1642	4.1897	4.2307
1/28/2019	07:15:51	179.09	4.0173	4.1622	4.1903	4.2303
1/28/2019	07:15:52	180.45	4.0164	4.1618	4.1899	4.2296
1/28/2019	07:15:54	182.03	4.0147	4.1594	4.1886	4.2295
1/28/2019	07:15:56	183.62	4.0154	4.1593	4.1866	4.23
1/28/2019	07:15:57	185.22	4.0158	4.1588	4.1854	4.2293
1/28/2019	07:15:59	186.75	4.0151	4.1586	4.185	4.2292
1/28/2019	07:16:00	188.37	4.0168	4.1571	4.1857	4.2275
1/28/2019	07:16:02	189.87	4.0165	4.1562	4.1851	4.2288
1/28/2019	07:16:03	191.33	4.0168	4.157	4.1837	4.228
1/28/2019	07:16:05	193.48	4.0148	4.1575	4.1847	4.2299
1/28/2019	07:16:07	194.87	4.0127	4.1571	4.1855	4.2296
1/28/2019	07:16:08	196.25	4.0142	4.1571	4.1856	4.2301
1/28/2019	07:16:10	197.98	4.015	4.1577	4.1859	4.2277
1/28/2019	07:16:11	199.52	4.0181	4.157	4.1846	4.227
1/28/2019	07:16:13	201	4.0165	4.1564	4.1835	4.2284
1/28/2019	07:16:14	202.52	4.0165	4.1557	4.181	4.2292
1/28/2019	07:16:16	204.33	4.0147	4.1557	4.1804	4.2302
1/28/2019	07:16:18	205.69	4.0117	4.1556	4.1823	4.2287
1/28/2019	07:16:19	207.16	4.0117	4.1571	4.1817	4.2277
1/28/2019	07:16:21	208.98	4.0118	4.1581	4.1826	4.2262
1/28/2019	07:16:23	210.81	4.0138	4.1585	4.1802	4.228
1/28/2019	07:16:25	212.66	4.014	4.1566	4.1792	4.2281
1/28/2019	07:16:26	214.17	4.0145	4.1552	4.1784	4.2263
1/28/2019	07:16:28	215.7	4.0135	4.1533	4.1787	4.2253
1/28/2019	07:16:30	217.84	4.0121	4.152	4.1779	4.226
1/28/2019	07:16:31	219.27	4.0112	4.1536	4.1779	4.2251
1/28/2019	07:16:33	221.19	4.0122	4.155	4.177	4.2245
1/28/2019	07:16:35	223.02	4.0124	4.1574	4.181	4.2223
1/28/2019	07:16:36	224.52	4.01	4.1575	4.1793	4.2232
1/28/2019	07:16:38	226.17	4.0088	4.1578	4.1812	4.2222
1/28/2019	07:16:40	227.95	4.0102	4.156	4.1763	4.2242
1/28/2019	07:16:42	229.7	4.0117	4.1547	4.1779	4.2233
1/28/2019	07:16:43	231.17	4.0114	4.1551	4.1749	4.2244
1/28/2019	07:16:45	232.98	4.0098	4.1551	4.1763	4.224
1/28/2019	07:16:47	234.56	4.0114	4.1549	4.1754	4.2276
1/28/2019	07:16:48	236.27	4.0128	4.1547	4.1766	4.2282
1/28/2019	07:16:50	237.77	4.0135	4.1561	4.1753	4.2293
1/28/2019	07:16:51	239.2	4.0111	4.1576	4.1737	4.2287
1/28/2019	07:16:53	241.11	4.0087	4.1562	4.1729	4.2265
1/28/2019	07:16:55	242.86	4.0069	4.154	4.1714	4.2257
1/28/2019	07:16:56	244.44	4.0075	4.1531	4.1704	4.2251
1/28/2019	07:16:58	246.28	4.0077	4.1531	4.1702	4.226
1/28/2019	07:17:00	247.75	4.0094	4.1535	4.1694	4.2272
1/28/2019	07:17:01	249.41	4.0091	4.1548	4.1704	4.2272
1/28/2019	07:17:03	251.28	4.0108	4.155	4.1686	4.2286
1/28/2019	07:17:05	252.92	4.0083	4.1548	4.1702	4.2276
1/28/2019	07:17:06	254.41	4.0075	4.1535	4.1683	4.2282
1/28/2019	07:17:08	256.25	4.0061	4.1539	4.1679	4.2275
1/28/2019	07:17:10	257.87	4.0067	4.1546	4.1655	4.2289
1/28/2019	07:17:11	259.42	4.0055	4.1542	4.1645	4.2287
1/28/2019	07:17:13	261.27	4.0055	4.1544	4.1666	4.2279
1/28/2019	07:17:15	262.84	4.0037	4.1547	4.1698	4.2258
1/28/2019	07:17:16	264.33	4.0054	4.1553	4.171	4.2247
1/28/2019	07:17:18	266.34	4.0061	4.1542	4.1702	4.2244
1/28/2019	07:17:20	267.77	4.0083	4.154	4.1685	4.2247
1/28/2019	07:17:22	269.77	4.01	4.153	4.1679	4.2264
1/28/2019	07:17:23	271.27	4.0079	4.1537	4.1673	4.2267
1/28/2019	07:17:25	272.89	4.0083	4.1528	4.167	4.2267
1/28/2019	07:17:27	274.75	4.0052	4.1522	4.1682	4.2288
1/28/2019	07:17:28	276.14	4.0066	4.1508	4.1667	4.2314
1/28/2019	07:17:30	277.67	4.0042	4.1502	4.1667	4.2337
1/28/2019	07:17:31	279.48	4.0044	4.1509	4.1646	4.2328
1/28/2019	07:17:33	280.94	4.0036	4.1518	4.1625	4.232
1/28/2019	07:17:34	282.42	4.0062	4.153	4.1595	4.231
1/28/2019	07:17:36	283.92	4.0075	4.1525	4.1582	4.2296
1/28/2019	07:17:38	285.62	4.0063	4.1521	4.1613	4.2289
1/28/2019	07:17:39	287.22	4.0039	4.152	4.1622	4.2273
1/28/2019	07:17:41	289.16	4.0033	4.153	4.1613	4.2268
1/28/2019	07:17:43	290.81	4.005	4.1537	4.1588	4.2274
1/28/2019	07:17:44	292.48	4.0057	4.1534	4.1569	4.2288
1/28/2019	07:17:46	294.12	4.0046	4.1531	4.1569	4.2284
1/28/2019	07:17:48	295.58	4.0024	4.151	4.1578	4.2281
1/28/2019	07:17:49	297.11	4.0017	4.1505	4.1572	4.2273
1/28/2019	07:17:51	298.69	4.0014	4.1492	4.1572	4.2288
1/28/2019	07:17:52	300.14	4.0036	4.1494	4.1551	4.2282
1/28/2019	07:17:54	302.06	4.0024	4.148	4.1559	4.2275
1/28/2019	07:17:56	303.89	4.0036	4.1473	4.1559	4.2263
1/28/2019	07:17:57	305.37	4.0013	4.1491	4.1555	4.2268
1/28/2019	07:17:59	307.03	4.0021	4.1496	4.1542	4.2299
1/28/2019	07:18:01	308.81	4.0003	4.1498	4.1544	4.2335
1/28/2019	07:18:02	310.14	3.9996	4.1498	4.1541	4.235
1/28/2019	07:18:04	311.8	3.9995	4.151	4.1548	4.2337
1/28/2019	07:18:06	314.12	4.0011	4.1521	4.1554	4.2315
1/28/2019	07:18:08	315.61	4.003	4.1512	4.1543	4.2324
1/28/2019	07:18:09	316.94	4.003	4.1521	4.1526	4.2328
1/28/2019	07:18:11	318.64	4.0024	4.1533	4.1487	4.2333
1/28/2019	07:18:12	320.17	4.001	4.1542	4.1494	4.2315
1/28/2019	07:18:14	321.67	3.9997	4.1528	4.1511	4.2324
1/28/2019	07:18:16	323.59	3.999	4.1519	4.1539	4.2318
1/28/2019	07:18:17	325.09	3.9985	4.1498	4.1538	4.2336
1/28/2019	07:18:19	326.64	3.9982	4.1512	4.1506	4.2347
1/28/2019	07:18:20	328.5	3.9972	4.1507	4.1486	4.2372
1/28/2019	07:18:22	330.19	3.9975	4.1514	4.15	4.2383
1/28/2019	07:18:24	331.7	3.999	4.1508	4.1514	4.2383
1/28/2019	07:18:26	333.55	3.9993	4.1507	4.1519	4.2372
1/28/2019	07:18:27	335.03	3.9984	4.1502	4.1499	4.2353
1/28/2019	07:18:29	336.97	3.9975	4.1506	4.1497	4.236
1/28/2019	07:18:30	338.52	3.9968	4.1516	4.1484	4.2376
1/28/2019	07:18:32	340.06	3.9951	4.1523	4.148	4.2403
1/28/2019	07:18:34	341.8	3.9931	4.1502	4.1473	4.2389
1/28/2019	07:18:35	343.28	3.994	4.15	4.1482	4.2361
1/28/2019	07:18:37	344.83	3.9951	4.1498	4.15	4.2343
1/28/2019	07:18:39	346.75	3.9957	4.1506	4.1514	4.2333
1/28/2019	07:18:40	348.16	3.9944	4.1503	4.1527	4.2344
1/28/2019	07:18:42	349.7	3.9943	4.1506	4.1523	4.2342
1/28/2019	07:18:44	351.61	3.9923	4.1493	4.1519	4.2357
1/28/2019	07:18:45	353.17	3.9911	4.1481	4.1496	4.2357
1/28/2019	07:18:47	355.02	3.99	4.1477	4.149	4.2368
1/28/2019	07:18:49	356.77	3.9894	4.1474	4.1467	4.2365
1/28/2019	07:18:50	358.25	3.9887	4.1486	4.1478	4.2364
1/28/2019	07:18:52	359.86	3.9891	4.1483	4.1465	4.2351
1/28/2019	07:18:54	361.73	3.9893	4.1483	4.1477	4.2357
1/28/2019	07:18:55	363.14	3.9933	4.1473	4.1452	4.2354
1/28/2019	07:18:57	364.78	3.9938	4.1472	4.1462	4.2354
1/28/2019	07:18:59	366.53	3.9964	4.1484	4.1474	4.2356
1/28/2019	07:19:00	368.09	3.9914	4.1477	4.1497	4.2347
1/28/2019	07:19:02	369.67	3.9907	4.151	4.1479	4.2336
1/28/2019	07:19:03	371.42	3.9885	4.1507	4.1481	4.234
1/28/2019	07:19:05	373	3.9897	4.1533	4.1487	4.2376
1/28/2019	07:19:07	374.53	3.9893	4.1511	4.1505	4.2426
1/28/2019	07:19:08	376.36	3.9886	4.1515	4.1488	4.2433
1/28/2019	07:19:10	377.92	3.986	4.1488	4.1477	4.243
1/28/2019	07:19:12	379.7	3.9847	4.1472	4.1462	4.24
1/28/2019	07:19:13	381.31	3.987	4.1476	4.1468	4.2396
1/28/2019	07:19:15	382.84	3.9896	4.147	4.1475	4.2376
1/28/2019	07:19:16	384.36	3.9894	4.1468	4.1481	4.2394
1/28/2019	07:19:18	386.11	3.9893	4.1459	4.1468	4.239
1/28/2019	07:19:20	387.55	3.988	4.1467	4.1471	4.2397
1/28/2019	07:19:22	389.53	3.9889	4.1476	4.1458	4.2378
1/28/2019	07:19:23	391.19	3.9879	4.1484	4.1463	4.2374
1/28/2019	07:19:25	392.69	3.9883	4.1498	4.1454	4.2383
1/28/2019	07:19:27	394.62	3.9882	4.1509	4.1457	4.2397
1/28/2019	07:19:28	396.25	3.9847	4.1491	4.1438	4.2422
1/28/2019	07:19:30	397.77	3.9837	4.1478	4.1421	4.2422
1/28/2019	07:19:31	399.44	3.9849	4.1464	4.1423	4.2428
1/28/2019	07:19:33	400.73	3.9883	4.1477	4.1426	4.24
1/28/2019	07:19:34	402.3	3.9873	4.1482	4.1423	4.2394
1/28/2019	07:19:36	404.09	3.9857	4.1486	4.1392	4.238
1/28/2019	07:19:38	405.58	3.9853	4.1476	4.1395	4.2399
1/28/2019	07:19:39	407.09	3.9872	4.1453	4.1386	4.2401
1/28/2019	07:19:41	409.02	3.9863	4.1459	4.1382	4.2431
1/28/2019	07:19:43	410.66	3.985	4.1469	4.1385	4.245
1/28/2019	07:19:44	412.28	3.985	4.1471	4.1373	4.2468
1/28/2019	07:19:46	414.23	3.9849	4.1455	4.139	4.2468
1/28/2019	07:19:48	415.7	3.9832	4.145	4.1382	4.2469
1/28/2019	07:19:49	417.16	3.983	4.1467	4.1405	4.2465
1/28/2019	07:19:51	419.02	3.9816	4.1465	4.1386	4.2435
1/28/2019	07:19:52	420.44	3.9819	4.1464	4.1386	4.2396
1/28/2019	07:19:54	421.92	3.981	4.1463	4.1369	4.2378
1/28/2019	07:19:56	423.91	3.98	4.1463	4.1359	4.2376
1/28/2019	07:19:57	425.37	3.9788	4.1441	4.1349	4.2379
1/28/2019	07:19:59	426.92	3.9776	4.1446	4.1359	4.2387
1/28/2019	07:20:01	428.91	3.9783	4.1443	4.1393	4.2375
1/28/2019	07:20:02	430.39	3.9806	4.1464	4.1412	4.2385
1/28/2019	07:20:04	431.94	3.9808	4.1452	4.1393	4.2372
1/28/2019	07:20:06	433.69	3.9819	4.1457	4.1372	4.2397
1/28/2019	07:20:07	435.06	3.9823	4.1454	4.1376	4.2386
1/28/2019	07:20:08	436.39	3.9812	4.1458	4.1384	4.2385
1/28/2019	07:20:10	438.28	3.9778	4.145	4.1396	4.2387
1/28/2019	07:20:12	439.8	3.9755	4.1435	4.1388	4.241
1/28/2019	07:20:13	441.5	3.9764	4.1427	4.1383	4.2431
1/28/2019	07:20:15	443.28	3.9792	4.1427	4.1361	4.2426
1/28/2019	07:20:17	444.84	3.9803	4.1443	4.1328	4.2425
1/28/2019	07:20:19	446.67	3.9781	4.1434	4.1324	4.2422
1/28/2019	07:20:20	448.17	3.9762	4.1434	4.1331	4.2426
1/28/2019	07:20:22	449.72	3.9759	4.1414	4.1332	4.2444
1/28/2019	07:20:23	451.3	3.9775	4.1417	4.1335	4.244
1/28/2019	07:20:25	453.3	3.9796	4.1398	4.1317	4.2429
1/28/2019	07:20:27	454.8	3.9773	4.1395	4.1311	4.2404
1/28/2019	07:20:29	456.56	3.9745	4.1385	4.1306	4.2403
1/28/2019	07:20:30	458.28	3.9747	4.1392	4.1308	4.2414
1/28/2019	07:20:32	459.64	3.9752	4.1386	4.1313	4.2424
1/28/2019	07:20:34	461.53	3.9764	4.1392	4.1316	4.2426
1/28/2019	07:20:35	463.17	3.9751	4.14	4.1328	4.2415
1/28/2019	07:20:37	464.78	3.9735	4.1402	4.1327	4.2414
1/28/2019	07:20:39	466.73	3.9751	4.1391	4.1314	4.2398
1/28/2019	07:20:40	468.09	3.9727	4.1393	4.1311	4.2412
1/28/2019	07:20:42	469.73	3.974	4.1397	4.1306	4.2396
1/28/2019	07:20:44	471.69	3.9718	4.141	4.1282	4.2414
1/28/2019	07:20:45	473.17	3.9728	4.1405	4.1272	4.2412
1/28/2019	07:20:47	474.69	3.9714	4.1422	4.1269	4.2426
1/28/2019	07:20:48	476.47	3.9708	4.1422	4.1282	4.2443
1/28/2019	07:20:50	478	3.9701	4.1409	4.1266	4.2461
1/28/2019	07:20:52	479.55	3.971	4.1385	4.1269	4.2469
1/28/2019	07:20:53	481.28	3.9727	4.1379	4.1259	4.2462
1/28/2019	07:20:55	482.55	3.9703	4.1393	4.1266	4.2441
1/28/2019	07:20:56	484.08	3.9701	4.1396	4.1277	4.2437
1/28/2019	07:20:58	485.92	3.9677	4.1382	4.1279	4.242
1/28/2019	07:20:59	487.44	3.9698	4.1373	4.1279	4.2432
1/28/2019	07:21:01	489.09	3.9676	4.1372	4.1273	4.2437
1/28/2019	07:21:03	491.11	3.9671	4.1383	4.1282	4.2466
1/28/2019	07:21:04	492.48	3.9667	4.138	4.1269	4.2489
1/28/2019	07:21:06	494.02	3.969	4.1371	4.1242	4.2478
1/28/2019	07:21:08	495.84	3.9691	4.1358	4.1244	4.2451
1/28/2019	07:21:09	497.36	3.969	4.1349	4.1238	4.2436
1/28/2019	07:21:11	498.98	3.9679	4.1356	4.1248	4.244
1/28/2019	07:21:13	500.94	3.9683	4.1357	4.1228	4.2462
1/28/2019	07:21:14	502.42	3.9674	4.1359	4.1227	4.2464
1/28/2019	07:21:16	504.25	3.9665	4.1364	4.1194	4.2475
1/28/2019	07:21:18	505.95	3.9684	4.1356	4.1189	4.2476
1/28/2019	07:21:19	507.34	3.9707	4.1362	4.1174	4.2458
1/28/2019	07:21:21	509.08	3.9697	4.135	4.119	4.2464
1/28/2019	07:21:23	510.72	3.9653	4.134	4.1182	4.2462
1/28/2019	07:21:24	512.17	3.9633	4.1337	4.1166	4.25
1/28/2019	07:21:26	514.2	3.9636	4.1333	4.1166	4.2514
1/28/2019	07:21:28	515.81	3.9645	4.1347	4.1182	4.2519
1/28/2019	07:21:30	517.78	3.9635	4.1332	4.1183	4.2496
1/28/2019	07:21:31	519.23	3.9632	4.1337	4.1162	4.2489
1/28/2019	07:21:33	520.73	3.9622	4.1332	4.1139	4.2485
1/28/2019	07:21:35	522.97	3.9612	4.133	4.1158	4.2462
1/28/2019	07:21:37	524.92	3.9609	4.1344	4.1186	4.2442
1/28/2019	07:21:38	526.48	3.9615	4.1352	4.1194	4.2428
1/28/2019	07:21:40	528.19	3.9615	4.1353	4.1189	4.243
1/28/2019	07:21:42	529.69	3.9612	4.1332	4.119	4.2436
1/28/2019	07:21:43	531.2	3.9597	4.132	4.1185	4.245
1/28/2019	07:21:45	532.69	3.959	4.1319	4.1176	4.2449
1/28/2019	07:21:46	534.12	3.9598	4.1315	4.116	4.2439
1/28/2019	07:21:48	535.61	3.9592	4.1318	4.1165	4.2428
1/28/2019	07:21:49	537.17	3.9597	4.1312	4.1173	4.2461
1/28/2019	07:21:51	538.62	3.9591	4.1322	4.1187	4.2479
1/28/2019	07:21:52	540.27	3.9592	4.1317	4.1193	4.2469
1/28/2019	07:21:53	541.48	3.9591	4.1312	4.1209	4.2446
1/28/2019	07:21:55	543.12	3.9564	4.1295	4.1186	4.2427
1/28/2019	07:21:57	544.55	3.9566	4.1298	4.1173	4.2436
1/28/2019	07:21:58	545.98	3.9566	4.127	4.113	4.2441
1/28/2019	07:21:59	547.48	3.9584	4.127	4.1133	4.2448
1/28/2019	07:22:01	548.97	3.9564	4.1255	4.111	4.2475
1/28/2019	07:22:03	550.55	3.9554	4.1279	4.1125	4.2486
1/28/2019	07:22:04	551.8	3.9509	4.1276	4.1096	4.2503
1/28/2019	07:22:05	553.39	3.9518	4.1279	4.1082	4.2483
1/28/2019	07:22:08	555.72	3.9508	4.1279	4.1071	4.2474
1/28/2019	07:22:09	557.17	3.9529	4.128	4.1078	4.2457
1/28/2019	07:22:11	558.62	3.9536	4.1291	4.1107	4.2458
1/28/2019	07:22:12	560.08	3.9529	4.1301	4.11	4.2471
1/28/2019	07:22:14	561.55	3.9536	4.1304	4.1104	4.2467
1/28/2019	07:22:15	562.87	3.9506	4.1288	4.1087	4.2464
1/28/2019	07:22:16	564.16	3.9509	4.1295	4.1096	4.2461
1/28/2019	07:22:17	565.52	3.9489	4.1291	4.1097	4.2468
1/28/2019	07:22:19	566.94	3.9489	4.1284	4.1096	4.2469
1/28/2019	07:22:20	568.47	3.9481	4.1269	4.109	4.2472
1/28/2019	07:22:22	569.91	3.9467	4.1251	4.1086	4.2475
1/28/2019	07:22:23	571.25	3.9468	4.1269	4.1083	4.2493
1/28/2019	07:22:24	572.45	3.9467	4.1265	4.1085	4.2497
1/28/2019	07:22:26	573.89	3.9458	4.1266	4.1086	4.2515
1/28/2019	07:22:27	575.31	3.9478	4.1252	4.1082	4.2503
1/28/2019	07:22:29	576.78	3.9475	4.1242	4.1067	4.2504
1/28/2019	07:22:30	578.19	3.9498	4.1265	4.1047	4.2487
1/28/2019	07:22:32	579.55	3.9481	4.1257	4.1055	4.2497
1/28/2019	07:22:33	580.84	3.9471	4.1269	4.1074	4.2506
1/28/2019	07:22:34	582.23	3.9466	4.1264	4.1076	4.251
1/28/2019	07:22:36	583.58	3.9467	4.1276	4.1068	4.2497
1/28/2019	07:22:37	584.91	3.9468	4.129	4.1052	4.2483
1/28/2019	07:22:38	586.2	3.9463	4.1278	4.1055	4.2479
1/28/2019	07:22:40	587.55	3.945	4.1269	4.1066	4.2483
1/28/2019	07:22:41	588.97	3.9457	4.1249	4.1076	4.249
1/28/2019	07:22:42	590.34	3.946	4.1247	4.1072	4.2494
1/28/2019	07:22:44	591.77	3.946	4.1257	4.1055	4.2517
1/28/2019	07:22:45	593.09	3.9451	4.125	4.1038	4.2518
1/28/2019	07:22:46	594.31	3.9454	4.1241	4.1027	4.2501
1/28/2019	07:22:48	595.72	3.9466	4.1235	4.1009	4.2479
1/28/2019	07:22:49	597.14	3.9452	4.1239	4.0984	4.2486
1/28/2019	07:22:51	598.53	3.9426	4.124	4.0985	4.2511
1/28/2019	07:22:52	599.91	3.9397	4.1236	4.0982	4.2515
1/28/2019	07:22:53	601.36	3.9401	4.1241	4.0992	4.2511
1/28/2019	07:22:55	603.23	3.9412	4.1241	4.0992	4.2512
1/28/2019	07:22:56	604.44	3.9418	4.1236	4.1002	4.2503
1/28/2019	07:22:58	605.91	3.9415	4.1228	4.1006	4.2503
1/28/2019	07:22:59	607.41	3.9402	4.1237	4.1006	4.25
1/28/2019	07:23:01	608.7	3.9383	4.1241	4.1008	4.2513
1/28/2019	07:23:02	610.17	3.9373	4.1225	4.099	4.2525
1/28/2019	07:23:04	611.56	3.9388	4.1198	4.097	4.2518
1/28/2019	07:23:05	612.86	3.9394	4.1206	4.0935	4.2511
1/28/2019	07:23:06	614.16	3.9381	4.123	4.0942	4.2489
1/28/2019	07:23:08	615.55	3.9367	4.1245	4.0949	4.2496
1/28/2019	07:23:09	617.05	3.9366	4.1246	4.0964	4.2485
1/28/2019	07:23:11	618.53	3.9374	4.1245	4.0952	4.2493
1/28/2019	07:23:12	620.05	3.9362	4.1241	4.0943	4.2511
1/28/2019	07:23:13	621.41	3.9366	4.1222	4.0931	4.2538
1/28/2019	07:23:15	622.92	3.9362	4.1212	4.0943	4.2538
1/28/2019	07:23:16	624.41	3.9364	4.1217	4.0938	4.2534
1/28/2019	07:23:18	625.81	3.9343	4.122	4.0935	4.2529
1/28/2019	07:23:19	627.08	3.9342	4.1215	4.0928	4.2529
1/28/2019	07:23:20	628.52	3.9338	4.1202	4.0915	4.2515
1/28/2019	07:23:22	630.11	3.9356	4.1208	4.0921	4.2504
1/28/2019	07:23:24	631.81	3.9356	4.1198	4.0915	4.2473
1/28/2019	07:23:25	633.19	3.9367	4.1193	4.0917	4.2465
1/28/2019	07:23:27	634.66	3.935	4.1196	4.0928	4.2466
1/28/2019	07:23:28	636	3.9362	4.1201	4.092	4.25
1/28/2019	07:23:29	637.52	3.9343	4.1216	4.0918	4.2503
1/28/2019	07:23:31	638.91	3.9332	4.1201	4.0901	4.2501
1/28/2019	07:23:32	640.41	3.9307	4.1205	4.0901	4.2491
1/28/2019	07:23:34	641.73	3.9303	4.1201	4.0903	4.2504
1/28/2019	07:23:35	643.22	3.9315	4.1211	4.0896	4.2511
1/28/2019	07:23:37	644.94	3.9317	4.1205	4.0892	4.2528
1/28/2019	07:23:38	646.42	3.9289	4.1199	4.09	4.2522
1/28/2019	07:23:40	647.83	3.928	4.1186	4.089	4.2526
1/28/2019	07:23:41	649.28	3.9262	4.1185	4.0878	4.2528
1/28/2019	07:23:43	650.69	3.9279	4.1178	4.085	4.2534
1/28/2019	07:23:44	652.14	3.9275	4.1177	4.0847	4.2518
1/28/2019	07:23:45	653.52	3.9273	4.1173	4.0864	4.2508
1/28/2019	07:23:47	654.91	3.927	4.1161	4.0868	4.2487
1/28/2019	07:23:48	656.42	3.9268	4.1156	4.0867	4.2508
1/28/2019	07:23:50	657.83	3.9277	4.1154	4.0861	4.2494
1/28/2019	07:23:51	659.3	3.9275	4.1166	4.0875	4.2521
1/28/2019	07:23:53	660.55	3.9258	4.1168	4.0889	4.2527
1/28/2019	07:23:54	661.94	3.9254	4.1173	4.0868	4.2566
1/28/2019	07:23:55	663.37	3.9255	4.1176	4.0858	4.2573
1/28/2019	07:23:57	664.75	3.9275	4.1185	4.0846	4.2592
1/28/2019	07:23:59	666.64	3.9273	4.1197	4.087	4.2574
1/28/2019	07:24:00	668.19	3.9271	4.1191	4.0843	4.257
1/28/2019	07:24:02	669.64	3.9266	4.1171	4.0826	4.2547
1/28/2019	07:24:03	670.92	3.925	4.1148	4.081	4.2543
1/28/2019	07:24:04	672.31	3.9236	4.1155	4.0817	4.2556
1/28/2019	07:24:06	673.98	3.9222	4.1153	4.0818	4.2563
1/28/2019	07:24:08	675.59	3.9227	4.1161	4.0794	4.2568
1/28/2019	07:24:09	677.16	3.9248	4.1165	4.0779	4.254
1/28/2019	07:24:11	678.62	3.9237	4.1179	4.0777	4.2529
1/28/2019	07:24:12	680.14	3.923	4.1177	4.0786	4.2538
1/28/2019	07:24:14	681.55	3.9205	4.1172	4.0784	4.2539
1/28/2019	07:24:15	683.05	3.9222	4.1173	4.0783	4.2542
1/28/2019	07:24:16	684.33	3.9217	4.1171	4.0777	4.2539
1/28/2019	07:24:18	686.05	3.9205	4.117	4.0791	4.2554
1/28/2019	07:24:20	687.56	3.9185	4.1166	4.0786	4.2549
1/28/2019	07:24:21	689.05	3.9171	4.1161	4.078	4.2533
1/28/2019	07:24:22	690.45	3.9184	4.1162	4.0794	4.2521
1/28/2019	07:24:24	691.97	3.9178	4.1145	4.0782	4.2517
1/28/2019	07:24:26	693.81	3.9177	4.1143	4.0792	4.2515
1/28/2019	07:24:27	695.31	3.9174	4.115	4.0769	4.2526
1/28/2019	07:24:29	696.75	3.9174	4.1157	4.0776	4.2543
1/28/2019	07:24:30	698.25	3.9181	4.1159	4.0765	4.2554
1/28/2019	07:24:32	699.61	3.918	4.1147	4.0761	4.2553
1/28/2019	07:24:33	700.97	3.918	4.1146	4.0765	4.2561
1/28/2019	07:24:35	702.66	3.9162	4.113	4.0765	4.2553
1/28/2019	07:24:36	703.95	3.9142	4.113	4.0755	4.2553
1/28/2019	07:24:38	705.56	3.9149	4.1132	4.0743	4.2535
1/28/2019	07:24:39	706.92	3.915	4.1127	4.075	4.255
1/28/2019	07:24:41	708.61	3.9148	4.1106	4.0776	4.2574
1/28/2019	07:24:42	710.06	3.9127	4.1087	4.0802	4.2567
1/28/2019	07:24:44	711.56	3.9138	4.1098	4.0785	4.2573
1/28/2019	07:24:45	713.06	3.9141	4.1104	4.0773	4.2564
1/28/2019	07:24:47	714.56	3.9141	4.1107	4.0775	4.2601
1/28/2019	07:24:48	716.14	3.9131	4.1084	4.0799	4.2601
1/28/2019	07:24:49	717.48	3.9131	4.1081	4.0806	4.2602
1/28/2019	07:24:51	719.17	3.9132	4.1081	4.0788	4.2601
1/28/2019	07:24:53	720.81	3.9131	4.1084	4.076	4.2611
1/28/2019	07:24:54	722.23	3.9129	4.1094	4.0727	4.262
1/28/2019	07:24:56	723.62	3.913	4.1083	4.0704	4.2618
1/28/2019	07:24:57	725.19	3.913	4.1094	4.0717	4.2624
1/28/2019	07:24:59	726.78	3.9127	4.1064	4.0714	4.2618
1/28/2019	07:25:00	728.45	3.9117	4.1073	4.0721	4.2642
1/28/2019	07:25:02	730.11	3.9102	4.1056	4.0692	4.2641
1/28/2019	07:25:04	731.62	3.9091	4.1071	4.0717	4.2636
1/28/2019	07:25:05	733.02	3.9077	4.106	4.0707	4.2613
1/28/2019	07:25:07	734.56	3.9063	4.1071	4.0702	4.2602
1/28/2019	07:25:08	735.81	3.9066	4.1067	4.0707	4.2616
1/28/2019	07:25:09	737.36	3.9081	4.1074	4.0731	4.2623
1/28/2019	07:25:11	738.98	3.9094	4.1066	4.0756	4.2629
1/28/2019	07:25:12	740.37	3.9084	4.1049	4.0716	4.262
1/28/2019	07:25:14	741.87	3.9069	4.1049	4.0678	4.2633
1/28/2019	07:25:15	743.31	3.9069	4.1047	4.0671	4.2678
1/28/2019	07:25:17	744.91	3.9067	4.1056	4.068	4.2654
1/28/2019	07:25:18	746.28	3.9076	4.1056	4.0671	4.264
1/28/2019	07:25:20	748.02	3.9092	4.1052	4.0655	4.2601
1/28/2019	07:25:22	749.69	3.9086	4.1046	4.0634	4.2606
1/28/2019	07:25:23	751.05	3.9086	4.1051	4.0624	4.2601
1/28/2019	07:25:25	752.81	3.9062	4.1055	4.0616	4.2582
1/28/2019	07:25:26	754.47	3.908	4.1056	4.0614	4.2598
1/28/2019	07:25:28	755.81	3.907	4.1041	4.0638	4.2599
1/28/2019	07:25:29	757.22	3.9067	4.1032	4.0628	4.2594
1/28/2019	07:25:31	758.62	3.9059	4.103	4.0644	4.2594
1/28/2019	07:25:32	759.98	3.9072	4.1025	4.0621	4.2584
1/28/2019	07:25:34	761.61	3.9062	4.1034	4.0638	4.2595
1/28/2019	07:25:35	763.3	3.9055	4.1031	4.0625	4.2609
1/28/2019	07:25:37	764.75	3.9044	4.104	4.062	4.2633
1/28/2019	07:25:38	766.19	3.906	4.1016	4.0602	4.2651
1/28/2019	07:25:40	767.77	3.9054	4.1007	4.0607	4.2643
1/28/2019	07:25:41	769.22	3.9054	4.0992	4.0618	4.2631
1/28/2019	07:25:43	770.56	3.9044	4.1009	4.062	4.2617
1/28/2019	07:25:44	771.91	3.9045	4.1004	4.062	4.2605
1/28/2019	07:25:45	773.41	3.904	4.0996	4.063	4.2593
1/28/2019	07:25:47	775.06	3.9049	4.099	4.0631	4.2601
1/28/2019	07:25:49	776.56	3.9035	4.1024	4.0602	4.2592
1/28/2019	07:25:50	778.12	3.9027	4.1044	4.0595	4.2591
1/28/2019	07:25:52	779.67	3.9006	4.1053	4.0595	4.2577
1/28/2019	07:25:53	781.11	3.9012	4.1038	4.0613	4.2587
1/28/2019	07:25:55	782.72	3.9002	4.1041	4.0588	4.2571
1/28/2019	07:25:56	784.33	3.9009	4.1023	4.0577	4.2577
1/28/2019	07:25:58	785.98	3.9008	4.1021	4.0567	4.2584
1/28/2019	07:26:00	787.55	3.8997	4.1005	4.0591	4.2589
1/28/2019	07:26:01	789.08	3.8966	4.0994	4.0598	4.2594
1/28/2019	07:26:03	790.53	3.8952	4.098	4.0592	4.2595
1/28/2019	07:26:04	792.41	3.8962	4.0979	4.0591	4.261
1/28/2019	07:26:06	793.84	3.8972	4.0988	4.0578	4.2592
1/28/2019	07:26:07	795.37	3.8969	4.0993	4.0578	4.261
1/28/2019	07:26:09	797.05	3.8955	4.099	4.0553	4.2624
1/28/2019	07:26:10	798.36	3.8948	4.0989	4.056	4.2651
1/28/2019	07:26:12	800	3.8945	4.0988	4.056	4.2647
1/28/2019	07:26:13	801.47	3.8949	4.0978	4.0555	4.2633
1/28/2019	07:26:15	802.95	3.8938	4.0976	4.0548	4.2636
1/28/2019	07:26:16	804.41	3.894	4.0956	4.0547	4.262
1/28/2019	07:26:18	805.75	3.8937	4.095	4.0547	4.2632
1/28/2019	07:26:19	807.16	3.8941	4.0954	4.0534	4.2617
1/28/2019	07:26:21	808.67	3.8954	4.0974	4.0524	4.2611
1/28/2019	07:26:22	810.3	3.8944	4.0979	4.053	4.2604
1/28/2019	07:26:24	811.8	3.8945	4.0978	4.054	4.2605
1/28/2019	07:26:25	813.34	3.893	4.0979	4.0536	4.2592
1/28/2019	07:26:27	814.83	3.893	4.0976	4.0529	4.2575
1/28/2019	07:26:28	816.27	3.893	4.0991	4.0515	4.2568
1/28/2019	07:26:30	817.61	3.8919	4.098	4.0499	4.2594
1/28/2019	07:26:31	819.42	3.8922	4.097	4.0488	4.2596
1/28/2019	07:26:33	820.91	3.8913	4.095	4.0486	4.2606
1/28/2019	07:26:34	822.41	3.892	4.0948	4.0477	4.2591
1/28/2019	07:26:36	823.78	3.8919	4.0978	4.0473	4.2592
1/28/2019	07:26:37	825.52	3.8923	4.0971	4.0464	4.2591
1/28/2019	07:26:39	826.72	3.8923	4.0966	4.0458	4.2614
1/28/2019	07:26:40	828.28	3.8916	4.0944	4.0447	4.2633
1/28/2019	07:26:42	829.73	3.8906	4.0948	4.0455	4.2647
1/28/2019	07:26:43	831.22	3.8913	4.0963	4.0479	4.2629
1/28/2019	07:26:45	832.7	3.8913	4.095	4.0466	4.2624
1/28/2019	07:26:46	834.31	3.8915	4.094	4.0448	4.2606
1/28/2019	07:26:48	836.11	3.8916	4.0929	4.0442	4.2617
1/28/2019	07:26:50	837.75	3.8903	4.0933	4.0457	4.2606
1/28/2019	07:26:51	839.2	3.8906	4.0934	4.0464	4.2603
1/28/2019	07:26:53	840.66	3.8887	4.0925	4.0446	4.2612
1/28/2019	07:26:54	842.05	3.8883	4.0933	4.0446	4.2617
1/28/2019	07:26:56	843.62	3.8877	4.0939	4.0443	4.263
1/28/2019	07:26:57	845.02	3.887	4.0928	4.0438	4.2629
1/28/2019	07:26:59	846.59	3.8881	4.0919	4.0419	4.262
1/28/2019	07:27:00	848.19	3.8884	4.0913	4.0393	4.2616
1/28/2019	07:27:02	849.56	3.8892	4.0918	4.0395	4.2598
1/28/2019	07:27:03	850.81	3.8878	4.0922	4.0413	4.2584
1/28/2019	07:27:05	852.59	3.8867	4.0929	4.0435	4.2582
1/28/2019	07:27:06	854.16	3.8871	4.093	4.0417	4.2585
1/28/2019	07:27:08	855.87	3.8894	4.093	4.0398	4.2619
1/28/2019	07:27:10	857.83	3.8908	4.0909	4.0391	4.2613
1/28/2019	07:27:11	859.39	3.8884	4.0927	4.0406	4.262
1/28/2019	07:27:13	860.89	3.8876	4.0917	4.04	4.2623
1/28/2019	07:27:14	862.23	3.8881	4.0924	4.0377	4.264
1/28/2019	07:27:16	863.8	3.8915	4.0914	4.037	4.2623
1/28/2019	07:27:17	865.41	3.893	4.0928	4.0362	4.2627
1/28/2019	07:27:19	867	3.8912	4.0935	4.0349	4.2612
1/28/2019	07:27:20	868.48	3.8905	4.0918	4.0337	4.2598
1/28/2019	07:27:22	869.84	3.8908	4.0903	4.0334	4.258
1/28/2019	07:27:23	871.17	3.8908	4.0884	4.0334	4.2582
1/28/2019	07:27:25	872.7	3.8898	4.0879	4.034	4.2601
1/28/2019	07:27:26	874.25	3.8888	4.0887	4.0341	4.2596
1/28/2019	07:27:28	875.8	3.8897	4.0895	4.0337	4.2585
1/28/2019	07:27:29	877.19	3.8902	4.0903	4.0342	4.2584
1/28/2019	07:27:31	878.77	3.8901	4.0889	4.0355	4.2588
1/28/2019	07:27:32	880.3	3.8909	4.089	4.0373	4.2589
1/28/2019	07:27:34	881.72	3.8886	4.0889	4.0355	4.2592
1/28/2019	07:27:35	883.23	3.8886	4.0893	4.0345	4.2599
1/28/2019	07:27:37	884.56	3.8873	4.0889	4.0333	4.2599
1/28/2019	07:27:39	886.53	3.8911	4.0894	4.0333	4.2619
1/28/2019	07:27:40	887.98	3.8905	4.0902	4.0323	4.2602
1/28/2019	07:27:42	889.56	3.8916	4.0907	4.0321	4.2613
1/28/2019	07:27:43	891.3	3.8897	4.0898	4.0314	4.2605
1/28/2019	07:27:45	892.94	3.8899	4.0889	4.0298	4.2609
1/28/2019	07:27:47	894.61	3.8898	4.0874	4.0292	4.2611
1/28/2019	07:27:48	896.2	3.892	4.087	4.0296	4.2596
1/28/2019	07:27:50	898.05	3.8917	4.0878	4.0297	4.2601
1/28/2019	07:27:51	899.5	3.8913	4.0882	4.0294	4.2605
1/28/2019	07:27:53	901.3	3.8905	4.0893	4.0278	4.2613
1/28/2019	07:27:55	902.75	3.8905	4.0893	4.0265	4.2634
1/28/2019	07:27:56	904.28	3.8916	4.0887	4.0265	4.2615
1/28/2019	07:27:58	905.67	3.8923	4.0878	4.0263	4.2604
1/28/2019	07:27:59	907.2	3.8924	4.0879	4.0256	4.2605
1/28/2019	07:28:01	908.62	3.8912	4.0895	4.0245	4.2647
1/28/2019	07:28:02	910.44	3.8905	4.089	4.0244	4.2685
1/28/2019	07:28:04	911.87	3.8899	4.087	4.025	4.2668
1/28/2019	07:28:05	913.3	3.8908	4.0851	4.026	4.2645
1/28/2019	07:28:07	914.77	3.8897	4.0838	4.0253	4.263
1/28/2019	07:28:08	916.22	3.8929	4.0841	4.0253	4.2631
1/28/2019	07:28:10	917.59	3.8933	4.0838	4.024	4.263
1/28/2019	07:28:11	919.11	3.8952	4.0852	4.0234	4.2638
1/28/2019	07:28:12	920.48	3.8944	4.0856	4.0224	4.263
1/28/2019	07:28:14	922.22	3.8949	4.0864	4.0213	4.2631
1/28/2019	07:28:16	923.83	3.8947	4.0884	4.0227	4.261
1/28/2019	07:28:17	925.37	3.8952	4.0881	4.0215	4.2627
1/28/2019	07:28:19	927.03	3.8962	4.0894	4.0211	4.2622
1/28/2019	07:28:20	928.42	3.8956	4.0884	4.02	4.2627
1/28/2019	07:28:22	930.11	3.8947	4.0905	4.0197	4.2615
1/28/2019	07:28:24	931.66	3.893	4.089	4.0207	4.2609
1/28/2019	07:28:25	933.19	3.893	4.0882	4.0208	4.2599
1/28/2019	07:28:26	934.52	3.8927	4.0858	4.0218	4.2597
1/28/2019	07:28:28	936.25	3.8915	4.0849	4.0196	4.2595
1/28/2019	07:28:30	937.78	3.892	4.0864	4.0178	4.2595
1/28/2019	07:28:31	939.31	3.8919	4.0882	4.0174	4.2592
1/28/2019	07:28:33	940.8	3.8947	4.089	4.0185	4.2589
1/28/2019	07:28:34	942.52	3.8929	4.0864	4.0181	4.2591
1/28/2019	07:28:36	944.16	3.894	4.0847	4.0172	4.2589
1/28/2019	07:28:38	945.56	3.8931	4.0853	4.016	4.2605
1/28/2019	07:28:39	947.22	3.8949	4.0879	4.0161	4.2603
1/28/2019	07:28:41	948.75	3.8956	4.0894	4.0154	4.2616
1/28/2019	07:28:42	950.42	3.8966	4.0883	4.015	4.2603
1/28/2019	07:28:44	951.92	3.8968	4.0878	4.0138	4.2627
1/28/2019	07:28:45	953.17	3.8956	4.0856	4.0153	4.2612
1/28/2019	07:28:47	954.78	3.8934	4.0861	4.0148	4.2618
1/28/2019	07:28:48	956.06	3.8938	4.0838	4.0157	4.2599
1/28/2019	07:28:50	957.72	3.8945	4.0861	4.0148	4.2606
1/28/2019	07:28:51	959.27	3.8963	4.0859	4.0155	4.2616
1/28/2019	07:28:53	960.91	3.8962	4.0873	4.0144	4.2606
1/28/2019	07:28:54	962.31	3.8952	4.0849	4.0142	4.2612
1/28/2019	07:28:56	964	3.8967	4.0844	4.0135	4.264
1/28/2019	07:28:58	965.81	3.897	4.0842	4.0137	4.2646
1/28/2019	07:28:59	967.23	3.8987	4.0857	4.0111	4.2657
1/28/2019	07:29:01	968.73	3.8984	4.0869	4.0098	4.2609
1/28/2019	07:29:02	970.12	3.8988	4.0857	4.0097	4.261
1/28/2019	07:29:03	971.42	3.898	4.0863	4.0111	4.2598
1/28/2019	07:29:05	972.98	3.8963	4.0842	4.0126	4.2606
1/28/2019	07:29:06	974.42	3.8972	4.0851	4.0129	4.2615
1/28/2019	07:29:08	976.27	3.8977	4.0838	4.0111	4.2619
1/28/2019	07:29:10	978	3.8987	4.0847	4.0102	4.2617
1/28/2019	07:29:11	979.33	3.8981	4.0842	4.0112	4.2632
1/28/2019	07:29:13	980.94	3.8987	4.0843	4.0115	4.2616
1/28/2019	07:29:15	982.73	3.9006	4.0842	4.0101	4.264
1/28/2019	07:29:16	984.14	3.9018	4.0861	4.0072	4.2641
1/28/2019	07:29:18	985.64	3.9016	4.0858	4.0075	4.2648
1/28/2019	07:29:19	987	3.9009	4.0879	4.0078	4.2622
1/28/2019	07:29:21	988.55	3.9008	4.0869	4.0093	4.2623
1/28/2019	07:29:22	990.37	3.9027	4.0867	4.01	4.265
1/28/2019	07:29:24	992.16	3.9022	4.0838	4.0101	4.2675
1/28/2019	07:29:26	993.89	3.9036	4.0848	4.009	4.2661
1/28/2019	07:29:28	995.56	3.9031	4.0849	4.0071	4.2644
1/28/2019	07:29:29	996.84	3.9041	4.0874	4.0078	4.2634
1/28/2019	07:29:30	998.44	3.9034	4.0852	4.0081	4.2644
1/28/2019	07:29:32	999.95	3.9024	4.0858	4.0092	4.2637
1/28/2019	07:29:34	1001.61	3.9036	4.0854	4.0086	4.264
1/28/2019	07:29:35	1003.05	3.9036	4.0872	4.0075	4.2653
1/28/2019	07:29:36	1004.36	3.9037	4.0863	4.0081	4.2661
1/28/2019	07:29:38	1005.91	3.9022	4.0877	4.0089	4.2655
1/28/2019	07:29:39	1007.48	3.9022	4.0883	4.0068	4.2636
1/28/2019	07:29:41	1008.97	3.9038	4.0896	4.0049	4.2625
1/28/2019	07:29:43	1010.55	3.9059	4.0874	4.0036	4.2619
1/28/2019	07:29:44	1011.8	3.9051	4.0852	4.0038	4.2623
1/28/2019	07:29:45	1013.28	3.9048	4.083	4.0049	4.2648
1/28/2019	07:29:47	1014.87	3.9054	4.0832	4.0053	4.2655
1/28/2019	07:29:48	1016.39	3.9065	4.0826	4.007	4.2657
1/28/2019	07:29:50	1017.78	3.9066	4.0847	4.0051	4.262
1/28/2019	07:29:51	1019.39	3.9057	4.0857	4.0048	4.2609
1/28/2019	07:29:53	1020.87	3.9063	4.0856	4.0034	4.2601
1/28/2019	07:29:54	1022.19	3.9065	4.0832	4.0044	4.2619
1/28/2019	07:29:55	1023.5	3.9062	4.0807	4.004	4.261
1/28/2019	07:29:57	1024.81	3.9062	4.0811	4.0044	4.2601
1/28/2019	07:29:59	1026.77	3.9056	4.0833	4.003	4.2599
1/28/2019	07:30:00	1028.28	3.9055	4.0829	4.0023	4.2617
1/28/2019	07:30:02	1029.75	3.9068	4.0842	4.0028	4.2633
1/28/2019	07:30:03	1031.2	3.9066	4.083	4.0047	4.2636
1/28/2019	07:30:05	1033.02	3.9069	4.0847	4.0058	4.2651
1/28/2019	07:30:07	1034.75	3.9055	4.0836	4.0053	4.2638
1/28/2019	07:30:08	1036.39	3.9075	4.0841	4.004	4.2633
1/28/2019	07:30:10	1037.91	3.9079	4.084	4.0032	4.2612
1/28/2019	07:30:11	1039.19	3.9079	4.086	4.0017	4.2626
1/28/2019	07:30:13	1040.97	3.9069	4.0864	4.0023	4.2648
1/28/2019	07:30:14	1042.5	3.9086	4.0859	4	4.2641
1/28/2019	07:30:16	1044.08	3.9094	4.0833	4.003	4.2632
1/28/2019	07:30:18	1045.58	3.9091	4.0837	4.0015	4.2623
1/28/2019	07:30:19	1047.2	3.9101	4.0837	4.003	4.2633
1/28/2019	07:30:20	1048.48	3.9097	4.0842	4.0013	4.2624
1/28/2019	07:30:22	1050.19	3.9122	4.0841	4.0018	4.2619
1/28/2019	07:30:24	1051.69	3.9109	4.0849	3.9998	4.2632
1/28/2019	07:30:25	1053.12	3.9123	4.0854	3.9994	4.264
1/28/2019	07:30:27	1054.64	3.9121	4.0849	4.0002	4.2658
1/28/2019	07:30:28	1056.2	3.9111	4.0837	4.0007	4.2655
1/28/2019	07:30:30	1057.83	3.9119	4.0836	3.9995	4.2676
1/28/2019	07:30:31	1059.36	3.9111	4.0839	3.9973	4.2671
1/28/2019	07:30:33	1060.92	3.913	4.0846	3.9968	4.266
1/28/2019	07:30:34	1062.41	3.9137	4.0862	3.998	4.2651
1/28/2019	07:30:36	1064.02	3.9147	4.0858	3.9972	4.2631
1/28/2019	07:30:37	1065.23	3.9143	4.0858	3.9987	4.2659
1/28/2019	07:30:39	1066.77	3.913	4.0843	3.9977	4.2668
1/28/2019	07:30:41	1069.06	3.913	4.0837	3.9984	4.271
1/28/2019	07:30:42	1070.52	3.914	4.0842	3.9992	4.2703
1/28/2019	07:30:44	1071.94	3.9151	4.0849	4.0007	4.2709
1/28/2019	07:30:45	1073.25	3.9167	4.0867	3.9999	4.269
1/28/2019	07:30:47	1074.56	3.9167	4.0849	3.9972	4.2688
1/28/2019	07:30:48	1075.92	3.9167	4.0826	3.9943	4.2682
1/28/2019	07:30:49	1077.33	3.9165	4.0811	3.9959	4.2681
1/28/2019	07:30:51	1078.69	3.9162	4.0836	3.9966	4.2672
1/28/2019	07:30:52	1079.95	3.9161	4.0863	3.9981	4.2661
1/28/2019	07:30:53	1081.36	3.9151	4.0848	3.9991	4.2655
1/28/2019	07:30:55	1082.69	3.9155	4.0857	3.9992	4.2675
1/28/2019	07:30:56	1084.05	3.9154	4.0852	4.0002	4.2702
1/28/2019	07:30:57	1085.45	3.9161	4.0882	3.9979	4.2714
1/28/2019	07:30:59	1086.95	3.9179	4.0852	3.9968	4.2713
1/28/2019	07:31:01	1088.53	3.9185	4.0843	3.9968	4.2689
1/28/2019	07:31:03	1090.67	3.9196	4.0823	3.9965	4.2658
1/28/2019	07:31:04	1091.8	3.9182	4.0836	3.9966	4.2637
1/28/2019	07:31:06	1093.78	3.9181	4.0846	3.9953	4.2626
1/28/2019	07:31:07	1094.91	3.9178	4.0848	3.9957	4.2647
1/28/2019	07:31:09	1097.02	3.9189	4.0852	3.9958	4.2662
1/28/2019	07:31:11	1098.59	3.9201	4.0853	3.9949	4.2696
1/28/2019	07:31:12	1100.03	3.921	4.0853	3.9951	4.2693
1/28/2019	07:31:14	1101.78	3.9192	4.0839	3.9969	4.2683
1/28/2019	07:31:15	1103.14	3.9182	4.0832	3.998	4.2662
1/28/2019	07:31:16	1104.5	3.9176	4.0852	3.9968	4.2664
1/28/2019	07:31:18	1106.34	3.92	4.0842	3.9949	4.2682
1/28/2019	07:31:20	1107.58	3.9224	4.0847	3.9939	4.2696
1/28/2019	07:31:21	1108.81	3.9234	4.0836	3.9934	4.2693
1/28/2019	07:31:22	1110.02	3.9225	4.0852	3.9949	4.2681
1/28/2019	07:31:24	1112	3.9217	4.0852	3.9934	4.2682
1/28/2019	07:31:25	1113.19	3.922	4.0833	3.9945	4.2682
1/28/2019	07:31:26	1114.36	3.9228	4.0827	3.9927	4.2674
1/28/2019	07:31:27	1115.5	3.9229	4.0823	3.9943	4.2668
1/28/2019	07:31:29	1116.64	3.9225	4.0844	3.9943	4.2669
1/28/2019	07:31:31	1118.86	3.9229	4.0869	3.9943	4.2693
1/28/2019	07:31:32	1120.12	3.9241	4.0868	3.9923	4.2696
1/28/2019	07:31:33	1121.52	3.9234	4.0871	3.9895	4.2695
1/28/2019	07:31:35	1123	3.9242	4.0851	3.9898	4.2702
1/28/2019	07:31:37	1124.56	3.9235	4.0858	3.9905	4.2699
1/28/2019	07:31:38	1126.3	3.9248	4.0853	3.9927	4.2704
1/28/2019	07:31:40	1127.89	3.9236	4.0867	3.9913	4.2683
1/28/2019	07:31:42	1129.8	3.9256	4.0867	3.9902	4.2678
1/28/2019	07:31:43	1131.34	3.9269	4.0849	3.9909	4.2678
1/28/2019	07:31:45	1132.67	3.9276	4.0832	3.9915	4.2672
1/28/2019	07:31:46	1134.05	3.9266	4.0831	3.9921	4.2683
1/28/2019	07:31:47	1135.33	3.9253	4.0839	3.9904	4.2699
1/28/2019	07:31:49	1136.92	3.926	4.0858	3.9896	4.2696
1/28/2019	07:31:50	1138.28	3.9257	4.0855	3.9891	4.2675
1/28/2019	07:31:52	1139.67	3.9259	4.0862	3.9894	4.2641
1/28/2019	07:31:53	1141.28	3.9249	4.0856	3.9885	4.2657
1/28/2019	07:31:55	1142.73	3.9253	4.0859	3.9886	4.2683
1/28/2019	07:31:56	1143.92	3.9263	4.0856	3.9871	4.273
1/28/2019	07:31:58	1145.7	3.9285	4.0852	3.9882	4.2741
1/28/2019	07:31:59	1147.06	3.9283	4.0843	3.9889	4.2744
1/28/2019	07:32:01	1149.03	3.9288	4.0851	3.9894	4.2732
1/28/2019	07:32:02	1150.45	3.9297	4.0838	3.9883	4.2718
1/28/2019	07:32:04	1152	3.9301	4.0852	3.9872	4.2713
1/28/2019	07:32:06	1153.67	3.9302	4.0841	3.9894	4.2692
1/28/2019	07:32:07	1155.08	3.9291	4.0844	3.9902	4.2699
1/28/2019	07:32:08	1156.52	3.9292	4.0824	3.9905	4.2703
1/28/2019	07:32:10	1157.94	3.9296	4.0828	3.9913	4.2714
1/28/2019	07:32:12	1159.59	3.9291	4.0841	3.9912	4.2729
1/28/2019	07:32:13	1160.81	3.9306	4.0857	3.9916	4.2727
1/28/2019	07:32:15	1162.58	3.9308	4.0873	3.9897	4.2722
1/28/2019	07:32:16	1164.11	3.9309	4.0876	3.9902	4.2701
1/28/2019	07:32:17	1165.52	3.9312	4.0858	3.9898	4.2722
1/28/2019	07:32:19	1167.06	3.9318	4.0857	3.9889	4.272
1/28/2019	07:32:21	1168.62	3.9325	4.0864	3.9885	4.2731
1/28/2019	07:32:22	1169.86	3.9322	4.0883	3.9901	4.2725
1/28/2019	07:32:24	1171.59	3.9309	4.0878	3.9907	4.2737
1/28/2019	07:32:25	1173.02	3.93	4.0876	3.9908	4.2744
1/28/2019	07:32:26	1174.52	3.9312	4.0872	3.9887	4.2742
1/28/2019	07:32:28	1176.08	3.9323	4.0867	3.9871	4.2761
1/28/2019	07:32:30	1177.67	3.9343	4.0856	3.9866	4.2748
1/28/2019	07:32:31	1179.48	3.9331	4.0847	3.9878	4.2725
1/28/2019	07:32:33	1180.92	3.9343	4.0842	3.9898	4.2704
1/28/2019	07:32:34	1182.42	3.9341	4.0834	3.9915	4.2713
1/28/2019	07:32:36	1183.81	3.9348	4.0831	3.9892	4.2727
1/28/2019	07:32:37	1185.37	3.9346	4.0832	3.9887	4.2724
1/28/2019	07:32:39	1187.09	3.9339	4.0833	3.9871	4.2727
1/28/2019	07:32:41	1188.61	3.9339	4.0826	3.989	4.2725
1/28/2019	07:32:42	1190.06	3.9334	4.0826	3.9897	4.2738
1/28/2019	07:32:43	1191.41	3.9351	4.0832	3.99	4.2735
1/28/2019	07:32:45	1193.22	3.9365	4.0848	3.9883	4.2732
1/28/2019	07:32:47	1194.91	3.9367	4.0856	3.9871	4.2734
1/28/2019	07:32:48	1196.39	3.9361	4.0846	3.9875	4.2728
1/28/2019	07:32:50	1197.91	3.9367	4.0837	3.9875	4.2738
1/28/2019	07:32:51	1199.48	3.9374	4.0827	3.9885	4.2744
1/28/2019	07:32:53	1200.98	3.9382	4.0851	3.9875	4.2737
1/28/2019	07:32:54	1202.42	3.9373	4.0871	3.9892	4.2732
1/28/2019	07:32:56	1203.81	3.9364	4.0878	3.989	4.2715
1/28/2019	07:32:57	1205.37	3.9358	4.0872	3.9904	4.2711
1/28/2019	07:32:59	1206.84	3.9357	4.0867	3.9897	4.272
1/28/2019	07:33:00	1208.37	3.9373	4.0868	3.9885	4.273
1/28/2019	07:33:02	1210.03	3.9396	4.0864	3.9888	4.2725
1/28/2019	07:33:03	1211.44	3.9416	4.0874	3.9896	4.2715
1/28/2019	07:33:05	1213.05	3.9407	4.0888	3.99	4.2718
1/28/2019	07:33:07	1214.56	3.9395	4.0894	3.9889	4.2748
1/28/2019	07:33:08	1216.03	3.9385	4.0887	3.9874	4.2758
1/28/2019	07:33:10	1217.7	3.9407	4.0872	3.9879	4.2741
1/28/2019	07:33:11	1219.34	3.9411	4.0863	3.9883	4.2756
1/28/2019	07:33:13	1220.92	3.9406	4.0858	3.9897	4.2749
1/28/2019	07:33:14	1222.47	3.9387	4.0849	3.9883	4.2763
1/28/2019	07:33:16	1223.84	3.9397	4.0843	3.9877	4.2761
1/28/2019	07:33:17	1225.14	3.9417	4.0848	3.9866	4.2768
1/28/2019	07:33:19	1227.05	3.9428	4.0847	3.9874	4.2763
1/28/2019	07:33:20	1228.45	3.9425	4.0863	3.9878	4.2749
1/28/2019	07:33:22	1230.03	3.9414	4.0872	3.9893	4.2751
1/28/2019	07:33:23	1231.44	3.9434	4.0876	3.9899	4.2763
1/28/2019	07:33:25	1232.83	3.9428	4.0854	3.99	4.276
1/28/2019	07:33:26	1234.5	3.9435	4.0838	3.9877	4.2762
1/28/2019	07:33:28	1235.75	3.9437	4.0837	3.9855	4.2774
1/28/2019	07:33:29	1237.27	3.9452	4.0846	3.9862	4.2784
1/28/2019	07:33:30	1238.48	3.9458	4.0853	3.9862	4.2789
1/28/2019	07:33:32	1240.12	3.9459	4.0867	3.9877	4.2777
1/28/2019	07:33:33	1241.5	3.9451	4.0864	3.9845	4.277
1/28/2019	07:33:35	1242.98	3.9442	4.0864	3.9862	4.2765
1/28/2019	07:33:36	1244.47	3.9437	4.0879	3.9849	4.277
1/28/2019	07:33:38	1246.05	3.9462	4.0903	3.987	4.2779
1/28/2019	07:33:40	1247.62	3.9478	4.0903	3.9844	4.2764
1/28/2019	07:33:41	1249.09	3.9485	4.0887	3.9872	4.2749
1/28/2019	07:33:43	1250.61	3.9473	4.0869	3.9858	4.273
1/28/2019	07:33:44	1252.06	3.9487	4.0866	3.9875	4.2734
1/28/2019	07:33:46	1253.53	3.9492	4.0858	3.9852	4.2749
1/28/2019	07:33:47	1255.11	3.9491	4.0854	3.986	4.2766
1/28/2019	07:33:48	1256.34	3.9496	4.0849	3.9859	4.2785
1/28/2019	07:33:50	1258	3.9472	4.0862	3.9856	4.2781
1/28/2019	07:33:51	1259.34	3.9487	4.0876	3.986	4.2782
1/28/2019	07:33:53	1260.86	3.9474	4.0872	3.9851	4.2792
1/28/2019	07:33:54	1262.39	3.9506	4.0869	3.9855	4.2781
1/28/2019	07:33:56	1263.91	3.9491	4.0878	3.9841	4.2798
1/28/2019	07:33:57	1265.48	3.9498	4.0891	3.9869	4.2774
1/28/2019	07:33:59	1267.23	3.9503	4.0893	3.988	4.2789
1/28/2019	07:34:01	1268.78	3.9518	4.0872	3.9885	4.2773
1/28/2019	07:34:02	1270.05	3.9541	4.0883	3.9859	4.2768
1/28/2019	07:34:03	1271.34	3.9554	4.0882	3.984	4.2778
1/28/2019	07:34:05	1272.78	3.9542	4.0883	3.9845	4.2774
1/28/2019	07:34:06	1274.2	3.9525	4.0866	3.9852	4.2795
1/28/2019	07:34:08	1275.56	3.9508	4.0866	3.9859	4.2795
1/28/2019	07:34:09	1276.87	3.953	4.0872	3.9856	4.2801
1/28/2019	07:34:10	1278.39	3.9539	4.0872	3.9848	4.2792
1/28/2019	07:34:12	1279.81	3.9545	4.0873	3.9848	4.2771
1/28/2019	07:34:13	1281.52	3.9546	4.0871	3.9847	4.277
1/28/2019	07:34:15	1282.98	3.9555	4.0873	3.9851	4.2771
1/28/2019	07:34:16	1284.23	3.9571	4.0863	3.9848	4.2781
1/28/2019	07:34:17	1285.42	3.9562	4.0869	3.9849	4.2781
1/28/2019	07:34:19	1286.7	3.957	4.0881	3.9869	4.2771
1/28/2019	07:34:20	1288.25	3.9559	4.0893	3.9854	4.2788
1/28/2019	07:34:22	1289.86	3.958	4.0878	3.9848	4.2792
1/28/2019	07:34:23	1291.27	3.9566	4.0871	3.983	4.2805
1/28/2019	07:34:25	1293.08	3.9565	4.0869	3.9839	4.2801
1/28/2019	07:34:27	1294.55	3.9563	4.0891	3.9851	4.2816
1/28/2019	07:34:28	1296.11	3.9563	4.0886	3.9851	4.2815
1/28/2019	07:34:29	1297.39	3.9579	4.0883	3.9865	4.2804
1/28/2019	07:34:31	1298.81	3.9593	4.0874	3.9855	4.2791
1/28/2019	07:34:32	1300.27	3.9595	4.0882	3.9841	4.2785
1/28/2019	07:34:34	1301.66	3.9602	4.0893	3.9843	4.2802
1/28/2019	07:34:35	1303.22	3.9596	4.089	3.9841	4.2795
1/28/2019	07:34:37	1304.73	3.9606	4.0887	3.985	4.2795
1/28/2019	07:34:38	1306.16	3.958	4.0868	3.9836	4.2781
1/28/2019	07:34:40	1307.55	3.9585	4.0872	3.9835	4.2792
1/28/2019	07:34:41	1309.08	3.9574	4.0878	3.9832	4.2806
1/28/2019	07:34:43	1310.66	3.9599	4.0892	3.9832	4.2809
1/28/2019	07:34:44	1311.98	3.958	4.0878	3.9827	4.2803
1/28/2019	07:34:46	1314.09	3.9603	4.0884	3.9822	4.2792
1/28/2019	07:34:47	1315.42	3.9614	4.0883	3.9803	4.2791
1/28/2019	07:34:49	1316.98	3.9614	4.0909	3.9801	4.2781
1/28/2019	07:34:51	1318.97	3.9618	4.0904	3.9806	4.2785
1/28/2019	07:34:52	1320.08	3.9611	4.0899	3.9822	4.2795
1/28/2019	07:34:53	1321.44	3.9638	4.0877	3.9822	4.2819
1/28/2019	07:34:55	1322.66	3.9645	4.0878	3.9818	4.282
1/28/2019	07:34:56	1324.3	3.9649	4.089	3.9832	4.2829
1/28/2019	07:34:57	1325.44	3.9659	4.0903	3.9852	4.2829
1/28/2019	07:34:59	1327.17	3.9662	4.0895	3.9867	4.2823
1/28/2019	07:35:00	1328.27	3.9664	4.0877	3.9852	4.2809
1/28/2019	07:35:01	1329.37	3.9648	4.0874	3.9847	4.2802
1/28/2019	07:35:02	1330.47	3.9638	4.0894	3.983	4.2829
1/28/2019	07:35:04	1331.56	3.9635	4.0897	3.9841	4.2825
1/28/2019	07:35:05	1332.72	3.9666	4.0902	3.9841	4.2806
1/28/2019	07:35:06	1333.83	3.9666	4.0892	3.9844	4.2781
1/28/2019	07:35:07	1334.92	3.9674	4.0887	3.9837	4.2779
1/28/2019	07:35:08	1336.11	3.9664	4.0894	3.9817	4.2792
1/28/2019	07:35:09	1337.22	3.9678	4.0912	3.9826	4.2802
1/28/2019	07:35:10	1338.31	3.9691	4.094	3.9835	4.2819
1/28/2019	07:35:11	1339.47	3.9696	4.0937	3.984	4.2801
1/28/2019	07:35:13	1340.64	3.9691	4.0905	3.9846	4.2787
1/28/2019	07:35:14	1342.36	3.9681	4.0878	3.9844	4.2779
1/28/2019	07:35:16	1343.61	3.9669	4.0867	3.9859	4.2808
1/28/2019	07:35:17	1344.8	3.9671	4.0877	3.9855	4.2816
1/28/2019	07:35:18	1346.19	3.9689	4.0875	3.985	4.2813
1/28/2019	07:35:19	1347.28	3.9698	4.0884	3.9854	4.2813
1/28/2019	07:35:20	1348.39	3.9712	4.0878	3.985	4.2823
1/28/2019	07:35:22	1349.7	3.9705	4.0902	3.9862	4.2839
1/28/2019	07:35:23	1351.27	3.9717	4.0894	3.9856	4.284
1/28/2019	07:35:24	1352.48	3.972	4.0905	3.9864	4.2848
1/28/2019	07:35:26	1353.66	3.9722	4.0899	3.9855	4.2855
1/28/2019	07:35:27	1355.41	3.9716	4.0908	3.9851	4.2869
1/28/2019	07:35:29	1356.59	3.9703	4.0908	3.9841	4.2875
1/28/2019	07:35:30	1357.75	3.9722	4.0895	3.9843	4.2867
1/28/2019	07:35:31	1358.89	3.9709	4.0907	3.9855	4.2867
1/28/2019	07:35:32	1360.42	3.9736	4.09	3.986	4.2871
1/28/2019	07:35:34	1361.66	3.9726	4.0899	3.9867	4.286
1/28/2019	07:35:35	1362.83	3.9747	4.0879	3.987	4.2841
1/28/2019	07:35:36	1364	3.9733	4.0892	3.985	4.2817
1/28/2019	07:35:37	1365.47	3.973	4.0892	3.9822	4.2829
1/28/2019	07:35:39	1366.72	3.9737	4.089	3.9814	4.2824
1/28/2019	07:35:40	1367.98	3.9734	4.0879	3.9814	4.2829
1/28/2019	07:35:41	1369.14	3.9747	4.0873	3.9822	4.283
1/28/2019	07:35:42	1370.44	3.9747	4.089	3.9799	4.2844
1/28/2019	07:35:44	1371.55	3.9758	4.0893	3.9805	4.2847
1/28/2019	07:35:45	1372.64	3.9767	4.0929	3.9809	4.2843
1/28/2019	07:35:46	1373.84	3.9773	4.093	3.982	4.2843
1/28/2019	07:35:47	1375.25	3.9797	4.0939	3.9817	4.2844
1/28/2019	07:35:48	1376.39	3.98	4.0929	3.9805	4.2848
1/28/2019	07:35:50	1377.62	3.9807	4.0915	3.9796	4.283
1/28/2019	07:35:51	1378.73	3.981	4.0913	3.9786	4.2834
1/28/2019	07:35:52	1380.03	3.9817	4.0912	3.9798	4.2812
1/28/2019	07:35:53	1381.19	3.981	4.0918	3.9803	4.2833
1/28/2019	07:35:54	1382.41	3.9804	4.0925	3.9825	4.2828
1/28/2019	07:35:56	1383.89	3.9808	4.0927	3.9829	4.2843
1/28/2019	07:35:57	1385.3	3.9827	4.0913	3.9818	4.2844
1/28/2019	07:35:58	1386.47	3.9835	4.0899	3.9814	4.2822
1/28/2019	07:36:00	1387.64	3.9835	4.0877	3.9799	4.2815
1/28/2019	07:36:01	1389.19	3.9805	4.0883	3.9803	4.2803
1/28/2019	07:36:02	1390.36	3.98	4.0888	3.9802	4.2834
1/28/2019	07:36:03	1391.48	3.9802	4.0917	3.9816	4.2846
1/28/2019	07:36:05	1392.59	3.9827	4.0935	3.9836	4.285
1/28/2019	07:36:06	1394.14	3.9841	4.0928	3.9829	4.2833
1/28/2019	07:36:07	1395.31	3.9847	4.0902	3.9828	4.2834
1/28/2019	07:36:08	1396.47	3.9835	4.0892	3.9817	4.2836
1/28/2019	07:36:10	1397.59	3.9825	4.09	3.9829	4.2853
1/28/2019	07:36:11	1399.11	3.9824	4.0923	3.9833	4.2848
1/28/2019	07:36:12	1400.41	3.9844	4.0914	3.984	4.2847
1/28/2019	07:36:14	1401.55	3.9855	4.0911	3.9841	4.2843
1/28/2019	07:36:15	1403.08	3.9865	4.0902	3.9848	4.2838
1/28/2019	07:36:16	1404.36	3.9855	4.09	3.9837	4.2836
1/28/2019	07:36:17	1405.5	3.9854	4.0885	3.9822	4.2834
1/28/2019	07:36:19	1406.64	3.9845	4.0887	3.9811	4.2862
1/28/2019	07:36:20	1408.12	3.9856	4.0899	3.9802	4.2872
1/28/2019	07:36:21	1409.39	3.9856	4.0924	3.9802	4.2858
1/28/2019	07:36:22	1410.52	3.9866	4.0933	3.9796	4.2836
1/28/2019	07:36:24	1411.66	3.9871	4.0928	3.9799	4.2853
1/28/2019	07:36:25	1413.12	3.9883	4.0921	3.9802	4.2881
1/28/2019	07:36:26	1414.27	3.9886	4.0915	3.9801	4.2886
1/28/2019	07:36:28	1415.56	3.9888	4.0934	3.9817	4.2892
1/28/2019	07:36:29	1416.67	3.9883	4.0923	3.9835	4.2886
1/28/2019	07:36:30	1418.16	3.9875	4.0939	3.9846	4.2903
1/28/2019	07:36:31	1419.27	3.9865	4.0938	3.9851	4.2882
1/28/2019	07:36:33	1420.56	3.9868	4.0965	3.9835	4.2888
1/28/2019	07:36:34	1421.73	3.9875	4.0948	3.9826	4.2898
1/28/2019	07:36:35	1422.83	3.9896	4.095	3.9814	4.2899
1/28/2019	07:36:36	1423.92	3.9889	4.0938	3.9843	4.2913
1/28/2019	07:36:37	1425.06	3.9898	4.0945	3.9848	4.2902
1/28/2019	07:36:38	1426.22	3.9905	4.0926	3.9852	4.2896
1/28/2019	07:36:39	1427.36	3.9941	4.092	3.9828	4.2879
1/28/2019	07:36:40	1428.5	3.9922	4.0929	3.982	4.2857
1/28/2019	07:36:42	1429.64	3.9923	4.0933	3.9832	4.2855
1/28/2019	07:36:43	1430.73	3.9905	4.0929	3.9833	4.2848
1/28/2019	07:36:44	1431.94	3.9919	4.0914	3.9839	4.2854
1/28/2019	07:36:45	1433.28	3.9912	4.0915	3.9841	4.2862
1/28/2019	07:36:46	1434.41	3.9915	4.0909	3.9832	4.2886
1/28/2019	07:36:48	1435.56	3.9943	4.0909	3.9845	4.2908
1/28/2019	07:36:49	1436.73	3.9953	4.0916	3.9836	4.2909
1/28/2019	07:36:50	1438.05	3.996	4.0943	3.984	4.2879
1/28/2019	07:36:51	1439.17	3.9942	4.0935	3.9834	4.2883
1/28/2019	07:36:52	1440.39	3.9949	4.0933	3.9849	4.2885
1/28/2019	07:36:53	1441.52	3.9945	4.091	3.9858	4.2903
1/28/2019	07:36:55	1442.66	3.9952	4.0905	3.9847	4.2893
1/28/2019	07:36:56	1443.92	3.993	4.0916	3.9828	4.291
1/28/2019	07:36:57	1445.22	3.9939	4.0953	3.9825	4.2917
1/28/2019	07:36:58	1446.5	3.9929	4.0969	3.9833	4.2929
1/28/2019	07:37:00	1447.67	3.994	4.0953	3.9829	4.2926
1/28/2019	07:37:01	1448.8	3.9942	4.0918	3.984	4.2916
1/28/2019	07:37:02	1450.03	3.996	4.0918	3.9838	4.2907
1/28/2019	07:37:03	1451.28	3.996	4.0913	3.9851	4.2912
1/28/2019	07:37:04	1452.45	3.9963	4.0925	3.984	4.2915
1/28/2019	07:37:06	1453.73	3.996	4.092	3.9843	4.2912
1/28/2019	07:37:07	1454.91	3.9986	4.0914	3.9829	4.2892
1/28/2019	07:37:08	1456.08	3.997	4.0905	3.9853	4.2875
1/28/2019	07:37:09	1457.2	3.9967	4.0913	3.9869	4.2857
1/28/2019	07:37:10	1458.48	3.9959	4.0932	3.9886	4.2848
1/28/2019	07:37:12	1459.67	3.997	4.0939	3.9888	4.2859
1/28/2019	07:37:13	1460.83	3.999	4.0939	3.9882	4.2876
1/28/2019	07:37:14	1462.06	3.9993	4.0931	3.9864	4.2885
1/28/2019	07:37:15	1463.23	3.9987	4.0929	3.9853	4.2881
1/28/2019	07:37:16	1464.36	3.9974	4.0925	3.9852	4.2886
1/28/2019	07:37:18	1465.56	3.9989	4.0938	3.9878	4.2889
1/28/2019	07:37:19	1467.11	4.0019	4.0954	3.9886	4.2905
1/28/2019	07:37:21	1468.61	4.0039	4.0959	3.9871	4.2908
1/28/2019	07:37:22	1469.98	4.0042	4.0924	3.9862	4.292
1/28/2019	07:37:23	1471.17	4.0032	4.0901	3.9866	4.291
1/28/2019	07:37:24	1472.37	4.0047	4.089	3.9884	4.2905
1/28/2019	07:37:26	1473.72	4.0045	4.0926	3.986	4.2899
1/28/2019	07:37:27	1475	4.0072	4.0938	3.9848	4.292
1/28/2019	07:37:28	1476.22	4.0062	4.095	3.9847	4.2929
1/28/2019	07:37:29	1477.36	4.0058	4.0941	3.9877	4.2907
1/28/2019	07:37:30	1478.5	4.0027	4.0936	3.9868	4.2909
1/28/2019	07:37:32	1479.67	4.0026	4.093	3.9856	4.2902
1/28/2019	07:37:33	1480.77	4.0023	4.0936	3.984	4.2924
1/28/2019	07:37:34	1482.27	4.0026	4.0936	3.9843	4.2909
1/28/2019	07:37:35	1483.48	4.0045	4.0956	3.9856	4.2903
1/28/2019	07:37:37	1484.62	4.006	4.0955	3.9877	4.2883
1/28/2019	07:37:38	1485.77	4.0075	4.0965	3.9886	4.2885
1/28/2019	07:37:39	1486.92	4.0062	4.0949	3.9886	4.29
1/28/2019	07:37:40	1488.06	4.0076	4.0943	3.9889	4.2913
1/28/2019	07:37:41	1489.17	4.0089	4.0947	3.9892	4.2909
1/28/2019	07:37:42	1490.31	4.0087	4.095	3.9904	4.2896
1/28/2019	07:37:44	1491.61	4.0085	4.0949	3.9892	4.29
1/28/2019	07:37:45	1492.8	4.0064	4.0935	3.9896	4.2895
1/28/2019	07:37:46	1494.11	4.0077	4.0926	3.9882	4.2893
1/28/2019	07:37:47	1495.22	4.0092	4.0929	3.9886	4.2896
1/28/2019	07:37:48	1496.33	4.0096	4.093	3.9875	4.29
1/28/2019	07:37:50	1497.55	4.0136	4.0947	3.9885	4.2913
1/28/2019	07:37:51	1498.84	4.0128	4.095	3.9893	4.291
1/28/2019	07:37:52	1499.94	4.0132	4.0957	3.9915	4.2923
1/28/2019	07:37:53	1501.12	4.0096	4.0959	3.9916	4.2923
1/28/2019	07:37:54	1502.42	4.0096	4.0945	3.9924	4.292
1/28/2019	07:37:56	1503.69	4.0109	4.0945	3.9915	4.2926
1/28/2019	07:37:57	1504.89	4.0114	4.0937	3.9911	4.2929
1/28/2019	07:37:58	1506	4.0136	4.0946	3.9894	4.2921
1/28/2019	07:37:59	1507.19	4.0165	4.0954	3.9876	4.2913
1/28/2019	07:38:01	1508.53	4.0152	4.0955	3.9877	4.2899
1/28/2019	07:38:02	1509.64	4.0133	4.0954	3.9874	4.2912
1/28/2019	07:38:03	1510.8	4.0127	4.0941	3.9885	4.2909
1/28/2019	07:38:04	1511.92	4.014	4.0936	3.9901	4.2921
1/28/2019	07:38:05	1513.06	4.0156	4.0938	3.9911	4.2924
1/28/2019	07:38:06	1514.3	4.0137	4.0951	3.9924	4.2941
1/28/2019	07:38:07	1515.39	4.0136	4.0962	3.9917	4.2938
1/28/2019	07:38:09	1516.81	4.0101	4.0981	3.9911	4.2934
1/28/2019	07:38:10	1517.92	4.0119	4.097	3.989	4.2943
1/28/2019	07:38:11	1519.06	4.0139	4.0969	3.989	4.2943
1/28/2019	07:38:13	1520.53	4.0173	4.0969	3.9912	4.2943
1/28/2019	07:38:14	1522.03	4.0181	4.0968	3.9934	4.2916
1/28/2019	07:38:15	1523.14	4.017	4.0962	3.9935	4.2919
1/28/2019	07:38:16	1524.27	4.015	4.0946	3.9945	4.2914
1/28/2019	07:38:18	1525.8	4.0139	4.0955	3.9947	4.2933
1/28/2019	07:38:19	1526.98	4.014	4.0969	3.9965	4.2944
1/28/2019	07:38:20	1528.42	4.0157	4.0988	3.9953	4.2958
1/28/2019	07:38:22	1529.55	4.0166	4.0998	3.9951	4.2954
1/28/2019	07:38:24	1531.89	4.0159	4.0976	3.9947	4.294
1/28/2019	07:38:26	1533.83	4.017	4.0971	3.9939	4.2931
1/28/2019	07:38:27	1535.09	4.0162	4.0965	3.9954	4.2928
1/28/2019	07:38:28	1536.33	4.0173	4.0984	3.9946	4.2938
1/28/2019	07:38:30	1537.64	4.0179	4.0971	3.9947	4.2947
1/28/2019	07:38:31	1538.89	4.019	4.097	3.995	4.2962
1/28/2019	07:38:32	1540.2	4.0215	4.097	3.9935	4.2971
1/28/2019	07:38:33	1541.48	4.0222	4.0965	3.995	4.2967
1/28/2019	07:38:35	1542.81	4.0235	4.0959	3.9965	4.2965
1/28/2019	07:38:36	1544.14	4.0213	4.0949	3.9994	4.2964
1/28/2019	07:38:38	1545.55	4.0197	4.0966	4.0001	4.2961
1/28/2019	07:38:40	1547.56	4.0195	4.0981	3.9972	4.2938
1/28/2019	07:38:41	1548.67	4.0207	4.0983	3.9959	4.2947
1/28/2019	07:38:42	1550.03	4.0218	4.0976	3.9944	4.296
1/28/2019	07:38:43	1551.34	4.022	4.0964	3.9954	4.2985
1/28/2019	07:38:45	1552.81	4.0236	4.0968	3.9959	4.2957
1/28/2019	07:38:46	1554.33	4.0249	4.0965	3.9959	4.2965
1/28/2019	07:38:48	1555.97	4.0272	4.0969	3.9964	4.2952
1/28/2019	07:38:50	1557.59	4.0252	4.0976	3.9958	4.2968
1/28/2019	07:38:51	1559.03	4.0248	4.097	3.9969	4.2965
1/28/2019	07:38:52	1560.31	4.0251	4.096	3.9953	4.2958
1/28/2019	07:38:54	1561.62	4.0282	4.0954	3.9958	4.2957
1/28/2019	07:38:55	1563.2	4.0285	4.096	3.9957	4.2957
1/28/2019	07:38:57	1564.86	4.0278	4.0969	3.9957	4.2974
1/28/2019	07:38:58	1566.06	4.0279	4.0976	3.9936	4.2978
1/28/2019	07:38:59	1567.28	4.0295	4.0995	3.9917	4.2984
1/28/2019	07:39:01	1568.8	4.03	4.1008	3.9908	4.2978
1/28/2019	07:39:02	1570.39	4.0279	4.0991	3.9925	4.2984
1/28/2019	07:39:04	1571.92	4.0281	4.0989	3.9946	4.2974
1/28/2019	07:39:05	1573.16	4.0271	4.0967	3.9951	4.2985
1/28/2019	07:39:07	1574.69	4.0292	4.0981	3.9931	4.2981
1/28/2019	07:39:08	1576.03	4.0282	4.096	3.9931	4.2995
1/28/2019	07:39:09	1577.33	4.0289	4.0973	3.9957	4.2992
1/28/2019	07:39:11	1578.77	4.0305	4.0956	3.9976	4.2981
1/28/2019	07:39:12	1579.98	4.0324	4.0967	3.9972	4.2957
1/28/2019	07:39:13	1581.3	4.0333	4.0969	3.994	4.2958
1/28/2019	07:39:15	1582.64	4.0317	4.098	3.9947	4.2966
1/28/2019	07:39:16	1583.98	4.0328	4.0982	3.9943	4.2992
1/28/2019	07:39:18	1585.58	4.0327	4.0981	3.9969	4.2988
1/28/2019	07:39:19	1587.19	4.0333	4.0982	3.996	4.3001
1/28/2019	07:39:21	1589	4.033	4.0962	3.9953	4.2996
1/28/2019	07:39:22	1590.37	4.0338	4.0964	3.9943	4.301
1/28/2019	07:39:24	1591.97	4.0345	4.0976	3.9943	4.3009
1/28/2019	07:39:25	1593.45	4.0343	4.1	3.9938	4.2995
1/28/2019	07:39:27	1595.05	4.0347	4.1015	3.9936	4.3002
1/28/2019	07:39:29	1596.86	4.0342	4.0999	3.9946	4.2998
1/28/2019	07:39:30	1598.31	4.0347	4.099	3.9946	4.3006
1/28/2019	07:39:32	1599.7	4.0347	4.0974	3.9965	4.2999
1/28/2019	07:39:33	1601.17	4.0355	4.0982	3.9959	4.3009
1/28/2019	07:39:35	1602.95	4.0357	4.0987	3.9966	4.3036