Chamber	Time/hh:mm:ss	Logtime/min	Oxy/% air sat.	Phase/°	Amp	Temp/°C	% air-sat.	% oxygen	pO2 (hPa)	pO2 (Torr)	cO2 [mg/L]	cO2 [µmol/L]	Salinity	chlorinity	SalCorcO2 [mg/L]	SalCorcO2 [µmol/L]
1	12:09:05 PM	0.00	89.790	27.460	9030.000	29.000	87.961311	18.4278947	179.273960	134.466900	6.75351163	211.047239	35	19.3739612	5.47154536	170.985793
1	12:09:20 PM	0.25	90.380	27.390	9020.000	29.000	88.542450	18.5496432	180.458378	135.355289	6.79813038	212.441574	35	19.3739612	5.50769448	172.115452
1	12:09:35 PM	0.50	89.950	27.440	9014.000	29.000	88.126869	18.4625791	179.611384	134.719989	6.76622286	211.444464	35	19.3739612	5.48184372	171.307616
1	12:09:50 PM	0.75	88.190	27.650	9010.000	29.000	86.407487	18.1023684	176.107110	132.091560	6.63421175	207.319117	35	19.3739612	5.37489124	167.965351
1	12:10:05 PM	1.00	90.470	27.380	9010.000	29.000	88.625856	18.5671168	180.628368	135.482792	6.80453416	212.641692	35	19.3739612	5.51288268	172.277584
1	12:10:20 PM	1.25	88.190	27.650	9020.000	29.000	86.407487	18.1023684	176.107110	132.091560	6.63421175	207.319117	35	19.3739612	5.37489124	167.965351
1	12:10:35 PM	1.50	89.810	27.460	9036.000	29.000	87.961311	18.4278947	179.273960	134.466900	6.75351163	211.047239	35	19.3739612	5.47154536	170.985793
1	12:10:50 PM	1.75	91.010	27.320	9012.000	29.000	89.128336	18.6723865	181.652474	136.250937	6.84311372	213.847304	35	19.3739612	5.54413899	173.254343
1	12:11:05 PM	2.00	91.350	27.280	8995.000	29.000	89.465280	18.7429762	182.339199	136.766025	6.86898366	214.655739	35	19.3739612	5.56509824	173.909320
1	12:11:20 PM	2.25	89.750	27.470	9008.000	29.000	87.878676	18.4105827	179.105542	134.340575	6.74716707	210.848971	35	19.3739612	5.46640514	170.825161
1	12:11:35 PM	2.50	89.630	27.480	8993.000	29.000	87.796137	18.3932907	178.937319	134.214397	6.74082986	210.650933	35	19.3739612	5.46127087	170.664715
1	12:11:50 PM	2.75	91.010	27.320	9019.000	29.000	89.128336	18.6723865	181.652474	136.250937	6.84311372	213.847304	35	19.3739612	5.54413899	173.254343
1	12:12:05 PM	3.00	90.920	27.330	9005.000	29.000	89.044346	18.6547904	181.481293	136.122540	6.83666507	213.645783	35	19.3739612	5.53891443	173.091076
1	12:12:20 PM	3.25	90.140	27.420	8968.000	29.000	88.292812	18.4973441	179.949591	134.973666	6.77896364	211.842614	35	19.3739612	5.49216601	171.630188
1	12:12:35 PM	3.50	91.110	27.310	8970.000	29.000	89.212425	18.6900031	181.823855	136.379484	6.84956990	214.049059	35	19.3739612	5.54936964	173.417801
1	12:12:50 PM	3.75	93.120	27.080	8932.000	29.000	91.173831	19.1009176	185.821398	139.377895	7.00016314	218.755098	35	19.3739612	5.67137695	177.230530
1	12:13:05 PM	4.00	92.680	27.130	8921.000	29.000	90.742934	19.0106447	184.943187	138.719181	6.96707965	217.721239	35	19.3739612	5.64457344	176.392920
1	12:13:20 PM	4.25	90.780	27.350	8955.000	29.000	88.876657	18.6196597	181.139527	135.866194	6.82379026	213.243446	35	19.3739612	5.52848355	172.765111
1	12:13:35 PM	4.50	93.070	27.080	8941.000	29.000	91.173831	19.1009176	185.821398	139.377895	7.00016314	218.755098	35	19.3739612	5.67137695	177.230530
1	12:13:50 PM	4.75	91.640	27.250	8913.000	29.000	89.719022	18.7961351	182.856350	137.153921	6.88846549	215.264547	35	19.3739612	5.58088198	174.402562
1	12:14:05 PM	5.00	90.700	27.360	8888.000	29.000	88.792960	18.6021250	180.968943	135.738245	6.81736409	213.042628	35	19.3739612	5.52327720	172.602413
1	12:14:20 PM	5.25	91.660	27.240	8911.000	29.000	89.803800	18.8138961	183.029137	137.283522	6.89497461	215.467957	35	19.3739612	5.58615553	174.567360
1	12:14:35 PM	5.50	93.120	27.080	8891.000	29.000	91.173831	19.1009176	185.821398	139.377895	7.00016314	218.755098	35	19.3739612	5.67137695	177.230530
1	12:14:50 PM	5.75	91.890	27.220	8875.000	29.000	89.973654	18.8494805	183.375316	137.543178	6.90801570	215.875491	35	19.3739612	5.59672113	174.897535
1	12:15:05 PM	6.00	90.360	27.400	8889.000	29.000	88.459140	18.5321899	180.288585	135.227933	6.79173404	212.241689	35	19.3739612	5.50251231	171.953510
1	12:15:20 PM	6.25	92.340	27.170	8835.000	29.000	90.400031	18.9388065	184.244315	138.194983	6.94075216	216.898505	35	19.3739612	5.62324348	175.726359
1	12:15:35 PM	6.50	92.910	27.100	8826.000	29.000	91.001169	19.0647449	185.469495	139.113946	6.98690645	218.340827	35	19.3739612	5.66063667	176.894896
1	12:15:50 PM	6.75	91.690	27.240	8849.000	29.000	89.803800	18.8138961	183.029137	137.283522	6.89497461	215.467957	35	19.3739612	5.58615553	174.567360
1	12:16:05 PM	7.00	90.380	27.390	8831.000	29.000	88.542450	18.5496432	180.458378	135.355289	6.79813038	212.441574	35	19.3739612	5.50769448	172.115452
1	12:16:20 PM	7.25	91.950	27.210	8852.000	29.000	90.058730	18.8673040	183.548710	137.673235	6.91454768	216.079615	35	19.3739612	5.60201320	175.062912
1	12:16:35 PM	7.50	93.760	27.010	8818.000	29.000	91.781354	19.2281937	187.059590	140.306618	7.04680765	220.212739	35	19.3739612	5.70916729	178.411478
1	12:16:50 PM	7.75	96.140	26.740	8758.000	29.000	94.172208	19.7290775	191.932389	143.961529	7.23037312	225.949160	35	19.3739612	5.85788796	183.058999
1	12:17:05 PM	8.00	93.350	27.050	12364.000	29.000	91.433586	19.1553363	186.350804	139.774984	7.02010666	219.378333	35	19.3739612	5.68753474	177.735461
1	12:17:20 PM	8.25	92.690	27.130	12324.000	29.000	90.742934	19.0106447	184.943187	138.719181	6.96707965	217.721239	35	19.3739612	5.64457344	176.392920
1	12:17:35 PM	8.50	92.670	27.130	12344.000	29.000	90.742934	19.0106447	184.943187	138.719181	6.96707965	217.721239	35	19.3739612	5.64457344	176.392920
1	12:17:50 PM	8.75	94.410	26.930	12313.000	29.000	92.481823	19.3749418	188.487215	141.377428	7.10058838	221.893387	35	19.3739612	5.75273924	179.773101
1	12:18:05 PM	9.00	94.280	26.950	12300.000	29.000	92.306086	19.3381250	188.129046	141.108778	7.08709561	221.471738	35	19.3739612	5.74180771	179.431491
1	12:18:20 PM	9.25	92.850	27.110	12300.000	29.000	90.914990	19.0466904	185.293853	138.982203	6.98028976	218.134055	35	19.3739612	5.65527597	176.727374
1	12:18:35 PM	9.50	93.290	27.060	12319.000	29.000	91.346899	19.1371754	186.174128	139.642465	7.01345101	219.170344	35	19.3739612	5.68214248	177.566952
1	12:18:50 PM	9.75	92.620	27.130	12331.000	29.000	90.742934	19.0106447	184.943187	138.719181	6.96707965	217.721239	35	19.3739612	5.64457344	176.392920
1	12:19:05 PM	10.00	92.910	27.100	12314.000	29.000	91.001169	19.0647449	185.469495	139.113946	6.98690645	218.340827	35	19.3739612	5.66063667	176.894896
1	12:19:20 PM	10.25	93.600	27.020	12304.000	29.000	91.694259	19.2099472	186.882080	140.173475	7.04012062	220.003769	35	19.3739612	5.70374961	178.242175
1	12:19:35 PM	10.50	94.070	26.970	12303.000	29.000	92.130763	19.3013948	187.771720	140.840761	7.07363464	221.051082	35	19.3739612	5.73090192	179.090685
1	12:19:50 PM	10.75	93.250	27.060	12246.000	29.000	91.346899	19.1371754	186.174128	139.642465	7.01345101	219.170344	35	19.3739612	5.68214248	177.566952
1	12:20:05 PM	11.00	93.930	26.990	12282.000	29.000	91.955853	19.2647511	187.415236	140.573375	7.06020535	220.631417	35	19.3739612	5.72002181	178.750681
1	12:20:20 PM	11.25	94.020	26.980	12231.000	29.000	92.043256	19.2830622	187.593373	140.706990	7.06691604	220.841126	35	19.3739612	5.72545866	178.920583
1	12:20:35 PM	11.50	94.620	26.910	12252.000	29.000	92.657975	19.4118457	188.846231	141.646713	7.11411301	222.316032	35	19.3739612	5.76369660	180.115519
1	12:20:50 PM	11.75	94.260	26.950	12239.000	29.000	92.306086	19.3381250	188.129046	141.108778	7.08709561	221.471738	35	19.3739612	5.74180771	179.431491
1	12:21:05 PM	12.00	95.370	26.830	12230.000	29.000	93.366760	19.5603362	190.290806	142.730236	7.16853227	224.016633	35	19.3739612	5.80778588	181.493309
1	12:21:20 PM	12.25	95.860	26.770	12247.000	29.000	93.902770	19.6726303	191.383247	143.549637	7.20968615	225.302692	35	19.3739612	5.84112784	182.535245
1	12:21:35 PM	12.50	95.960	26.760	12183.000	29.000	93.992476	19.6914237	191.566078	143.686772	7.21657362	225.517926	35	19.3739612	5.84670792	182.709622
1	12:21:50 PM	12.75	97.110	26.640	12189.000	29.000	95.077301	19.9186946	193.777060	145.345150	7.29986457	228.120768	35	19.3739612	5.91418839	184.818387
1	12:22:05 PM	13.00	95.530	26.810	12188.000	29.000	93.545007	19.5976789	190.654091	143.002723	7.18221774	224.444304	35	19.3739612	5.81887354	181.839798
1	12:22:20 PM	13.25	95.330	26.830	12202.000	29.000	93.366760	19.5603362	190.290806	142.730236	7.16853227	224.016633	35	19.3739612	5.80778588	181.493309
1	12:22:35 PM	13.50	95.450	26.820	12188.000	29.000	93.455831	19.5789965	190.472341	142.866399	7.17537095	224.230342	35	19.3739612	5.81332643	181.666451
1	12:22:50 PM	13.75	95.690	26.790	12175.000	29.000	93.723676	19.6351102	191.018237	143.275856	7.19593566	224.872990	35	19.3739612	5.82998750	182.187109
1	12:23:05 PM	14.00	95.880	26.770	12147.000	29.000	93.902770	19.6726303	191.383247	143.549637	7.20968615	225.302692	35	19.3739612	5.84112784	182.535245
1	12:23:20 PM	14.25	94.270	26.950	12132.000	29.000	92.306086	19.3381250	188.129046	141.108778	7.08709561	221.471738	35	19.3739612	5.74180771	179.431491
1	12:23:35 PM	14.50	96.310	26.730	12119.000	29.000	94.262234	19.7479380	192.115872	144.099152	7.23728516	226.165161	35	19.3739612	5.86348795	183.233998
1	12:23:50 PM	14.75	95.720	26.790	12112.000	29.000	93.723676	19.6351102	191.018237	143.275856	7.19593566	224.872990	35	19.3739612	5.82998750	182.187109
1	12:24:05 PM	15.00	95.940	26.770	12079.000	29.000	93.902770	19.6726303	191.383247	143.549637	7.20968615	225.302692	35	19.3739612	5.84112784	182.535245
1	12:24:20 PM	15.25	96.860	26.670	12110.000	29.000	94.804642	19.8615726	193.221354	144.928334	7.27893030	227.466572	35	19.3739612	5.89722791	184.288372
1	12:24:35 PM	15.50	96.750	26.680	12072.000	29.000	94.713972	19.8425771	193.036559	144.789726	7.27196880	227.249025	35	19.3739612	5.89158786	184.112121
1	12:24:50 PM	15.75	96.520	26.700	12085.000	29.000	94.532955	19.8046540	192.667627	144.513004	7.25807061	226.814706	35	19.3739612	5.88032785	183.760245
1	12:25:05 PM	16.00	98.760	26.460	12083.000	29.000	96.733901	20.2657523	197.153377	147.877602	7.42705533	232.095479	35	19.3739612	6.01723553	188.038610
1	12:25:20 PM	16.25	95.400	26.820	12028.000	29.000	93.455831	19.5789965	190.472341	142.866399	7.17537095	224.230342	35	19.3739612	5.81332643	181.666451
1	12:25:35 PM	16.50	97.370	26.610	12026.000	29.000	95.350936	19.9760211	194.334755	145.763456	7.32087375	228.777305	35	19.3739612	5.93120957	185.350299
1	12:25:50 PM	16.75	96.260	26.730	12051.000	29.000	94.262234	19.7479380	192.115872	144.099152	7.23728516	226.165161	35	19.3739612	5.86348795	183.233998
1	12:26:05 PM	17.00	97.730	26.570	11994.000	29.000	95.717308	20.0527760	195.081458	146.323531	7.34900312	229.656348	35	19.3739612	5.95399936	186.062480
1	12:26:20 PM	17.25	96.260	26.730	12023.000	29.000	94.262234	19.7479380	192.115872	144.099152	7.23728516	226.165161	35	19.3739612	5.86348795	183.233998
1	12:26:35 PM	17.50	95.650	26.800	12024.000	29.000	93.634289	19.6163834	190.836056	143.139209	7.18907264	224.658520	35	19.3739612	5.82442723	182.013351
1	12:26:50 PM	17.75	97.780	26.570	12002.000	29.000	95.717308	20.0527760	195.081458	146.323531	7.34900312	229.656348	35	19.3739612	5.95399936	186.062480
1	12:27:05 PM	18.00	98.920	26.450	11970.000	29.000	96.826984	20.2852531	197.343088	148.019898	7.43420205	232.318814	35	19.3739612	6.02302564	188.219551
1	12:27:20 PM	18.25	98.380	26.500	11548.000	29.000	96.362683	20.1879821	196.396797	147.310119	7.39855387	231.204808	35	19.3739612	5.99414428	187.317009
1	12:27:35 PM	18.50	98.070	26.540	11533.000	29.000	95.993236	20.1105830	195.643828	146.745344	7.37018843	230.318388	35	19.3739612	5.97116323	186.598851
1	12:27:50 PM	18.75	97.400	26.610	11501.000	29.000	95.350936	19.9760211	194.334755	145.763456	7.32087375	228.777305	35	19.3739612	5.93120957	185.350299
1	12:28:05 PM	19.00	99.060	26.430	11029.000	29.000	97.013484	20.3243249	197.723194	148.305002	7.44852119	232.766287	35	19.3739612	6.03462669	188.582084
1	12:28:20 PM	19.25	98.790	26.460	11016.000	29.000	96.733901	20.2657523	197.153377	147.877602	7.42705533	232.095479	35	19.3739612	6.01723553	188.038610
1	12:28:35 PM	19.50	98.510	26.490	11017.000	29.000	96.455321	20.2073898	196.585603	147.451735	7.40566645	231.427077	35	19.3739612	5.99990673	187.497085
1	12:28:50 PM	19.75	98.030	26.540	10946.000	29.000	95.993236	20.1105830	195.643828	146.745344	7.37018843	230.318388	35	19.3739612	5.97116323	186.598851
1	12:29:05 PM	20.00	99.400	26.400	10947.000	29.000	97.294074	20.3831084	198.295064	148.733941	7.47006437	233.439511	35	19.3739612	6.05208050	189.127516
1	12:29:20 PM	20.25	99.060	26.430	10977.000	29.000	97.013484	20.3243249	197.723194	148.305002	7.44852119	232.766287	35	19.3739612	6.03462669	188.582084
1	12:29:35 PM	20.50	98.850	26.450	10949.000	29.000	96.826984	20.2852531	197.343088	148.019898	7.43420205	232.318814	35	19.3739612	6.02302564	188.219551
1	12:29:50 PM	20.75	98.190	26.520	10948.000	29.000	96.177739	20.1492363	196.019863	147.027394	7.38435420	230.761069	35	19.3739612	5.98264002	186.957501
1	12:30:05 PM	21.00	98.160	26.530	10974.000	29.000	96.085433	20.1298981	195.831733	146.886285	7.37726708	230.539596	35	19.3739612	5.97689819	186.778069
1	12:30:20 PM	21.25	99.060	26.430	10957.000	29.000	97.013484	20.3243249	197.723194	148.305002	7.44852119	232.766287	35	19.3739612	6.03462669	188.582084
1	12:30:35 PM	21.50	98.260	26.520	10957.000	29.000	96.177739	20.1492363	196.019863	147.027394	7.38435420	230.761069	35	19.3739612	5.98264002	186.957501
1	12:30:50 PM	21.75	97.330	26.620	10957.000	29.000	95.259616	19.9568895	194.148635	145.623855	7.31386235	228.558198	35	19.3739612	5.92552908	185.172784
1	12:31:05 PM	22.00	98.090	26.530	10953.000	29.000	96.085433	20.1298981	195.831733	146.886285	7.37726708	230.539596	35	19.3739612	5.97689819	186.778069
1	12:31:20 PM	22.25	97.950	26.550	10966.000	29.000	95.901150	20.0912910	195.456147	146.604572	7.36311823	230.097445	35	19.3739612	5.96543511	186.419847
1	12:31:35 PM	22.50	97.610	26.590	10952.000	29.000	95.533903	20.0143528	194.707661	146.043160	7.33492166	229.216302	35	19.3739612	5.94259087	185.705965
1	12:31:50 PM	22.75	98.380	26.500	10960.000	29.000	96.362683	20.1879821	196.396797	147.310119	7.39855387	231.204808	35	19.3739612	5.99414428	187.317009
1	12:32:05 PM	23.00	99.110	26.430	10998.000	29.000	97.013484	20.3243249	197.723194	148.305002	7.44852119	232.766287	35	19.3739612	6.03462669	188.582084
1	12:32:20 PM	23.25	98.330	26.510	10979.000	29.000	96.270156	20.1685976	196.208217	147.168672	7.39144979	230.982806	35	19.3739612	5.98838871	187.137147
1	12:32:35 PM	23.50	98.710	26.470	10997.000	29.000	96.640930	20.2462748	196.963892	147.735477	7.41991717	231.872412	35	19.3739612	6.01145235	187.857886
1	12:32:50 PM	23.75	97.400	26.610	10984.000	29.000	95.350936	19.9760211	194.334755	145.763456	7.32087375	228.777305	35	19.3739612	5.93120957	185.350299
1	12:33:05 PM	24.00	97.540	26.590	10993.000	29.000	95.533903	20.0143528	194.707661	146.043160	7.33492166	229.216302	35	19.3739612	5.94259087	185.705965
1	12:33:20 PM	24.25	97.740	26.570	10995.000	29.000	95.717308	20.0527760	195.081458	146.323531	7.34900312	229.656348	35	19.3739612	5.95399936	186.062480
1	12:33:35 PM	24.50	98.210	26.520	10991.000	29.000	96.177739	20.1492363	196.019863	147.027394	7.38435420	230.761069	35	19.3739612	5.98264002	186.957501
1	12:33:50 PM	24.75	97.070	26.640	11007.000	29.000	95.077301	19.9186946	193.777060	145.345150	7.29986457	228.120768	35	19.3739612	5.91418839	184.818387
1	12:34:05 PM	25.00	97.410	26.610	11025.000	29.000	95.350936	19.9760211	194.334755	145.763456	7.32087375	228.777305	35	19.3739612	5.93120957	185.350299
1	12:34:20 PM	25.25	96.960	26.660	11027.000	29.000	94.895420	19.8805906	193.406369	145.067107	7.28590008	227.684378	35	19.3739612	5.90287468	184.464834
1	12:34:35 PM	25.50	97.550	26.590	11029.000	29.000	95.533903	20.0143528	194.707661	146.043160	7.33492166	229.216302	35	19.3739612	5.94259087	185.705965
1	12:34:50 PM	25.75	96.740	26.680	11048.000	29.000	94.713972	19.8425771	193.036559	144.789726	7.27196880	227.249025	35	19.3739612	5.89158786	184.112121
1	12:35:05 PM	26.00	96.500	26.700	11032.000	29.000	94.532955	19.8046540	192.667627	144.513004	7.25807061	226.814706	35	19.3739612	5.88032785	183.760245
1	12:35:20 PM	26.25	96.750	26.680	11052.000	29.000	94.713972	19.8425771	193.036559	144.789726	7.27196880	227.249025	35	19.3739612	5.89158786	184.112121
1	12:35:35 PM	26.50	96.710	26.680	11092.000	29.000	94.713972	19.8425771	193.036559	144.789726	7.27196880	227.249025	35	19.3739612	5.89158786	184.112121
1	12:35:50 PM	26.75	97.060	26.640	11075.000	29.000	95.077301	19.9186946	193.777060	145.345150	7.29986457	228.120768	35	19.3739612	5.91418839	184.818387
1	12:36:05 PM	27.00	96.510	26.700	11094.000	29.000	94.532955	19.8046540	192.667627	144.513004	7.25807061	226.814706	35	19.3739612	5.88032785	183.760245
1	12:36:20 PM	27.25	96.790	26.670	11070.000	29.000	94.804642	19.8615726	193.221354	144.928334	7.27893030	227.466572	35	19.3739612	5.89722791	184.288372
1	12:36:35 PM	27.50	96.290	26.730	11104.000	29.000	94.262234	19.7479380	192.115872	144.099152	7.23728516	226.165161	35	19.3739612	5.86348795	183.233998
1	12:36:50 PM	27.75	96.680	26.690	11125.000	29.000	94.623409	19.8236043	192.851983	144.651283	7.26501557	227.031737	35	19.3739612	5.88595451	183.936078
1	12:37:05 PM	28.00	96.380	26.720	11092.000	29.000	94.352367	19.7668209	192.299572	144.236939	7.24420541	226.381419	35	19.3739612	5.86909458	183.409206
1	12:37:20 PM	28.25	95.320	26.830	11095.000	29.000	93.366760	19.5603362	190.290806	142.730236	7.16853227	224.016633	35	19.3739612	5.80778588	181.493309
1	12:37:35 PM	28.50	96.380	26.720	11122.000	29.000	94.352367	19.7668209	192.299572	144.236939	7.24420541	226.381419	35	19.3739612	5.86909458	183.409206
1	12:37:50 PM	28.75	95.750	26.790	11145.000	29.000	93.723676	19.6351102	191.018237	143.275856	7.19593566	224.872990	35	19.3739612	5.82998750	182.187109
1	12:38:05 PM	29.00	97.180	26.630	11152.000	29.000	95.168404	19.9377807	193.962737	145.484419	7.30685929	228.339353	35	19.3739612	5.91985536	184.995480
1	12:38:20 PM	29.25	97.110	26.640	11144.000	29.000	95.077301	19.9186946	193.777060	145.345150	7.29986457	228.120768	35	19.3739612	5.91418839	184.818387
1	12:38:35 PM	29.50	94.890	26.880	11131.000	29.000	92.922984	19.4673651	189.386346	142.051834	7.13445995	222.951874	35	19.3739612	5.78018124	180.630664
1	12:38:50 PM	29.75	95.440	26.820	11145.000	29.000	93.455831	19.5789965	190.472341	142.866399	7.17537095	224.230342	35	19.3739612	5.81332643	181.666451
1	12:39:05 PM	30.00	95.850	26.780	11202.000	29.000	93.813170	19.6538591	191.200634	143.412666	7.20280683	225.087713	35	19.3739612	5.83555437	182.361074
1	12:39:20 PM	30.25	95.570	26.810	11171.000	29.000	93.545007	19.5976789	190.654091	143.002723	7.18221774	224.444304	35	19.3739612	5.81887354	181.839798
1	12:39:35 PM	30.50	94.840	26.890	11175.000	29.000	92.834543	19.4488368	189.206095	141.916634	7.12766963	222.739676	35	19.3739612	5.77467987	180.458746
1	12:39:50 PM	30.75	95.500	26.810	11205.000	29.000	93.545007	19.5976789	190.654091	143.002723	7.18221774	224.444304	35	19.3739612	5.81887354	181.839798
1	12:40:05 PM	31.00	94.670	26.900	11198.000	29.000	92.746207	19.4303303	189.026056	141.781594	7.12088732	222.527729	35	19.3739612	5.76918499	180.287031
1	12:40:20 PM	31.25	94.410	26.930	11182.000	29.000	92.481823	19.3749418	188.487215	141.377428	7.10058838	221.893387	35	19.3739612	5.75273924	179.773101
1	12:40:35 PM	31.50	94.840	26.890	11227.000	29.000	92.834543	19.4488368	189.206095	141.916634	7.12766963	222.739676	35	19.3739612	5.77467987	180.458746
1	12:40:50 PM	31.75	94.840	26.890	11220.000	29.000	92.834543	19.4488368	189.206095	141.916634	7.12766963	222.739676	35	19.3739612	5.77467987	180.458746
1	12:41:05 PM	32.00	93.950	26.980	11206.000	29.000	92.043256	19.2830622	187.593373	140.706990	7.06691604	220.841126	35	19.3739612	5.72545866	178.920583
1	12:41:20 PM	32.25	94.250	26.950	11236.000	29.000	92.306086	19.3381250	188.129046	141.108778	7.08709561	221.471738	35	19.3739612	5.74180771	179.431491
1	12:41:35 PM	32.50	93.470	27.040	11230.000	29.000	91.520375	19.1735185	186.527688	139.907658	7.02677013	219.586567	35	19.3739612	5.69293334	177.904167
1	12:41:50 PM	32.75	93.630	27.020	11246.000	29.000	91.694259	19.2099472	186.882080	140.173475	7.04012062	220.003769	35	19.3739612	5.70374961	178.242175
1	12:42:05 PM	33.00	94.140	26.960	11270.000	29.000	92.218373	19.3197491	187.950278	140.974691	7.08036116	221.261286	35	19.3739612	5.73635160	179.260987
1	12:42:20 PM	33.25	93.370	27.050	11284.000	29.000	91.433586	19.1553363	186.350804	139.774984	7.02010666	219.378333	35	19.3739612	5.68753474	177.735461
1	12:42:35 PM	33.50	92.660	27.130	11263.000	29.000	90.742934	19.0106447	184.943187	138.719181	6.96707965	217.721239	35	19.3739612	5.64457344	176.392920
1	12:42:50 PM	33.75	93.050	27.090	11273.000	29.000	91.087449	19.0828207	185.645343	139.245843	6.99353091	218.547841	35	19.3739612	5.66600365	177.062614
1	12:43:05 PM	34.00	93.350	27.050	11285.000	29.000	91.433586	19.1553363	186.350804	139.774984	7.02010666	219.378333	35	19.3739612	5.68753474	177.735461
1	12:43:20 PM	34.25	93.310	27.060	11303.000	29.000	91.346899	19.1371754	186.174128	139.642465	7.01345101	219.170344	35	19.3739612	5.68214248	177.566952
1	12:43:35 PM	34.50	93.590	27.030	11313.000	29.000	91.607266	19.1917221	186.704780	140.040488	7.03344145	219.795045	35	19.3739612	5.69833829	178.073072
1	12:43:50 PM	34.75	92.640	27.130	11281.000	29.000	90.742934	19.0106447	184.943187	138.719181	6.96707965	217.721239	35	19.3739612	5.64457344	176.392920
1	12:44:05 PM	35.00	92.270	27.170	11305.000	29.000	90.400031	18.9388065	184.244315	138.194983	6.94075216	216.898505	35	19.3739612	5.62324348	175.726359
1	12:44:20 PM	35.25	92.520	27.150	11335.000	29.000	90.571282	18.9746835	184.593342	138.456775	6.95390048	217.309390	35	19.3739612	5.63389596	176.059249
1	12:44:35 PM	35.50	92.340	27.170	11321.000	29.000	90.400031	18.9388065	184.244315	138.194983	6.94075216	216.898505	35	19.3739612	5.62324348	175.726359
1	12:44:50 PM	35.75	93.180	27.070	11328.000	29.000	91.260314	19.1190359	185.997659	139.510103	7.00680317	218.962599	35	19.3739612	5.67675655	177.398642
1	12:45:05 PM	36.00	92.640	27.130	11346.000	29.000	90.742934	19.0106447	184.943187	138.719181	6.96707965	217.721239	35	19.3739612	5.64457344	176.392920
1	12:45:20 PM	36.25	92.080	27.200	11338.000	29.000	90.143906	18.8851482	183.722306	137.803443	6.92108731	216.283978	35	19.3739612	5.60731146	175.228483
1	12:45:35 PM	36.50	92.340	27.170	11367.000	29.000	90.400031	18.9388065	184.244315	138.194983	6.94075216	216.898505	35	19.3739612	5.62324348	175.726359
1	12:45:50 PM	36.75	91.240	27.290	10872.000	29.000	89.380897	18.7252979	182.167218	136.637027	6.86250486	214.453277	35	19.3739612	5.55984926	173.745289
1	12:46:05 PM	37.00	91.810	27.230	10845.000	29.000	89.888677	18.8316779	183.202125	137.413274	6.90149134	215.671605	35	19.3739612	5.59143524	174.732351
1	12:46:20 PM	37.25	92.020	27.200	10893.000	29.000	90.143906	18.8851482	183.722306	137.803443	6.92108731	216.283978	35	19.3739612	5.60731146	175.228483
1	12:46:35 PM	37.50	91.870	27.220	10885.000	29.000	89.973654	18.8494805	183.375316	137.543178	6.90801570	215.875491	35	19.3739612	5.59672113	174.897535
1	12:46:50 PM	37.75	91.930	27.210	10862.000	29.000	90.058730	18.8673040	183.548710	137.673235	6.91454768	216.079615	35	19.3739612	5.60201320	175.062912
1	12:47:05 PM	38.00	90.150	27.420	10868.000	29.000	88.292812	18.4973441	179.949591	134.973666	6.77896364	211.842614	35	19.3739612	5.49216601	171.630188
1	12:47:20 PM	38.25	92.870	27.110	10915.000	29.000	90.914990	19.0466904	185.293853	138.982203	6.98028976	218.134055	35	19.3739612	5.65527597	176.727374
1	12:47:35 PM	38.50	92.080	27.200	10911.000	29.000	90.143906	18.8851482	183.722306	137.803443	6.92108731	216.283978	35	19.3739612	5.60731146	175.228483
1	12:47:50 PM	38.75	90.480	27.380	10906.000	29.000	88.625856	18.5671168	180.628368	135.482792	6.80453416	212.641692	35	19.3739612	5.51288268	172.277584
1	12:48:05 PM	39.00	90.130	27.420	10924.000	29.000	88.292812	18.4973441	179.949591	134.973666	6.77896364	211.842614	35	19.3739612	5.49216601	171.630188
1	12:48:20 PM	39.25	89.830	27.460	10980.000	29.000	87.961311	18.4278947	179.273960	134.466900	6.75351163	211.047239	35	19.3739612	5.47154536	170.985793
1	12:48:35 PM	39.50	90.890	27.330	10950.000	29.000	89.044346	18.6547904	181.481293	136.122540	6.83666507	213.645783	35	19.3739612	5.53891443	173.091076
