Date	Time (HH:MM:SS)	Time (s)	Ch1	Ch2	Ch3	Ch4
1/27/2019	20:55:35	0	4.0256	4.0428	4.01	4.0766
1/27/2019	20:55:38	3.22	4.024	4.0434	4.0089	4.0765
1/27/2019	20:55:39	4.69	4.0252	4.0442	4.0067	4.0775
1/27/2019	20:55:41	6.12	4.0225	4.0428	4.0062	4.0793
1/27/2019	20:55:42	7.47	4.0238	4.0442	4.0059	4.0806
1/27/2019	20:55:44	8.97	4.0234	4.0429	4.0056	4.0825
1/27/2019	20:55:45	10.5	4.0245	4.0452	4.0075	4.0815
1/27/2019	20:55:47	12.03	4.0213	4.0446	4.008	4.0821
1/27/2019	20:55:48	13.3	4.0213	4.0438	4.0099	4.0796
1/27/2019	20:55:49	14.72	4.0196	4.0421	4.0103	4.0789
1/27/2019	20:55:51	16.05	4.0216	4.0413	4.0105	4.0767
1/27/2019	20:55:54	19.12	4.0197	4.0442	4.01	4.0773
1/27/2019	20:55:56	21.03	4.0219	4.0454	4.008	4.0772
1/27/2019	20:55:57	22.55	4.0207	4.0458	4.0081	4.0791
1/27/2019	20:55:58	23.94	4.0229	4.0432	4.0091	4.0796
1/27/2019	20:56:00	25.23	4.0191	4.0413	4.0093	4.081
1/27/2019	20:56:01	26.58	4.0219	4.0407	4.0081	4.0792
1/27/2019	20:56:03	28.12	4.0209	4.0402	4.0062	4.0806
1/27/2019	20:56:04	29.5	4.0231	4.0395	4.0063	4.081
1/27/2019	20:56:05	30.91	4.0196	4.0407	4.0079	4.0803
1/27/2019	20:56:07	32.23	4.0191	4.0407	4.007	4.0779
1/27/2019	20:56:08	33.55	4.0187	4.0404	4.004	4.078
1/27/2019	20:56:10	35.16	4.0228	4.0394	4.0028	4.0776
1/27/2019	20:56:11	36.5	4.022	4.0393	4.0036	4.0778
1/27/2019	20:56:12	37.72	4.0247	4.0394	4.005	4.0762
1/27/2019	20:56:14	39.09	4.0235	4.0385	4.0048	4.0768
1/27/2019	20:56:15	40.39	4.021	4.0384	4.0024	4.0768
1/27/2019	20:56:16	41.67	4.0176	4.0379	4.0034	4.0775
1/27/2019	20:56:18	43	4.0171	4.037	4.0017	4.0802
1/27/2019	20:56:19	44.59	4.0175	4.038	4.0035	4.0802
1/27/2019	20:56:20	45.75	4.0139	4.038	4.0037	4.0821
1/27/2019	20:56:21	46.87	4.0088	4.0397	4.0063	4.0796
1/27/2019	20:56:23	48.48	4.011	4.0388	4.0086	4.0798
1/27/2019	20:56:24	49.69	4.013	4.0386	4.0089	4.0805
1/27/2019	20:56:26	51.12	4.0136	4.0389	4.0075	4.083
1/27/2019	20:56:27	52.91	4.0076	4.0385	4.0072	4.0863
1/27/2019	20:56:29	54.23	4.0061	4.0376	4.0058	4.0847
1/27/2019	20:56:30	55.83	4.0079	4.0366	4.0057	4.0852
1/27/2019	20:56:32	57.17	4.0143	4.0376	4.0031	4.0846
1/27/2019	20:56:33	58.67	4.0135	4.0394	4.0037	4.0832
1/27/2019	20:56:35	60.09	4.0121	4.0408	4.0057	4.0795
1/27/2019	20:56:36	61.36	4.0121	4.0408	4.0063	4.0773
1/27/2019	20:56:37	62.91	4.0145	4.0406	4.0049	4.0779
1/27/2019	20:56:39	64.3	4.0141	4.039	4.0056	4.0783
1/27/2019	20:56:40	65.7	4.011	4.0397	4.0052	4.0785
1/27/2019	20:56:42	67.06	4.0118	4.0404	4.0082	4.0784
1/27/2019	20:56:43	68.48	4.0146	4.0408	4.0057	4.0802
1/27/2019	20:56:44	69.7	4.0154	4.0406	4.0065	4.0806
1/27/2019	20:56:46	71.05	4.0138	4.0408	4.0054	4.0815
1/27/2019	20:56:47	72.37	4.0126	4.0422	4.006	4.0798
1/27/2019	20:56:48	73.62	4.0109	4.0413	4.0065	4.0798
1/27/2019	20:56:50	75.02	4.0091	4.042	4.0057	4.0798
1/27/2019	20:56:51	76.22	4.0072	4.0415	4.0065	4.0785
1/27/2019	20:56:52	77.64	4.0091	4.0433	4.0066	4.0795
1/27/2019	20:56:54	79	4.0108	4.0432	4.006	4.0784
1/27/2019	20:56:55	80.47	4.0104	4.0442	4.0061	4.0795
1/27/2019	20:56:56	81.69	4.008	4.0439	4.006	4.0781
1/27/2019	20:56:58	83.03	4.0072	4.0446	4.0065	4.0794
1/27/2019	20:56:59	84.37	4.0079	4.0443	4.006	4.0799
1/27/2019	20:57:00	85.66	4.0087	4.0439	4.0061	4.0794
1/27/2019	20:57:02	87.05	4.009	4.0422	4.0069	4.079
1/27/2019	20:57:03	88.53	4.0086	4.042	4.006	4.0796
1/27/2019	20:57:05	90.02	4.0101	4.0432	4.0047	4.0791
1/27/2019	20:57:06	91.56	4.0112	4.0446	4.0034	4.0778
1/27/2019	20:57:08	92.95	4.0107	4.0448	4.0049	4.079
1/27/2019	20:57:09	94.22	4.0104	4.0419	4.0056	4.0794
1/27/2019	20:57:10	95.91	4.01	4.0417	4.0073	4.0798
1/27/2019	20:57:12	97.14	4.0121	4.0401	4.0048	4.0786
1/27/2019	20:57:13	98.47	4.0108	4.0397	4.0056	4.0796
1/27/2019	20:57:14	99.77	4.0096	4.0388	4.0037	4.0826
1/27/2019	20:57:16	101.05	4.0091	4.038	4.0041	4.0845
1/27/2019	20:57:17	102.2	4.0079	4.0394	4.0019	4.0843
1/27/2019	20:57:18	103.55	4.0079	4.0395	4.0027	4.0825
1/27/2019	20:57:20	105.48	4.0055	4.0398	4.0031	4.0821
1/27/2019	20:57:21	106.89	4.0061	4.0399	4.0045	4.0826
1/27/2019	20:57:23	108.56	4.0081	4.0416	4.0044	4.0812
1/27/2019	20:57:25	110.03	4.0097	4.0451	4.0047	4.0795
1/27/2019	20:57:26	111.53	4.0108	4.0451	4.0052	4.0776
1/27/2019	20:57:27	112.75	4.0081	4.0438	4.0065	4.0781
1/27/2019	20:57:29	113.97	4.0084	4.0416	4.0074	4.0775
1/27/2019	20:57:30	115.34	4.0095	4.0417	4.0054	4.0779
1/27/2019	20:57:31	116.66	4.0129	4.042	4.0041	4.0775
1/27/2019	20:57:33	118.17	4.0147	4.0424	4.0019	4.0784
1/27/2019	20:57:34	119.81	4.0143	4.0421	4.0026	4.078
1/27/2019	20:57:36	121.22	4.0134	4.0408	4.0021	4.0809
1/27/2019	20:57:37	122.56	4.0101	4.041	4.0025	4.0795
1/27/2019	20:57:38	123.86	4.0119	4.0415	4.0031	4.0786
1/27/2019	20:57:40	125.16	4.0117	4.0424	4.0051	4.0749
1/27/2019	20:57:41	126.92	4.0154	4.042	4.0054	4.0778
1/27/2019	20:57:43	128.11	4.0133	4.043	4.0054	4.0811
1/27/2019	20:57:44	129.5	4.0151	4.0425	4.0032	4.0823
1/27/2019	20:57:46	131.33	4.012	4.0426	4.0025	4.08
1/27/2019	20:57:47	132.61	4.0145	4.0401	4.0035	4.079
1/27/2019	20:57:49	134.16	4.014	4.0421	4.0021	4.0805
1/27/2019	20:57:50	135.87	4.0154	4.0403	4.0025	4.0826
1/27/2019	20:57:52	137.31	4.0137	4.039	3.9988	4.0831
1/27/2019	20:57:53	138.53	4.0113	4.036	3.9995	4.0847
1/27/2019	20:57:55	140.45	4.0101	4.0362	4.0007	4.085
1/27/2019	20:57:56	141.84	4.0126	4.0371	4.0016	4.0858
1/27/2019	20:57:58	143.14	4.0149	4.0357	4.001	4.084
1/27/2019	20:57:59	144.53	4.0179	4.0358	4.0005	4.0822
1/27/2019	20:58:01	146.37	4.0174	4.0359	4	4.0804
1/27/2019	20:58:02	147.67	4.0181	4.0368	4.0013	4.0764
1/27/2019	20:58:04	149.17	4.0201	4.037	3.9999	4.0767
1/27/2019	20:58:05	150.81	4.0183	4.0366	4.0007	4.0779
1/27/2019	20:58:07	152.09	4.0175	4.0371	4.0014	4.0825
1/27/2019	20:58:08	153.41	4.0153	4.0381	4.0025	4.0839
1/27/2019	20:58:10	155.55	4.0155	4.0395	4.0025	4.0817
1/27/2019	20:58:11	156.92	4.0164	4.0408	4.0009	4.0783
1/27/2019	20:58:13	158.37	4.0134	4.0408	4.0001	4.0772
1/27/2019	20:58:15	160.25	4.0121	4.0408	4.0006	4.0779
1/27/2019	20:58:16	161.83	4.0117	4.0395	4.0003	4.0777
1/27/2019	20:58:18	163.19	4.0157	4.0395	4.0013	4.0764
1/27/2019	20:58:20	164.98	4.0168	4.0395	4.001	4.0751
1/27/2019	20:58:21	166.25	4.0177	4.0398	4.0008	4.0769
1/27/2019	20:58:22	167.59	4.0149	4.038	4.0009	4.0758
1/27/2019	20:58:24	169.31	4.0168	4.0373	3.9999	4.0757
1/27/2019	20:58:26	171.02	4.0158	4.0377	4.0012	4.0742
1/27/2019	20:58:27	172.64	4.016	4.0392	4.0012	4.0753
1/27/2019	20:58:29	174.58	4.0141	4.0396	4.0011	4.0762
1/27/2019	20:58:30	175.66	4.0136	4.0389	3.9994	4.0784
1/27/2019	20:58:32	177.25	4.0131	4.0397	3.9979	4.077
1/27/2019	20:58:34	179	4.0112	4.0404	3.9979	4.0778
1/27/2019	20:58:35	180.64	4.0105	4.0428	3.9969	4.0778
1/27/2019	20:58:36	181.72	4.0118	4.0429	3.9973	4.079
1/27/2019	20:58:38	183.37	4.0104	4.042	3.9981	4.0783
1/27/2019	20:58:39	184.67	4.0091	4.0384	4.0017	4.0781
1/27/2019	20:58:41	186.08	4.0081	4.0373	4.003	4.0795
1/27/2019	20:58:42	187.72	4.009	4.0375	4.004	4.0783
1/27/2019	20:58:44	189	4.0078	4.0389	4.0018	4.0767
1/27/2019	20:58:45	190.45	4.0069	4.0383	3.9994	4.0759
1/27/2019	20:58:46	191.64	4.0078	4.0379	3.9979	4.0778
1/27/2019	20:58:48	193.59	4.0081	4.0381	3.9988	4.0806
1/27/2019	20:58:50	195.12	4.0096	4.0386	3.999	4.082
1/27/2019	20:58:51	196.55	4.0092	4.038	3.9986	4.0817
1/27/2019	20:58:52	197.78	4.0086	4.037	3.9986	4.0805
1/27/2019	20:58:54	199.22	4.0059	4.0349	4.0004	4.0774
1/27/2019	20:58:55	200.55	4.0083	4.0352	4.0022	4.0781
1/27/2019	20:58:56	201.91	4.0077	4.0352	4.0026	4.0793
1/27/2019	20:58:58	203.33	4.0069	4.0378	4.0017	4.0819
1/27/2019	20:58:59	204.75	4.0037	4.0368	3.9998	4.0816
1/27/2019	20:59:01	206.17	4.0047	4.0374	3.9999	4.0826
1/27/2019	20:59:02	207.56	4.0071	4.0361	3.9981	4.0833
1/27/2019	20:59:03	208.87	4.0079	4.0376	3.9995	4.084
1/27/2019	20:59:05	210.23	4.0083	4.038	3.9979	4.084
1/27/2019	20:59:06	211.64	4.0091	4.0387	3.9997	4.0836
1/27/2019	20:59:08	213.03	4.0087	4.0371	3.9982	4.0809
1/27/2019	20:59:09	214.52	4.0091	4.0387	3.9995	4.0767
1/27/2019	20:59:10	215.94	4.0095	4.0371	4.0003	4.0741
1/27/2019	20:59:12	217.36	4.0096	4.038	4.0013	4.0774
1/27/2019	20:59:13	218.72	4.011	4.0363	4.0001	4.0799
1/27/2019	20:59:15	220.11	4.0078	4.0373	4	4.0797
1/27/2019	20:59:16	221.62	4.007	4.0384	4.0003	4.078
1/27/2019	20:59:18	223.09	4.0061	4.0384	4.0011	4.077
1/27/2019	20:59:19	224.48	4.0099	4.0386	4.0001	4.078
1/27/2019	20:59:21	226.02	4.0094	4.0381	3.9995	4.077
1/27/2019	20:59:22	227.36	4.0104	4.0377	3.9989	4.0765
1/27/2019	20:59:23	228.59	4.0079	4.0397	3.9983	4.0759
1/27/2019	20:59:25	230	4.0112	4.0411	3.9978	4.0773
1/27/2019	20:59:26	231.45	4.0114	4.0416	3.9968	4.0772
1/27/2019	20:59:27	232.72	4.013	4.0398	3.9965	4.0769
1/27/2019	20:59:29	234.37	4.0102	4.0374	3.9961	4.0763
1/27/2019	20:59:31	236.05	4.0093	4.0377	3.9973	4.0774
1/27/2019	20:59:32	237.31	4.0099	4.0382	3.9995	4.0793
1/27/2019	20:59:33	238.73	4.0138	4.038	4.0014	4.0788
1/27/2019	20:59:35	240.08	4.0148	4.0381	4.0016	4.0777
1/27/2019	20:59:36	241.66	4.0158	4.0373	4.0006	4.0772
1/27/2019	20:59:38	243.09	4.0149	4.04	3.9983	4.0796
1/27/2019	20:59:39	244.56	4.0141	4.0399	3.9972	4.0811
1/27/2019	20:59:40	245.94	4.0125	4.0398	3.9956	4.081
1/27/2019	20:59:42	247.33	4.0118	4.0369	3.9965	4.0803
1/27/2019	20:59:43	248.73	4.0136	4.0377	3.9985	4.0783
1/27/2019	20:59:45	250.11	4.0156	4.0385	3.9996	4.0792
1/27/2019	20:59:46	251.33	4.0164	4.0408	3.9987	4.0785
1/27/2019	20:59:47	252.66	4.0157	4.0396	3.9975	4.0827
1/27/2019	20:59:49	254.19	4.0129	4.0395	3.9966	4.0824
1/27/2019	20:59:50	255.78	4.0125	4.0387	3.9979	4.0838
1/27/2019	20:59:52	257.14	4.0109	4.0396	3.9972	4.0804
1/27/2019	20:59:53	258.52	4.0137	4.0403	3.9964	4.0789
1/27/2019	20:59:55	259.95	4.0118	4.0396	3.9963	4.0775
1/27/2019	20:59:56	261.36	4.0125	4.0389	3.9961	4.076
1/27/2019	20:59:57	262.86	4.0095	4.0386	3.9976	4.0803
1/27/2019	20:59:59	264.22	4.0107	4.0385	3.9967	4.0779
1/27/2019	21:00:00	265.8	4.01	4.0378	3.9968	4.0803
1/27/2019	21:00:02	267.11	4.0104	4.0372	3.9956	4.0773
1/27/2019	21:00:03	268.42	4.0065	4.0384	3.9948	4.08
1/27/2019	21:00:04	269.86	4.0097	4.0386	3.9952	4.0795
1/27/2019	21:00:06	271.31	4.0104	4.038	3.9937	4.0783
1/27/2019	21:00:07	272.78	4.0155	4.0387	3.9924	4.0782
1/27/2019	21:00:09	274.17	4.012	4.0393	3.9919	4.0798
1/27/2019	21:00:10	275.44	4.0096	4.0399	3.9923	4.0809
1/27/2019	21:00:11	276.72	4.0067	4.0385	3.9946	4.0835
1/27/2019	21:00:13	278.11	4.0062	4.0389	3.9947	4.0818
1/27/2019	21:00:14	279.45	4.006	4.0376	3.995	4.0825
1/27/2019	21:00:15	280.94	4.0043	4.0381	3.9945	4.0797
1/27/2019	21:00:17	282.12	4.0062	4.0386	3.9964	4.0785
1/27/2019	21:00:18	283.42	4.0065	4.0401	3.9968	4.0774
1/27/2019	21:00:19	284.86	4.0088	4.0386	3.996	4.0768
1/27/2019	21:00:21	286.3	4.0065	4.0358	3.9942	4.0775
1/27/2019	21:00:22	287.61	4.0055	4.0358	3.9956	4.076
1/27/2019	21:00:24	289.08	4.002	4.0345	3.9965	4.0742
1/27/2019	21:00:25	290.45	4.0022	4.0345	3.9951	4.0742
1/27/2019	21:00:27	292.06	4.0026	4.0342	3.9939	4.0758
1/27/2019	21:00:28	293.27	4.0055	4.0359	3.9951	4.0779
1/27/2019	21:00:29	294.61	4.0046	4.0373	3.9968	4.0779
1/27/2019	21:00:31	296	4.0041	4.0375	3.9977	4.0787
1/27/2019	21:00:32	297.36	4.0025	4.0377	3.9942	4.0773
1/27/2019	21:00:33	298.75	4.0027	4.0377	3.993	4.0774
1/27/2019	21:00:35	300.03	4.0033	4.0375	3.9915	4.0761
1/27/2019	21:00:36	301.64	4.0032	4.0341	3.9923	4.0762
1/27/2019	21:00:37	302.92	4.002	4.0323	3.9921	4.0747
1/27/2019	21:00:39	304.84	3.9989	4.0313	3.9929	4.0748
1/27/2019	21:00:41	306.31	3.9997	4.0332	3.9938	4.0758
1/27/2019	21:00:42	307.75	4.0019	4.0335	3.9941	4.0778
1/27/2019	21:00:44	309.12	4.0046	4.034	3.9945	4.0785
1/27/2019	21:00:45	310.48	4.0046	4.0371	3.9944	4.0799
1/27/2019	21:00:46	311.75	4.0005	4.0389	3.9948	4.0799
1/27/2019	21:00:48	313.2	4.0001	4.0395	3.9939	4.0806
1/27/2019	21:00:49	314.56	4.0008	4.0384	3.9934	4.0803
1/27/2019	21:00:51	316.09	4.0042	4.0387	3.9921	4.081
1/27/2019	21:00:52	317.22	4.0038	4.0386	3.9923	4.0793
1/27/2019	21:00:53	318.7	4.0013	4.0389	3.9934	4.0772
1/27/2019	21:00:55	320.16	3.9992	4.0385	3.9948	4.0754
1/27/2019	21:00:56	321.53	4.0005	4.0376	3.9956	4.0772
1/27/2019	21:00:57	322.8	4.0004	4.0358	3.995	4.0774
1/27/2019	21:00:59	324.31	4.0015	4.0346	3.9929	4.0789
1/27/2019	21:01:00	325.61	4.0004	4.0355	3.9928	4.079
1/27/2019	21:01:02	326.95	4.0008	4.038	3.9932	4.0773
1/27/2019	21:01:03	328.53	4	4.0372	3.9933	4.076
1/27/2019	21:01:04	329.83	3.9982	4.0381	3.9925	4.074
1/27/2019	21:01:06	331.16	3.9983	4.0366	3.9919	4.0771
1/27/2019	21:01:07	332.37	3.9976	4.0372	3.9932	4.0798
1/27/2019	21:01:08	333.92	3.996	4.0344	3.995	4.0803
1/27/2019	21:01:10	335.37	3.9962	4.0331	3.9943	4.0809
1/27/2019	21:01:11	336.75	3.9974	4.0322	3.9942	4.0774
1/27/2019	21:01:13	338.12	3.9987	4.0333	3.992	4.0779
1/27/2019	21:01:14	339.53	3.999	4.0336	3.9923	4.0774
1/27/2019	21:01:15	340.78	3.9988	4.034	3.9913	4.0792
1/27/2019	21:01:17	342.22	3.999	4.0348	3.9925	4.0782
1/27/2019	21:01:18	343.53	3.9974	4.0349	3.9924	4.0767
1/27/2019	21:01:19	344.92	3.9979	4.0362	3.9932	4.0761
1/27/2019	21:01:21	346.28	3.9961	4.0349	3.9939	4.0757
1/27/2019	21:01:22	347.62	3.9961	4.0345	3.9945	4.075
1/27/2019	21:01:24	349.11	3.9963	4.0333	3.9939	4.0746
1/27/2019	21:01:25	350.34	3.9973	4.034	3.9929	4.0747
1/27/2019	21:01:26	351.69	3.9963	4.0334	3.9926	4.075
1/27/2019	21:01:28	353.03	3.9948	4.0328	3.9926	4.0745
1/27/2019	21:01:29	354.59	3.9944	4.0327	3.9916	4.0747
1/27/2019	21:01:31	356.03	3.9971	4.0335	3.9919	4.0762
1/27/2019	21:01:32	357.47	3.9963	4.0337	3.9941	4.0782
1/27/2019	21:01:34	359.28	3.9967	4.0323	3.9925	4.0782
1/27/2019	21:01:35	360.58	3.9944	4.0307	3.9926	4.0768
1/27/2019	21:01:37	362.12	3.9966	4.0305	3.9905	4.0745
1/27/2019	21:01:38	363.59	4.0006	4.0324	3.9925	4.0746
1/27/2019	21:01:39	364.86	4.0026	4.0349	3.992	4.0762
1/27/2019	21:01:41	366.36	4.0018	4.0344	3.993	4.0745
1/27/2019	21:01:42	367.86	4.0012	4.0327	3.9914	4.0747
1/27/2019	21:01:44	369.12	4.0015	4.0341	3.9906	4.0742
1/27/2019	21:01:45	370.7	4.0023	4.0362	3.9884	4.0768
1/27/2019	21:01:47	372.02	4.0006	4.0385	3.9903	4.0753
1/27/2019	21:01:48	373.73	3.9978	4.0359	3.9895	4.0753
1/27/2019	21:01:50	375	3.9959	4.0351	3.9901	4.074
1/27/2019	21:01:51	376.36	3.9963	4.0329	3.9894	4.0734
1/27/2019	21:01:52	377.67	3.9965	4.0329	3.993	4.0719
1/27/2019	21:01:54	378.98	3.9977	4.0337	3.9927	4.0726
1/27/2019	21:01:55	380.3	3.9977	4.034	3.9927	4.0739
1/27/2019	21:01:56	381.67	3.9986	4.0348	3.9908	4.0732
1/27/2019	21:01:58	383.08	3.9966	4.0353	3.9905	4.0722
1/27/2019	21:01:59	384.81	3.9967	4.035	3.9884	4.0732
1/27/2019	21:02:01	386.19	3.9981	4.0345	3.9866	4.0742
1/27/2019	21:02:02	387.33	3.9988	4.0322	3.9875	4.0758
1/27/2019	21:02:03	388.89	3.9999	4.0321	3.989	4.075
1/27/2019	21:02:05	390.25	3.997	4.032	3.9895	4.075
1/27/2019	21:02:06	391.66	3.9988	4.0338	3.9879	4.0742
1/27/2019	21:02:08	392.98	3.9946	4.0324	3.9868	4.0743
1/27/2019	21:02:09	394.39	3.9957	4.031	3.9863	4.0741
1/27/2019	21:02:10	395.7	3.9944	4.0285	3.9878	4.0737
1/27/2019	21:02:12	397.16	3.9946	4.0323	3.9878	4.0736
1/27/2019	21:02:13	398.42	3.9957	4.032	3.9871	4.073
1/27/2019	21:02:14	399.7	3.9956	4.0346	3.9871	4.0734
1/27/2019	21:02:16	401	3.9965	4.0324	3.9877	4.0729
1/27/2019	21:02:17	402.53	3.994	4.0339	3.9876	4.0741
1/27/2019	21:02:18	403.84	3.995	4.0337	3.9871	4.0745
1/27/2019	21:02:20	405.09	3.9941	4.0337	3.9865	4.0756
1/27/2019	21:02:21	406.47	3.9953	4.0329	3.9889	4.0751
1/27/2019	21:02:23	408.02	3.9939	4.0306	3.9894	4.0751
1/27/2019	21:02:24	409.69	3.9937	4.0305	3.9894	4.0735
1/27/2019	21:02:26	410.98	3.9937	4.0311	3.9874	4.073
1/27/2019	21:02:27	412.33	3.9925	4.0311	3.9874	4.0726
1/27/2019	21:02:29	413.98	3.9908	4.031	3.9884	4.073
1/27/2019	21:02:30	415.25	3.9916	4.0302	3.9889	4.0711
1/27/2019	21:02:31	416.92	3.9921	4.031	3.9876	4.0703
1/27/2019	21:02:33	418.14	3.994	4.0321	3.9866	4.0719
1/27/2019	21:02:34	419.48	3.9931	4.031	3.9866	4.0748
1/27/2019	21:02:35	420.84	3.991	4.029	3.9876	4.0771
1/27/2019	21:02:37	422.3	3.9899	4.0265	3.9885	4.0742
1/27/2019	21:02:38	423.5	3.9904	4.0266	3.9869	4.0719
1/27/2019	21:02:39	424.78	3.9914	4.0273	3.987	4.07
1/27/2019	21:02:41	426.14	3.9936	4.0277	3.9863	4.0721
1/27/2019	21:02:42	427.64	3.9916	4.0287	3.9851	4.0725
1/27/2019	21:02:43	428.94	3.991	4.0293	3.9842	4.0715
1/27/2019	21:02:45	430.27	3.9874	4.0319	3.9822	4.071
1/27/2019	21:02:46	431.61	3.9887	4.0318	3.984	4.0719
1/27/2019	21:02:47	432.91	3.9883	4.0332	3.9823	4.0732
1/27/2019	21:02:49	434.3	3.9915	4.0317	3.9842	4.071
1/27/2019	21:02:50	435.81	3.9933	4.0317	3.9834	4.0712
1/27/2019	21:02:52	437.23	3.9928	4.0302	3.9861	4.0715
1/27/2019	21:02:53	438.7	3.9893	4.03	3.9852	4.0725
1/27/2019	21:02:54	439.94	3.9864	4.0305	3.9867	4.072
1/27/2019	21:02:56	441.22	3.9885	4.0306	3.9858	4.072
1/27/2019	21:02:57	442.7	3.9905	4.0291	3.9854	4.0712
1/27/2019	21:02:59	444.09	3.9872	4.0282	3.9845	4.0688
1/27/2019	21:03:00	445.42	3.985	4.0283	3.983	4.0679
1/27/2019	21:03:01	446.92	3.9844	4.0308	3.9829	4.0722
1/27/2019	21:03:03	448.28	3.9872	4.031	3.9847	4.0744
1/27/2019	21:03:04	449.87	3.9873	4.0323	3.9843	4.0746
1/27/2019	21:03:06	451.22	3.9849	4.0315	3.9835	4.0719
1/27/2019	21:03:07	452.55	3.9856	4.0301	3.9812	4.0715
1/27/2019	21:03:08	453.81	3.9862	4.0282	3.9834	4.0699
1/27/2019	21:03:10	455.17	3.988	4.0279	3.9849	4.07
1/27/2019	21:03:11	456.52	3.987	4.029	3.9833	4.0684
1/27/2019	21:03:12	457.86	3.9866	4.0291	3.9826	4.0688
1/27/2019	21:03:14	459.66	3.9868	4.029	3.9815	4.0683
1/27/2019	21:03:16	461	3.9854	4.0287	3.9842	4.0714
1/27/2019	21:03:17	462.47	3.9849	4.0297	3.9834	4.0734
1/27/2019	21:03:18	463.89	3.9865	4.0299	3.984	4.0726
1/27/2019	21:03:20	465.27	3.9865	4.0284	3.9817	4.0702
1/27/2019	21:03:21	466.75	3.9876	4.0273	3.982	4.0692
1/27/2019	21:03:23	468.11	3.9869	4.0275	3.983	4.0697
1/27/2019	21:03:24	469.56	3.9861	4.03	3.9837	4.0722
1/27/2019	21:03:26	471	3.9831	4.0295	3.9838	4.071
1/27/2019	21:03:27	472.22	3.9813	4.0288	3.982	4.071
1/27/2019	21:03:28	473.44	3.9811	4.0277	3.9804	4.0689
1/27/2019	21:03:29	474.87	3.9847	4.0274	3.9791	4.0691
1/27/2019	21:03:31	476.23	3.9842	4.0272	3.9784	4.071
1/27/2019	21:03:33	478.23	3.9863	4.0269	3.9791	4.0708
1/27/2019	21:03:34	479.59	3.9851	4.027	3.9785	4.0705
1/27/2019	21:03:36	481	3.9852	4.0243	3.9797	4.0686
1/27/2019	21:03:37	482.34	3.9818	4.0223	3.9813	4.0689
1/27/2019	21:03:38	483.8	3.9816	4.0221	3.9826	4.0702
1/27/2019	21:03:40	485.11	3.9823	4.024	3.9817	4.0699
1/27/2019	21:03:41	486.62	3.9835	4.025	3.9807	4.0687
1/27/2019	21:03:43	488.42	3.9818	4.0242	3.9797	4.0661
1/27/2019	21:03:44	489.84	3.9821	4.0239	3.9802	4.0662
1/27/2019	21:03:46	491.16	3.9805	4.0242	3.9792	4.0688
1/27/2019	21:03:47	492.5	3.978	4.0246	3.9789	4.0717
1/27/2019	21:03:48	493.84	3.9776	4.0264	3.9776	4.0714
1/27/2019	21:03:50	495.3	3.9781	4.0267	3.9786	4.0703
1/27/2019	21:03:51	496.69	3.9823	4.0273	3.9788	4.0703
1/27/2019	21:03:53	498.05	3.9827	4.0273	3.9785	4.0719
1/27/2019	21:03:54	499.36	3.9819	4.0275	3.9796	4.0729
1/27/2019	21:03:56	500.97	3.9789	4.0277	3.9788	4.0735
1/27/2019	21:03:57	502.2	3.9783	4.0286	3.9802	4.072
1/27/2019	21:03:58	503.73	3.9805	4.0292	3.9785	4.0703
1/27/2019	21:03:59	504.87	3.9814	4.0303	3.9778	4.0676
1/27/2019	21:04:01	506.36	3.9829	4.0293	3.9765	4.0665
1/27/2019	21:04:02	507.56	3.9833	4.0279	3.9769	4.0675
1/27/2019	21:04:04	509.17	3.9831	4.0275	3.9785	4.0687
1/27/2019	21:04:05	510.53	3.9791	4.0268	3.9778	4.0704
1/27/2019	21:04:07	512	3.9758	4.0275	3.9785	4.0697
1/27/2019	21:04:08	513.41	3.9763	4.0263	3.9784	4.068
1/27/2019	21:04:09	514.77	3.9756	4.0259	3.9784	4.0667
1/27/2019	21:04:11	516.12	3.9788	4.0276	3.977	4.0662
1/27/2019	21:04:12	517.62	3.9783	4.0273	3.9762	4.0672
1/27/2019	21:04:13	518.92	3.9807	4.0269	3.9778	4.0684
1/27/2019	21:04:15	520.31	3.9795	4.0265	3.9778	4.0693
1/27/2019	21:04:16	521.59	3.9776	4.0273	3.9785	4.0698
1/27/2019	21:04:18	523.2	3.9771	4.0268	3.9797	4.0694
1/27/2019	21:04:19	524.89	3.9787	4.0243	3.9796	4.0692
1/27/2019	21:04:21	526.16	3.9793	4.0247	3.9794	4.0702
1/27/2019	21:04:22	527.53	3.9791	4.0254	3.9772	4.0691
1/27/2019	21:04:24	528.97	3.9763	4.0254	3.9783	4.0688
1/27/2019	21:04:25	530.53	3.9767	4.0234	3.976	4.0686
1/27/2019	21:04:26	531.81	3.9762	4.0219	3.9769	4.0685
1/27/2019	21:04:28	533.16	3.9795	4.0205	3.9757	4.0681
1/27/2019	21:04:29	534.75	3.9789	4.0209	3.9772	4.0671
1/27/2019	21:04:31	536.12	3.9818	4.0215	3.9762	4.0666
1/27/2019	21:04:32	537.56	3.9767	4.0238	3.9753	4.0673
1/27/2019	21:04:33	538.78	3.98	4.0227	3.9744	4.065
1/27/2019	21:04:35	540.14	3.9782	4.0242	3.9747	4.0667
1/27/2019	21:04:36	541.53	3.9801	4.0231	3.9752	4.0666
1/27/2019	21:04:37	542.94	3.9767	4.0242	3.9767	4.0683
1/27/2019	21:04:39	544.41	3.9776	4.0224	3.9758	4.0691
1/27/2019	21:04:40	545.75	3.9796	4.0231	3.9747	4.0681
1/27/2019	21:04:42	547.3	3.9821	4.023	3.9737	4.0666
1/27/2019	21:04:44	549.08	3.9793	4.0245	3.9737	4.0646
1/27/2019	21:04:45	550.27	3.98	4.022	3.9731	4.0639
1/27/2019	21:04:46	551.66	3.9792	4.0213	3.9726	4.0658
1/27/2019	21:04:48	553.06	3.9788	4.0201	3.973	4.0671
1/27/2019	21:04:49	554.47	3.976	4.0217	3.9753	4.0703
1/27/2019	21:04:50	555.89	3.9768	4.0217	3.9756	4.0702
1/27/2019	21:04:52	557.27	3.9801	4.0214	3.9756	4.0678
1/27/2019	21:04:53	558.67	3.9791	4.0204	3.9742	4.0676
1/27/2019	21:04:55	559.98	3.9807	4.0201	3.9734	4.0681
1/27/2019	21:04:56	561.36	3.9787	4.0202	3.974	4.0702
1/27/2019	21:04:57	562.61	3.9804	4.0198	3.9747	4.0662
1/27/2019	21:04:58	563.94	3.9745	4.0209	3.9753	4.0624
1/27/2019	21:05:00	565.52	3.9763	4.0214	3.9733	4.0609
1/27/2019	21:05:01	566.8	3.9742	4.0224	3.9733	4.0623
1/27/2019	21:05:03	568.17	3.977	4.0213	3.9706	4.0665
1/27/2019	21:05:04	569.45	3.9758	4.0207	3.9699	4.0678
1/27/2019	21:05:05	570.87	3.9759	4.022	3.9692	4.0696
1/27/2019	21:05:08	573.14	3.9758	4.0233	3.9706	4.0683
1/27/2019	21:05:09	574.22	3.9746	4.0249	3.9717	4.0671
1/27/2019	21:05:10	575.66	3.9763	4.0253	3.9716	4.0651
1/27/2019	21:05:12	577	3.9766	4.0258	3.9721	4.0644
1/27/2019	21:05:13	578.39	3.9754	4.0235	3.9718	4.0656
1/27/2019	21:05:15	580.23	3.9735	4.0217	3.9691	4.0661
1/27/2019	21:05:16	581.37	3.9732	4.0213	3.9691	4.0669
1/27/2019	21:05:17	582.7	3.9744	4.0209	3.9682	4.0654
1/27/2019	21:05:19	584.05	3.9763	4.0214	3.9699	4.0644
1/27/2019	21:05:20	585.44	3.9766	4.021	3.9675	4.0644
1/27/2019	21:05:21	586.77	3.975	4.0234	3.9687	4.0667
1/27/2019	21:05:23	588.12	3.9699	4.0251	3.9666	4.0682
1/27/2019	21:05:24	589.5	3.9677	4.025	3.9683	4.0674
1/27/2019	21:05:25	590.84	3.967	4.0235	3.9682	4.0651
1/27/2019	21:05:27	592.12	3.9716	4.0209	3.9705	4.0635
1/27/2019	21:05:28	593.42	3.9707	4.0208	3.9692	4.0642
1/27/2019	21:05:29	594.89	3.9723	4.0209	3.9666	4.0642
1/27/2019	21:05:31	596.34	3.9715	4.0224	3.9666	4.0645
1/27/2019	21:05:32	597.56	3.9735	4.0231	3.9662	4.0638
1/27/2019	21:05:33	598.83	3.9718	4.0224	3.9665	4.0635
1/27/2019	21:05:35	600.27	3.9706	4.0219	3.9654	4.0632
1/27/2019	21:05:36	601.72	3.9672	4.0213	3.9659	4.0611
1/27/2019	21:05:38	603.23	3.9676	4.0226	3.9665	4.063
1/27/2019	21:05:39	604.59	3.9676	4.0216	3.9668	4.0631
1/27/2019	21:05:41	605.95	3.9698	4.0207	3.9668	4.0657
1/27/2019	21:05:42	607.52	3.9712	4.0181	3.967	4.0631
1/27/2019	21:05:44	609.16	3.971	4.0178	3.9669	4.0658
1/27/2019	21:05:45	610.47	3.9709	4.016	3.9673	4.0655
1/27/2019	21:05:47	612.08	3.9716	4.0155	3.9668	4.0673
1/27/2019	21:05:48	613.69	3.9723	4.0154	3.9657	4.0653
1/27/2019	21:05:49	614.83	3.9735	4.0165	3.9649	4.0645
1/27/2019	21:05:51	616.37	3.9706	4.0179	3.9641	4.0622
1/27/2019	21:05:53	617.98	3.9705	4.0181	3.9645	4.0619
1/27/2019	21:05:54	619.44	3.9677	4.0197	3.9632	4.0616
1/27/2019	21:05:55	620.8	3.9672	4.0196	3.9625	4.0622
1/27/2019	21:05:57	622.02	3.9683	4.0208	3.9623	4.0619
1/27/2019	21:05:58	623.47	3.9688	4.0213	3.9645	4.0621
1/27/2019	21:06:00	625.14	3.9703	4.0218	3.9651	4.0605
1/27/2019	21:06:01	626.42	3.9677	4.0205	3.9659	4.0623
1/27/2019	21:06:02	627.83	3.9693	4.0172	3.9638	4.0627
1/27/2019	21:06:04	629.19	3.9701	4.0173	3.9643	4.0671
1/27/2019	21:06:05	630.56	3.9728	4.0183	3.9642	4.0677
1/27/2019	21:06:06	631.89	3.9722	4.0209	3.9658	4.068
1/27/2019	21:06:08	633.19	3.9718	4.0201	3.9643	4.0639
1/27/2019	21:06:09	634.69	3.9699	4.0193	3.9624	4.0608
1/27/2019	21:06:11	636.06	3.9686	4.0173	3.9611	4.0614
1/27/2019	21:06:12	637.47	3.9696	4.0155	3.9624	4.0631
1/27/2019	21:06:13	638.83	3.9692	4.0142	3.9633	4.0632
1/27/2019	21:06:15	640.17	3.9706	4.0146	3.9628	4.0618
1/27/2019	21:06:16	641.52	3.9694	4.0145	3.9615	4.0611
1/27/2019	21:06:18	643.09	3.9693	4.0154	3.9613	4.0627
1/27/2019	21:06:19	644.55	3.9675	4.0163	3.9623	4.0627
1/27/2019	21:06:20	645.92	3.968	4.0187	3.9622	4.0612
1/27/2019	21:06:22	647.31	3.9681	4.0177	3.9608	4.0603
1/27/2019	21:06:23	648.7	3.9707	4.0174	3.9605	4.0617
1/27/2019	21:06:25	649.98	3.9679	4.0177	3.9609	4.0631
1/27/2019	21:06:26	651.48	3.966	4.0181	3.9615	4.0622
1/27/2019	21:06:27	652.91	3.965	4.0182	3.9615	4.0597
1/27/2019	21:06:29	654.28	3.9685	4.0163	3.9595	4.0596
1/27/2019	21:06:30	655.69	3.9702	4.0159	3.9596	4.0591
1/27/2019	21:06:32	657.62	3.9716	4.0134	3.959	4.0611
1/27/2019	21:06:33	658.92	3.9702	4.0149	3.959	4.0633
1/27/2019	21:06:35	660.45	3.9723	4.0146	3.9591	4.0635
1/27/2019	21:06:36	661.94	3.9702	4.0172	3.9597	4.0627
1/27/2019	21:06:38	663.47	3.9711	4.0163	3.9606	4.0599
1/27/2019	21:06:39	664.72	3.9688	4.0183	3.9596	4.0599
1/27/2019	21:06:41	666.2	3.9677	4.0191	3.9595	4.0595
1/27/2019	21:06:42	667.45	3.965	4.0213	3.96	4.0586
1/27/2019	21:06:43	668.75	3.962	4.0205	3.9616	4.0601
1/27/2019	21:06:45	670.06	3.9622	4.0192	3.9616	4.06
1/27/2019	21:06:46	671.66	3.9621	4.0179	3.9622	4.0608
1/27/2019	21:06:47	672.87	3.9635	4.0169	3.9614	4.0584
1/27/2019	21:06:49	674.25	3.9625	4.0163	3.9607	4.0575
1/27/2019	21:06:50	675.87	3.9627	4.0156	3.9578	4.0581
1/27/2019	21:06:52	677.11	3.9629	4.0163	3.958	4.0592
1/27/2019	21:06:53	678.62	3.9639	4.0151	3.9575	4.0602
1/27/2019	21:06:55	680.27	3.9647	4.0146	3.9581	4.0589
1/27/2019	21:06:56	681.42	3.9668	4.014	3.9568	4.0594
1/27/2019	21:06:58	683.2	3.966	4.0137	3.9566	4.0584
1/27/2019	21:06:59	684.73	3.9649	4.014	3.9579	4.0592
1/27/2019	21:07:01	686.08	3.963	4.0137	3.9575	4.0574
1/27/2019	21:07:02	687.44	3.9629	4.0151	3.9589	4.058
1/27/2019	21:07:03	688.73	3.9628	4.0133	3.9582	4.059
1/27/2019	21:07:05	690.12	3.9638	4.0149	3.9588	4.059
1/27/2019	21:07:07	692.06	3.9647	4.0145	3.9558	4.0586
1/27/2019	21:07:08	693.44	3.9697	4.0159	3.9558	4.0575
1/27/2019	21:07:10	694.97	3.9699	4.0142	3.9562	4.0581
1/27/2019	21:07:11	696.25	3.9712	4.0149	3.9577	4.0558
1/27/2019	21:07:12	697.91	3.9649	4.0128	3.9572	4.0561
1/27/2019	21:07:14	699.61	3.9653	4.0129	3.9562	4.0554
1/27/2019	21:07:15	700.89	3.9629	4.0118	3.9559	4.0584
1/27/2019	21:07:17	702.34	3.963	4.0129	3.955	4.06
1/27/2019	21:07:18	703.78	3.9623	4.0138	3.9554	4.0612
1/27/2019	21:07:20	705.25	3.9623	4.0146	3.9552	4.0611
1/27/2019	21:07:21	706.58	3.9616	4.0151	3.9548	4.058
1/27/2019	21:07:22	707.73	3.9616	4.0155	3.9546	4.0589
1/27/2019	21:07:23	708.92	3.96	4.0138	3.9535	4.0558
1/27/2019	21:07:25	710.23	3.9617	4.0135	3.953	4.0556
1/27/2019	21:07:26	711.56	3.9601	4.0102	3.9524	4.0509
1/27/2019	21:07:27	712.81	3.9605	4.01	3.9538	4.0519
1/27/2019	21:07:30	715.06	3.9582	4.0097	3.9549	4.0527
1/27/2019	21:07:31	716.8	3.9561	4.0117	3.9567	4.0548
1/27/2019	21:07:33	718.17	3.9571	4.0118	3.9553	4.0551
1/27/2019	21:07:34	719.78	3.9597	4.0103	3.9558	4.0549
1/27/2019	21:07:36	721.05	3.9635	4.0082	3.9552	4.057
1/27/2019	21:07:37	722.39	3.9644	4.0086	3.9566	4.0596
1/27/2019	21:07:38	723.84	3.9637	4.0114	3.9564	4.0605
1/27/2019	21:07:40	725.47	3.9632	4.0127	3.9536	4.0578
1/27/2019	21:07:41	726.67	3.9617	4.014	3.9532	4.0543
1/27/2019	21:07:43	728.06	3.9609	4.0139	3.954	4.0522
1/27/2019	21:07:44	729.53	3.9608	4.0136	3.9567	4.054
1/27/2019	21:07:45	730.87	3.9615	4.0143	3.9551	4.0573
1/27/2019	21:07:47	732.12	3.9598	4.0137	3.9532	4.0587
1/27/2019	21:07:48	733.61	3.9589	4.0157	3.9512	4.0586
1/27/2019	21:07:49	734.94	3.9589	4.0145	3.951	4.0567
1/27/2019	21:07:51	736.36	3.9596	4.0157	3.9499	4.057
1/27/2019	21:07:52	737.58	3.9608	4.0156	3.95	4.0569
1/27/2019	21:07:54	739.44	3.9609	4.0167	3.9493	4.0555
1/27/2019	21:07:55	740.87	3.9622	4.0157	3.9518	4.0532
1/27/2019	21:07:57	742.16	3.9602	4.0162	3.9518	4.0518
1/27/2019	21:07:58	743.59	3.9615	4.0136	3.9523	4.0516
1/27/2019	21:07:59	744.94	3.9611	4.0135	3.9523	4.0539
1/27/2019	21:08:01	746.33	3.9599	4.0126	3.9517	4.0543
1/27/2019	21:08:02	747.66	3.9565	4.0132	3.9517	4.0561
1/27/2019	21:08:04	749.25	3.9544	4.0125	3.9508	4.0553
1/27/2019	21:08:05	750.91	3.9572	4.0114	3.952	4.0542
1/27/2019	21:08:07	752.53	3.9565	4.0132	3.9522	4.0531
1/27/2019	21:08:08	753.87	3.957	4.0145	3.9514	4.0512
1/27/2019	21:08:10	755.52	3.9552	4.0113	3.9499	4.0505
1/27/2019	21:08:12	756.98	3.9569	4.0096	3.9498	4.0486
1/27/2019	21:08:13	758.45	3.9578	4.0089	3.9502	4.0499
1/27/2019	21:08:14	759.78	3.9587	4.0113	3.9486	4.049
1/27/2019	21:08:16	761.28	3.9599	4.0096	3.9507	4.0521
1/27/2019	21:08:17	762.81	3.9597	4.0089	3.9503	4.0502
1/27/2019	21:08:19	764.62	3.9582	4.0084	3.9532	4.0522
1/27/2019	21:08:21	766.05	3.9556	4.0099	3.9527	4.0493
1/27/2019	21:08:22	767.31	3.9581	4.0107	3.9523	4.05
1/27/2019	21:08:23	768.58	3.9581	4.0085	3.952	4.0494
1/27/2019	21:08:25	770.03	3.9566	4.0079	3.9503	4.0499
1/27/2019	21:08:26	771.34	3.9538	4.0062	3.9506	4.0502
1/27/2019	21:08:27	772.69	3.9532	4.0077	3.9489	4.052
1/27/2019	21:08:29	774	3.9573	4.0074	3.9485	4.0537
1/27/2019	21:08:30	775.45	3.9568	4.007	3.9469	4.0532
1/27/2019	21:08:32	777.09	3.9577	4.0079	3.9484	4.0522
1/27/2019	21:08:33	778.58	3.9564	4.0083	3.9484	4.0511
1/27/2019	21:08:34	779.89	3.9557	4.0074	3.9495	4.0529
1/27/2019	21:08:36	781.53	3.9543	4.0063	3.9474	4.0527
1/27/2019	21:08:37	782.77	3.9527	4.0063	3.9471	4.0527
1/27/2019	21:08:39	783.98	3.9517	4.0063	3.9447	4.0515
1/27/2019	21:08:40	785.39	3.9501	4.0074	3.9457	4.0501
1/27/2019	21:08:41	786.86	3.9513	4.0062	3.9439	4.0491
1/27/2019	21:08:43	788.34	3.9514	4.007	3.9456	4.0494
1/27/2019	21:08:44	789.67	3.9528	4.0058	3.9441	4.0502
1/27/2019	21:08:46	791.12	3.9529	4.0057	3.9452	4.0489
1/27/2019	21:08:47	792.62	3.9542	4.0073	3.9441	4.0485
1/27/2019	21:08:48	793.89	3.9522	4.0086	3.9453	4.0496
1/27/2019	21:08:50	795.58	3.9511	4.0117	3.9432	4.0507
1/27/2019	21:08:52	796.98	3.9525	4.0112	3.9447	4.051
1/27/2019	21:08:53	798.58	3.9541	4.0116	3.9439	4.0502
1/27/2019	21:08:54	799.81	3.9534	4.0093	3.947	4.0512
1/27/2019	21:08:56	801.16	3.9508	4.01	3.9462	4.051
1/27/2019	21:08:57	802.53	3.9526	4.01	3.9471	4.0499
1/27/2019	21:08:58	803.91	3.9522	4.0103	3.9451	4.0507
1/27/2019	21:09:00	805.31	3.9518	4.008	3.9443	4.0491
1/27/2019	21:09:01	806.75	3.9512	4.0084	3.9429	4.0484
1/27/2019	21:09:03	808.14	3.953	4.0088	3.9433	4.0463
1/27/2019	21:09:04	809.39	3.9535	4.0118	3.9428	4.0477
1/27/2019	21:09:05	810.83	3.9503	4.0116	3.9424	4.0496
1/27/2019	21:09:07	812.19	3.9496	4.0106	3.942	4.0515
1/27/2019	21:09:08	813.47	3.9491	4.0097	3.9419	4.0525
1/27/2019	21:09:09	814.94	3.9525	4.0082	3.9423	4.0521
1/27/2019	21:09:11	816.28	3.949	4.0086	3.9422	4.0504
1/27/2019	21:09:12	817.64	3.9472	4.0073	3.9429	4.0481
1/27/2019	21:09:14	818.97	3.9477	4.0079	3.9432	4.0478
1/27/2019	21:09:15	820.2	3.9513	4.0071	3.9441	4.0478
1/27/2019	21:09:16	821.67	3.9545	4.0066	3.9446	4.0474
1/27/2019	21:09:18	823.09	3.9552	4.0066	3.944	4.0459
1/27/2019	21:09:19	824.34	3.9542	4.0072	3.9438	4.0456
1/27/2019	21:09:20	825.86	3.9543	4.0076	3.9424	4.0461
1/27/2019	21:09:22	827.25	3.9554	4.0075	3.9411	4.0473
1/27/2019	21:09:23	828.73	3.9543	4.007	3.9401	4.048
1/27/2019	21:09:25	830.28	3.9549	4.0071	3.942	4.0493
1/27/2019	21:09:26	831.66	3.9486	4.009	3.9438	4.048
1/27/2019	21:09:28	833.05	3.9477	4.0098	3.946	4.0494
1/27/2019	21:09:29	834.36	3.9478	4.0094	3.9457	4.0466
1/27/2019	21:09:30	835.77	3.9498	4.0067	3.946	4.0469
1/27/2019	21:09:32	837.08	3.9489	4.0062	3.9446	4.0469
1/27/2019	21:09:33	838.5	3.9461	4.0056	3.9447	4.0495
1/27/2019	21:09:34	839.73	3.9456	4.0045	3.9431	4.05
1/27/2019	21:09:36	841.23	3.9481	4.0047	3.9442	4.0478
1/27/2019	21:09:37	842.8	3.9481	4.0048	3.9421	4.0469
1/27/2019	21:09:39	844.12	3.9476	4.0065	3.9436	4.0455
1/27/2019	21:09:40	845.56	3.9453	4.0058	3.941	4.0462
1/27/2019	21:09:42	846.98	3.9456	4.0058	3.9421	4.0467
1/27/2019	21:09:43	848.31	3.9455	4.0065	3.9417	4.0477
1/27/2019	21:09:44	849.67	3.9464	4.0062	3.9428	4.0462
1/27/2019	21:09:46	851.11	3.9461	4.0054	3.9408	4.0455
1/27/2019	21:09:47	852.44	3.9456	4.0036	3.9406	4.0451
1/27/2019	21:09:48	853.81	3.9452	4.0037	3.94	4.0463
1/27/2019	21:09:50	855.19	3.9452	4.0038	3.9435	4.0468
1/27/2019	21:09:51	856.56	3.9454	4.0021	3.9421	4.0486
1/27/2019	21:09:53	858.05	3.9432	4.002	3.9431	4.0488
1/27/2019	21:09:54	859.56	3.9408	4.0031	3.9403	4.0485
1/27/2019	21:09:55	860.8	3.9393	4.0049	3.9415	4.0473
1/27/2019	21:09:57	862.28	3.9407	4.006	3.9399	4.0468
1/27/2019	21:09:59	864.11	3.9392	4.0066	3.9393	4.0466
1/27/2019	21:10:00	865.55	3.9399	4.0076	3.9363	4.0455
1/27/2019	21:10:01	866.86	3.9406	4.008	3.9372	4.0455
1/27/2019	21:10:03	868.12	3.9432	4.0053	3.9383	4.0471
1/27/2019	21:10:04	869.48	3.9423	4.0026	3.9403	4.0473
1/27/2019	21:10:06	871.42	3.9425	4.0014	3.9394	4.0477
1/27/2019	21:10:07	872.8	3.9425	4.0019	3.9391	4.0454
1/27/2019	21:10:09	874.47	3.9433	4.0034	3.939	4.0454
1/27/2019	21:10:10	875.81	3.9424	4.0028	3.9385	4.045
1/27/2019	21:10:12	877.36	3.942	4.0035	3.9375	4.0437
1/27/2019	21:10:13	878.8	3.9422	4.0039	3.9379	4.0439
1/27/2019	21:10:15	880.06	3.9422	4.0037	3.937	4.0429
1/27/2019	21:10:16	881.53	3.9428	4.0017	3.9365	4.0438
1/27/2019	21:10:17	882.78	3.9413	3.9987	3.9343	4.0433
1/27/2019	21:10:19	884.17	3.9406	3.9967	3.9366	4.0435
1/27/2019	21:10:20	885.52	3.9393	3.9965	3.9378	4.0445
1/27/2019	21:10:21	886.91	3.9383	3.9982	3.9389	4.0461
1/27/2019	21:10:23	888.34	3.9362	4.0001	3.9375	4.0478
1/27/2019	21:10:24	889.62	3.9351	4.0005	3.935	4.05
1/27/2019	21:10:26	891	3.9375	3.9992	3.9334	4.0504
1/27/2019	21:10:27	892.34	3.9354	3.9986	3.9328	4.05
1/27/2019	21:10:28	893.73	3.9359	3.9979	3.9355	4.0482
1/27/2019	21:10:30	895.03	3.9351	3.9996	3.9365	4.0467
1/27/2019	21:10:31	896.34	3.9421	3.9979	3.9365	4.0438
1/27/2019	21:10:32	897.69	3.9418	3.9978	3.9355	4.0425
1/27/2019	21:10:34	898.95	3.9428	3.9968	3.9371	4.0433
1/27/2019	21:10:35	900.22	3.9385	3.9972	3.9367	4.0444
1/27/2019	21:10:36	901.81	3.9419	3.9968	3.9352	4.0451
1/27/2019	21:10:38	903.06	3.9403	3.9975	3.9341	4.044
1/27/2019	21:10:39	904.5	3.9408	3.9996	3.9338	4.0452
1/27/2019	21:10:41	906.02	3.9402	4.002	3.9356	4.0443
1/27/2019	21:10:42	907.83	3.9404	4.0014	3.9354	4.0443
1/27/2019	21:10:44	909.22	3.9436	4.0005	3.9341	4.043
1/27/2019	21:10:45	910.5	3.9437	3.9992	3.9331	4.045
1/27/2019	21:10:46	911.86	3.9462	3.9992	3.9322	4.045
1/27/2019	21:10:48	913.34	3.9431	4.0006	3.9331	4.0439
1/27/2019	21:10:49	914.75	3.9402	4.0008	3.9334	4.0416
1/27/2019	21:10:51	916.03	3.9386	4.0005	3.9343	4.0411
1/27/2019	21:10:52	917.37	3.9394	3.9984	3.9353	4.0445
1/27/2019	21:10:53	918.69	3.9407	3.997	3.9361	4.0454
1/27/2019	21:10:55	920.16	3.938	3.9969	3.9351	4.0456
1/27/2019	21:10:56	921.5	3.9385	3.9973	3.9352	4.0426
1/27/2019	21:10:57	922.8	3.9396	3.9998	3.9332	4.043
1/27/2019	21:10:59	924.09	3.9428	4.0016	3.9317	4.0448
1/27/2019	21:11:00	925.41	3.9418	4.0019	3.9308	4.0444
1/27/2019	21:11:01	926.69	3.9402	4.0011	3.9332	4.0438
1/27/2019	21:11:03	928.03	3.9385	3.9988	3.9337	4.0424
1/27/2019	21:11:04	929.37	3.9389	3.9986	3.9352	4.044
1/27/2019	21:11:05	930.73	3.939	3.9982	3.9336	4.043
1/27/2019	21:11:07	932.31	3.9398	3.9989	3.9341	4.0403
1/27/2019	21:11:08	933.5	3.938	3.9996	3.9322	4.0418
1/27/2019	21:11:10	935.17	3.9384	3.9997	3.9319	4.043
1/27/2019	21:11:11	936.62	3.9383	4.001	3.9322	4.0457
1/27/2019	21:11:13	938.05	3.938	4.0008	3.9318	4.0416
1/27/2019	21:11:14	939.34	3.9364	4.0006	3.9318	4.0417
1/27/2019	21:11:15	940.78	3.9346	3.9993	3.9328	4.0396
1/27/2019	21:11:17	942.23	3.9338	3.9989	3.9336	4.0414
1/27/2019	21:11:18	943.37	3.9353	3.9996	3.9326	4.0402
1/27/2019	21:11:19	944.81	3.9346	3.9992	3.929	4.0405
1/27/2019	21:11:21	946.06	3.9355	3.9998	3.9284	4.0399
1/27/2019	21:11:22	947.92	3.9348	3.9975	3.9281	4.0407
1/27/2019	21:11:24	949.27	3.9368	3.9964	3.9309	4.0404
1/27/2019	21:11:25	950.53	3.9383	3.9941	3.9311	4.039
1/27/2019	21:11:27	952.08	3.938	3.9941	3.9322	4.0379
1/27/2019	21:11:28	953.36	3.9363	3.9951	3.9321	4.0388
1/27/2019	21:11:29	954.86	3.9348	3.9959	3.9314	4.0411
1/27/2019	21:11:31	956.27	3.9385	3.9981	3.9307	4.0417
1/27/2019	21:11:32	957.59	3.942	3.9974	3.9292	4.0421
1/27/2019	21:11:34	958.97	3.9432	3.9981	3.9288	4.0418
1/27/2019	21:11:35	960.37	3.9381	3.9981	3.9288	4.0396
1/27/2019	21:11:36	961.89	3.9368	3.9986	3.9283	4.0394
1/27/2019	21:11:38	963.19	3.9355	3.9979	3.9292	4.0382
1/27/2019	21:11:39	964.94	3.9349	3.9956	3.9302	4.0401
1/27/2019	21:11:41	966.11	3.9333	3.9957	3.9314	4.0399
1/27/2019	21:11:42	967.7	3.9333	3.9971	3.9312	4.0402
1/27/2019	21:11:43	968.92	3.932	3.9993	3.9311	4.0397
1/27/2019	21:11:45	970.36	3.9337	3.9997	3.9309	4.0395
1/27/2019	21:11:46	971.64	3.9344	3.9989	3.9304	4.0407
1/27/2019	21:11:48	973.2	3.9379	3.9988	3.9304	4.04
1/27/2019	21:11:49	974.42	3.9352	3.9975	3.9288	4.0405
1/27/2019	21:11:50	975.8	3.9358	3.9979	3.9285	4.039
1/27/2019	21:11:52	977.22	3.9349	3.9986	3.9283	4.0413
1/27/2019	21:11:53	978.66	3.9371	4	3.9298	4.0414
1/27/2019	21:11:55	980.03	3.9367	4.0005	3.9281	4.0422
1/27/2019	21:11:56	981.37	3.9368	3.9998	3.9279	4.0406
1/27/2019	21:11:57	982.89	3.935	4.0014	3.9262	4.0395
1/27/2019	21:11:59	984.22	3.9344	3.9998	3.9266	4.0372
1/27/2019	21:12:00	985.59	3.9346	3.9991	3.9265	4.0362
1/27/2019	21:12:02	986.97	3.9383	3.9978	3.9257	4.0353
1/27/2019	21:12:03	988.3	3.9417	3.9969	3.9251	4.0352
1/27/2019	21:12:04	989.58	3.9427	3.9957	3.9245	4.0372
1/27/2019	21:12:05	990.87	3.9401	3.9945	3.926	4.0393
1/27/2019	21:12:07	992.27	3.9389	3.996	3.9266	4.042
1/27/2019	21:12:08	993.73	3.9385	3.9951	3.9256	4.0407
1/27/2019	21:12:10	995.17	3.9393	3.9956	3.925	4.0396
1/27/2019	21:12:11	996.45	3.9392	3.9947	3.925	4.0388
1/27/2019	21:12:12	997.81	3.9387	3.995	3.926	4.0389
1/27/2019	21:12:14	999.17	3.9396	3.9944	3.9272	4.0379
1/27/2019	21:12:15	1000.69	3.9398	3.9935	3.9266	4.0368
1/27/2019	21:12:17	1002.27	3.9387	3.9935	3.924	4.0368
1/27/2019	21:12:18	1003.89	3.9388	3.9915	3.9239	4.0378
1/27/2019	21:12:20	1005.2	3.9371	3.9922	3.9251	4.0393
1/27/2019	21:12:21	1006.58	3.9368	3.9946	3.9261	4.0396
1/27/2019	21:12:22	1007.89	3.9341	3.9959	3.9246	4.0393
1/27/2019	21:12:24	1009.75	3.9344	3.9968	3.9245	4.0378
1/27/2019	21:12:26	1011.23	3.9353	3.9958	3.9261	4.0378
1/27/2019	21:12:27	1012.53	3.9341	3.9964	3.9272	4.0376
1/27/2019	21:12:28	1013.84	3.933	3.9968	3.9278	4.0388
1/27/2019	21:12:30	1015.22	3.932	3.9968	3.9282	4.0385
1/27/2019	21:12:31	1016.55	3.9345	3.9976	3.9263	4.0394
1/27/2019	21:12:32	1017.94	3.9363	3.9968	3.925	4.0385
1/27/2019	21:12:34	1019.23	3.9359	3.9968	3.924	4.036
1/27/2019	21:12:35	1020.72	3.9363	3.9959	3.927	4.0336
1/27/2019	21:12:37	1022.09	3.9366	3.9956	3.9282	4.0351
1/27/2019	21:12:38	1023.42	3.9387	3.9946	3.9278	4.0378
1/27/2019	21:12:39	1024.83	3.9366	3.9956	3.9269	4.0416
1/27/2019	21:12:41	1026.2	3.935	3.9956	3.926	4.041
1/27/2019	21:12:42	1027.58	3.9353	3.9957	3.9264	4.041
1/27/2019	21:12:44	1029.03	3.938	3.9952	3.9247	4.0386
1/27/2019	21:12:45	1030.44	3.9409	3.9959	3.923	4.0379
1/27/2019	21:12:46	1031.73	3.9394	3.9967	3.9223	4.0373
1/27/2019	21:12:48	1033.12	3.9363	3.9959	3.9225	4.0369
1/27/2019	21:12:49	1034.39	3.9319	3.997	3.9235	4.0358
1/27/2019	21:12:50	1035.64	3.9332	3.9984	3.9236	4.0356
1/27/2019	21:12:52	1037.09	3.935	3.9987	3.9245	4.0381
1/27/2019	21:12:53	1038.59	3.9371	3.998	3.9258	4.0383
1/27/2019	21:12:54	1039.91	3.9363	3.9972	3.926	4.0389
1/27/2019	21:12:56	1041.11	3.9354	3.9982	3.9269	4.0372
1/27/2019	21:12:57	1042.44	3.9358	3.998	3.9264	4.0362
1/27/2019	21:12:58	1043.67	3.9365	3.9977	3.9268	4.0354
1/27/2019	21:13:00	1045.16	3.9389	3.9961	3.9244	4.0357
1/27/2019	21:13:01	1046.44	3.9376	3.9949	3.9236	4.0367
1/27/2019	21:13:03	1048.08	3.9381	3.9951	3.9234	4.034
1/27/2019	21:13:04	1049.5	3.9367	3.9947	3.9249	4.034
1/27/2019	21:13:05	1050.83	3.9371	3.9957	3.9254	4.0352
1/27/2019	21:13:07	1052.12	3.9389	3.9957	3.9245	4.0376
1/27/2019	21:13:08	1053.5	3.9374	3.9988	3.9245	4.0361
1/27/2019	21:13:10	1055.22	3.9359	3.9996	3.9239	4.035
1/27/2019	21:13:12	1057.06	3.9309	4.0002	3.9245	4.0368
1/27/2019	21:13:13	1058.5	3.9311	4.0005	3.9239	4.0382
1/27/2019	21:13:14	1059.7	3.9323	3.9994	3.9249	4.0368
1/27/2019	21:13:16	1061.45	3.9362	3.9997	3.925	4.0336
1/27/2019	21:13:18	1063	3.9368	3.9978	3.9242	4.0325
1/27/2019	21:13:19	1064.22	3.9368	3.999	3.9239	4.0336
1/27/2019	21:13:20	1065.59	3.9363	3.9969	3.9223	4.0369
1/27/2019	21:13:22	1067.03	3.9375	3.999	3.9232	4.035
1/27/2019	21:13:23	1068.42	3.9365	3.9961	3.9239	4.0338
1/27/2019	21:13:24	1069.69	3.9356	3.9959	3.924	4.0302
1/27/2019	21:13:25	1070.94	3.9341	3.9933	3.9239	4.0313
1/27/2019	21:13:27	1072.34	3.9363	3.9946	3.9224	4.034
1/27/2019	21:13:28	1073.58	3.9349	3.9949	3.9241	4.0354
1/27/2019	21:13:29	1074.94	3.9353	3.9956	3.9229	4.0345
1/27/2019	21:13:31	1076.2	3.936	3.9952	3.9231	4.0311
1/27/2019	21:13:32	1077.5	3.9363	3.9954	3.921	4.0306
1/27/2019	21:13:33	1078.84	3.9344	3.995	3.9222	4.0315
1/27/2019	21:13:35	1080.09	3.931	3.9947	3.922	4.0339
1/27/2019	21:13:36	1081.67	3.93	3.9954	3.9206	4.0332
1/27/2019	21:13:38	1083.08	3.9311	3.9949	3.9188	4.0339
1/27/2019	21:13:39	1084.59	3.9331	3.993	3.9184	4.0332
1/27/2019	21:13:41	1086.36	3.935	3.9927	3.921	4.0354
1/27/2019	21:13:42	1087.66	3.9374	3.9917	3.9227	4.0343
1/27/2019	21:13:44	1089.08	3.9389	3.9933	3.9222	4.0335
1/27/2019	21:13:45	1090.47	3.9401	3.9927	3.921	4.0329
1/27/2019	21:13:46	1091.89	3.9389	3.9927	3.9205	4.0335
1/27/2019	21:13:48	1093.09	3.939	3.9922	3.9203	4.0332
1/27/2019	21:13:49	1094.72	3.9383	3.9923	3.9212	4.0342
1/27/2019	21:13:51	1096.17	3.9383	3.9935	3.9195	4.0351
1/27/2019	21:13:52	1097.42	3.9352	3.9951	3.9187	4.0389
1/27/2019	21:13:53	1098.72	3.9345	3.9942	3.919	4.0368
1/27/2019	21:13:55	1100.17	3.9334	3.9935	3.9191	4.0359
1/27/2019	21:13:56	1101.47	3.9344	3.9917	3.9197	4.0324
1/27/2019	21:13:58	1103	3.9318	3.9928	3.9184	4.033
1/27/2019	21:13:59	1104.25	3.9336	3.9933	3.9206	4.0334
1/27/2019	21:14:00	1105.64	3.9321	3.9936	3.9216	4.0344
1/27/2019	21:14:02	1106.97	3.9327	3.9927	3.9206	4.0324
1/27/2019	21:14:03	1108.44	3.9318	3.991	3.9198	4.0309
1/27/2019	21:14:04	1109.69	3.9343	3.9922	3.9187	4.0287
1/27/2019	21:14:06	1111	3.9327	3.9932	3.9185	4.0291
1/27/2019	21:14:07	1112.36	3.9325	3.9947	3.9171	4.031
1/27/2019	21:14:08	1113.69	3.9305	3.9935	3.9169	4.0345
1/27/2019	21:14:09	1114.94	3.9325	3.9914	3.9174	4.035
1/27/2019	21:14:11	1116.62	3.9315	3.9908	3.9187	4.0343
1/27/2019	21:14:13	1118.11	3.9331	3.99	3.9186	4.0327
1/27/2019	21:14:14	1119.36	3.9323	3.9908	3.9202	4.0327
1/27/2019	21:14:15	1120.75	3.9323	3.9894	3.9193	4.0339
1/27/2019	21:14:17	1122.16	3.9328	3.9897	3.9193	4.0332
1/27/2019	21:14:18	1123.5	3.9348	3.9885	3.9163	4.0321
1/27/2019	21:14:19	1124.89	3.9344	3.9891	3.9157	4.0302
1/27/2019	21:14:21	1126.17	3.9322	3.9893	3.9169	4.0307
1/27/2019	21:14:22	1127.41	3.931	3.9895	3.9182	4.0317
1/27/2019	21:14:23	1128.75	3.9308	3.9895	3.9181	4.0322
1/27/2019	21:14:25	1130.09	3.932	3.99	3.9164	4.0334
1/27/2019	21:14:26	1131.86	3.9323	3.9897	3.9175	4.0337
1/27/2019	21:14:28	1133.19	3.9314	3.9891	3.9183	4.0327
1/27/2019	21:14:29	1134.75	3.9314	3.9886	3.919	4.031
1/27/2019	21:14:31	1136.17	3.9288	3.9905	3.9195	4.0316
1/27/2019	21:14:32	1137.45	3.93	3.9909	3.9186	4.0371
1/27/2019	21:14:33	1138.73	3.9283	3.9916	3.9176	4.0374
1/27/2019	21:14:35	1140.3	3.9339	3.9917	3.9179	4.0369
1/27/2019	21:14:36	1141.56	3.9351	3.9942	3.9191	4.0335
1/27/2019	21:14:37	1142.84	3.9388	3.9951	3.9187	4.0311
1/27/2019	21:14:39	1144.25	3.934	3.9959	3.9161	4.0306
1/27/2019	21:14:40	1145.59	3.936	3.9956	3.9154	4.0293
1/27/2019	21:14:41	1146.87	3.9344	3.9958	3.9164	4.0294
1/27/2019	21:14:43	1148.2	3.9353	3.9951	3.9177	4.0304
1/27/2019	21:14:44	1149.59	3.9348	3.9933	3.9161	4.0301
1/27/2019	21:14:45	1150.87	3.9357	3.9918	3.914	4.0309
1/27/2019	21:14:47	1152.22	3.9365	3.991	3.9151	4.0285
1/27/2019	21:14:48	1153.67	3.9343	3.9918	3.9161	4.0287
1/27/2019	21:14:50	1154.98	3.9321	3.993	3.9175	4.0298
1/27/2019	21:14:51	1156.44	3.9334	3.9927	3.9161	4.0291
1/27/2019	21:14:52	1157.86	3.9335	3.993	3.9162	4.0289
1/27/2019	21:14:54	1159.16	3.9375	3.9926	3.9164	4.0295
1/27/2019	21:14:55	1160.67	3.9365	3.9944	3.9158	4.0311
1/27/2019	21:14:56	1161.92	3.9388	3.9936	3.9159	4.0328
1/27/2019	21:14:58	1163.36	3.9375	3.9949	3.9156	4.0326
1/27/2019	21:14:59	1164.81	3.9379	3.9922	3.9162	4.0334
1/27/2019	21:15:01	1166.08	3.9365	3.9927	3.9144	4.0353
1/27/2019	21:15:02	1167.39	3.9349	3.9916	3.9147	4.0349
1/27/2019	21:15:03	1168.81	3.9362	3.9914	3.9151	4.0356
1/27/2019	21:15:05	1170.11	3.9368	3.9908	3.9154	4.0304
1/27/2019	21:15:06	1171.56	3.9348	3.9884	3.9144	4.0321
1/27/2019	21:15:07	1172.86	3.9349	3.9884	3.912	4.0311
1/27/2019	21:15:09	1174.2	3.9365	3.9881	3.9125	4.0334
1/27/2019	21:15:10	1175.61	3.9384	3.9894	3.9108	4.0304
1/27/2019	21:15:12	1177.02	3.9385	3.9907	3.9123	4.0295
1/27/2019	21:15:13	1178.42	3.9383	3.9914	3.9125	4.0289
1/27/2019	21:15:14	1179.81	3.9406	3.9928	3.9138	4.0284
1/27/2019	21:15:16	1181.28	3.9405	3.9942	3.9132	4.029
1/27/2019	21:15:17	1182.62	3.9409	3.9939	3.9129	4.0293
1/27/2019	21:15:18	1183.84	3.9376	3.9934	3.9118	4.0301
1/27/2019	21:15:20	1185.39	3.9381	3.9921	3.9117	4.0294
1/27/2019	21:15:21	1186.75	3.9345	3.9908	3.9123	4.0296
1/27/2019	21:15:23	1188.33	3.9337	3.9902	3.9133	4.031
1/27/2019	21:15:24	1189.69	3.934	3.9895	3.9134	4.0312
1/27/2019	21:15:26	1191.11	3.9365	3.9907	3.9119	4.0294
1/27/2019	21:15:28	1193.22	3.9405	3.9912	3.9122	4.0286
1/27/2019	21:15:29	1194.53	3.9394	3.991	3.9113	4.0289
1/27/2019	21:15:31	1196.16	3.9398	3.99	3.9118	4.0311
1/27/2019	21:15:32	1197.73	3.9402	3.9899	3.9127	4.0342
1/27/2019	21:15:33	1198.87	3.9402	3.9894	3.9125	4.0344
1/27/2019	21:15:35	1200.42	3.9393	3.9892	3.9124	4.0335
1/27/2019	21:15:36	1201.81	3.9361	3.9876	3.9118	4.0312
1/27/2019	21:15:38	1203.28	3.9365	3.9886	3.9127	4.0296
1/27/2019	21:15:39	1204.56	3.9376	3.9884	3.9117	4.0291
1/27/2019	21:15:40	1205.84	3.9388	3.9876	3.9113	4.0282
1/27/2019	21:15:42	1207.16	3.9397	3.9857	3.9119	4.03
1/27/2019	21:15:43	1208.7	3.9364	3.9851	3.9137	4.0304
1/27/2019	21:15:45	1210.06	3.9349	3.9865	3.9144	4.0306
1/27/2019	21:15:46	1211.44	3.9328	3.9876	3.9129	4.0289
1/27/2019	21:15:47	1212.75	3.9346	3.989	3.9127	4.028
1/27/2019	21:15:49	1214.08	3.938	3.9884	3.9117	4.0266
1/27/2019	21:15:50	1215.45	3.9388	3.9881	3.9119	4.0273
1/27/2019	21:15:51	1216.81	3.9388	3.9877	3.9119	4.0254
1/27/2019	21:15:53	1218.09	3.9342	3.9869	3.9119	4.0254
1/27/2019	21:15:54	1219.39	3.9331	3.986	3.9108	4.0252
1/27/2019	21:15:55	1220.69	3.9323	3.9848	3.91	4.027
1/27/2019	21:15:57	1222.14	3.9326	3.9852	3.9112	4.0298
1/27/2019	21:15:58	1223.37	3.935	3.9862	3.9142	4.028
1/27/2019	21:15:59	1224.72	3.9358	3.9864	3.9142	4.0292
1/27/2019	21:16:01	1226.09	3.9356	3.9852	3.9143	4.0265
1/27/2019	21:16:02	1227.45	3.9331	3.9844	3.9105	4.0272
1/27/2019	21:16:03	1228.75	3.9326	3.984	3.9103	4.0253
1/27/2019	21:16:05	1230.19	3.9358	3.9846	3.9089	4.025
1/27/2019	21:16:06	1231.52	3.936	3.9857	3.9108	4.024
1/27/2019	21:16:08	1233.5	3.9358	3.9874	3.9098	4.0255
1/27/2019	21:16:09	1234.73	3.9334	3.9888	3.9108	4.0272
1/27/2019	21:16:11	1236.37	3.9323	3.9876	3.9104	4.0292
1/27/2019	21:16:12	1237.64	3.9326	3.9864	3.9109	4.0289
1/27/2019	21:16:14	1238.95	3.9311	3.9865	3.9094	4.027
1/27/2019	21:16:15	1240.25	3.9322	3.9865	3.9098	4.0259
1/27/2019	21:16:16	1241.7	3.933	3.9856	3.9102	4.025
1/27/2019	21:16:18	1243.2	3.9363	3.9864	3.9104	4.0246
1/27/2019	21:16:19	1244.67	3.9384	3.9865	3.9121	4.0262
1/27/2019	21:16:21	1245.97	3.9394	3.9866	3.9118	4.0271
1/27/2019	21:16:22	1247.44	3.9415	3.9862	3.9127	4.0301
1/27/2019	21:16:24	1248.95	3.9407	3.9857	3.9107	4.0294
1/27/2019	21:16:25	1250.31	3.9392	3.9861	3.9118	4.03
1/27/2019	21:16:26	1251.86	3.9358	3.9866	3.9115	4.0288
1/27/2019	21:16:28	1253.14	3.9342	3.9865	3.9126	4.0271
1/27/2019	21:16:29	1254.44	3.935	3.987	3.9127	4.0264
1/27/2019	21:16:30	1255.84	3.934	3.9849	3.9124	4.0275
1/27/2019	21:16:32	1257.16	3.9344	3.9853	3.9104	4.0272
1/27/2019	21:16:33	1258.52	3.9328	3.9855	3.9086	4.0257
1/27/2019	21:16:35	1260.03	3.9342	3.9857	3.9071	4.024
1/27/2019	21:16:36	1261.48	3.9328	3.9862	3.909	4.0254
1/27/2019	21:16:37	1262.84	3.9336	3.9874	3.9083	4.025
1/27/2019	21:16:39	1264.39	3.9355	3.9871	3.9098	4.0239
1/27/2019	21:16:40	1265.67	3.9359	3.9861	3.9076	4.0239
1/27/2019	21:16:42	1267.02	3.9359	3.9848	3.9084	4.0245
1/27/2019	21:16:43	1268.45	3.9336	3.9858	3.9086	4.0249
1/27/2019	21:16:44	1269.78	3.9378	3.9851	3.91	4.0248
1/27/2019	21:16:46	1271.09	3.9374	3.9851	3.9117	4.0259
1/27/2019	21:16:47	1272.61	3.9384	3.9832	3.9097	4.0241
1/27/2019	21:16:49	1274.16	3.9344	3.9833	3.9093	4.025
1/27/2019	21:16:50	1275.33	3.9343	3.9832	3.9078	4.0242
1/27/2019	21:16:51	1276.78	3.9306	3.9827	3.9087	4.026
1/27/2019	21:16:53	1278.12	3.9332	3.9827	3.9085	4.0254
1/27/2019	21:16:54	1279.44	3.9349	3.9803	3.9085	4.0267
1/27/2019	21:16:55	1280.7	3.937	3.9804	3.9074	4.0278
1/27/2019	21:16:57	1282.06	3.9368	3.9789	3.9048	4.0277
1/27/2019	21:16:58	1283.44	3.9366	3.9813	3.9055	4.0276
1/27/2019	21:16:59	1284.72	3.9381	3.9809	3.9074	4.0264
1/27/2019	21:17:01	1286.23	3.9378	3.9817	3.9098	4.0265
1/27/2019	21:17:02	1287.58	3.9371	3.9806	3.9085	4.0261
1/27/2019	21:17:03	1288.86	3.9366	3.9817	3.9092	4.0275
1/27/2019	21:17:05	1290.22	3.9378	3.9822	3.9097	4.027
1/27/2019	21:17:06	1291.61	3.9387	3.9824	3.9084	4.0244
1/27/2019	21:17:07	1292.89	3.9416	3.9825	3.908	4.0233
1/27/2019	21:17:09	1294.2	3.9411	3.9818	3.9069	4.0239
1/27/2019	21:17:10	1295.77	3.9422	3.9833	3.908	4.0253
1/27/2019	21:17:12	1297.02	3.9376	3.9827	3.9059	4.0239
1/27/2019	21:17:13	1298.53	3.9372	3.9848	3.9061	4.0222
1/27/2019	21:17:15	1299.98	3.934	3.9833	3.9071	4.0202
1/27/2019	21:17:16	1301.28	3.9341	3.984	3.9077	4.0211
1/27/2019	21:17:17	1302.72	3.9331	3.9827	3.9074	4.022
1/27/2019	21:17:19	1304.05	3.9336	3.983	3.9069	4.0233
1/27/2019	21:17:20	1305.45	3.9383	3.9838	3.9072	4.0236
1/27/2019	21:17:21	1306.69	3.9374	3.9842	3.9062	4.0237
1/27/2019	21:17:23	1308.02	3.9398	3.9857	3.9035	4.0237
1/27/2019	21:17:24	1309.47	3.9371	3.9847	3.9044	4.022
1/27/2019	21:17:25	1310.7	3.9384	3.9856	3.9053	4.0221
1/27/2019	21:17:27	1312.06	3.9364	3.9833	3.9052	4.0236
1/27/2019	21:17:28	1313.41	3.9386	3.9839	3.9035	4.0256
1/27/2019	21:17:29	1314.89	3.9398	3.9845	3.9039	4.027
1/27/2019	21:17:31	1316.22	3.9393	3.9841	3.9053	4.0251
1/27/2019	21:17:32	1317.56	3.9379	3.9852	3.9063	4.0242
1/27/2019	21:17:33	1318.87	3.9375	3.9841	3.9064	4.0222
1/27/2019	21:17:35	1320.09	3.9393	3.985	3.9056	4.0238
1/27/2019	21:17:36	1321.42	3.9381	3.9822	3.9048	4.022
1/27/2019	21:17:37	1322.83	3.9381	3.9813	3.9034	4.0236
1/27/2019	21:17:39	1324.17	3.9372	3.9805	3.9036	4.0197
1/27/2019	21:17:40	1325.59	3.941	3.9809	3.9026	4.0198
1/27/2019	21:17:41	1326.91	3.9388	3.9818	3.9036	4.0169
1/27/2019	21:17:43	1328.22	3.9375	3.9832	3.9041	4.0185
1/27/2019	21:17:44	1329.61	3.9345	3.9834	3.9044	4.0204
1/27/2019	21:17:46	1331.16	3.9373	3.9846	3.9043	4.0213
1/27/2019	21:17:47	1332.52	3.9382	3.9842	3.904	4.0246
1/27/2019	21:17:48	1333.86	3.9367	3.9847	3.904	4.0253
1/27/2019	21:17:50	1335.16	3.9358	3.9841	3.9033	4.0265
1/27/2019	21:17:51	1336.56	3.9381	3.9838	3.9044	4.0259
1/27/2019	21:17:52	1337.84	3.9397	3.9845	3.904	4.0242
1/27/2019	21:17:54	1339.33	3.9419	3.9827	3.9036	4.0232
1/27/2019	21:17:55	1340.61	3.9435	3.9823	3.902	4.0216
1/27/2019	21:17:57	1342.05	3.9446	3.9805	3.9023	4.023
1/27/2019	21:17:58	1343.48	3.9428	3.9819	3.9034	4.0236
1/27/2019	21:18:00	1345.08	3.9403	3.9818	3.9039	4.0249
1/27/2019	21:18:01	1346.41	3.9412	3.9823	3.9042	4.0244
1/27/2019	21:18:02	1347.77	3.9397	3.9828	3.9029	4.0234
1/27/2019	21:18:04	1349.05	3.9403	3.9829	3.9004	4.0222
1/27/2019	21:18:05	1350.64	3.9379	3.9818	3.9	4.0226
1/27/2019	21:18:06	1351.92	3.9384	3.9806	3.8999	4.0211
1/27/2019	21:18:09	1354.09	3.9385	3.9793	3.9034	4.0215
1/27/2019	21:18:10	1355.31	3.938	3.9796	3.9024	4.0208
1/27/2019	21:18:11	1356.91	3.9405	3.9786	3.9018	4.0233
1/27/2019	21:18:13	1358.28	3.9397	3.9781	3.9002	4.0239
1/27/2019	21:18:14	1359.87	3.9397	3.9791	3.8999	4.0233
1/27/2019	21:18:16	1361.3	3.9381	3.9796	3.8996	4.0231
1/27/2019	21:18:17	1362.52	3.9378	3.98	3.8996	4.0206
1/27/2019	21:18:19	1364.02	3.9389	3.9799	3.901	4.022
1/27/2019	21:18:20	1365.28	3.9382	3.9794	3.9014	4.0217
1/27/2019	21:18:21	1366.69	3.9388	3.9813	3.8999	4.0243
1/27/2019	21:18:23	1368.12	3.9401	3.981	3.9004	4.0243
1/27/2019	21:18:25	1369.98	3.941	3.9802	3.9006	4.0241
1/27/2019	21:18:26	1371.44	3.9406	3.9799	3.901	4.0239
1/27/2019	21:18:27	1372.77	3.9379	3.9784	3.9018	4.025
1/27/2019	21:18:29	1374.19	3.9347	3.9798	3.9019	4.0249
1/27/2019	21:18:30	1375.41	3.9348	3.98	3.9028	4.0242
1/27/2019	21:18:31	1376.67	3.9336	3.9813	3.9004	4.0222
1/27/2019	21:18:33	1377.98	3.9394	3.9803	3.8999	4.0205
1/27/2019	21:18:34	1379.45	3.9381	3.9779	3.8994	4.0198
1/27/2019	21:18:35	1380.8	3.9427	3.9767	3.8991	4.0197
1/27/2019	21:18:37	1382.08	3.9394	3.9754	3.8982	4.0214
1/27/2019	21:18:38	1383.89	3.9418	3.9761	3.8976	4.021
1/27/2019	21:18:40	1385.41	3.9406	3.9765	3.8969	4.0198
1/27/2019	21:18:42	1387.19	3.9403	3.9784	3.8972	4.0198
1/27/2019	21:18:43	1388.47	3.9392	3.9776	3.8962	4.0199
1/27/2019	21:18:45	1390.06	3.9419	3.978	3.8977	4.0218
1/27/2019	21:18:46	1391.33	3.9421	3.9756	3.8985	4.0227
1/27/2019	21:18:47	1392.66	3.9428	3.9781	3.9006	4.0222
1/27/2019	21:18:48	1393.89	3.9407	3.9788	3.9014	4.0206
1/27/2019	21:18:50	1395.3	3.9419	3.9809	3.9013	4.0199
1/27/2019	21:18:51	1396.59	3.9424	3.9809	3.901	4.02
1/27/2019	21:18:53	1398.06	3.943	3.9801	3.899	4.0194
1/27/2019	21:18:54	1399.36	3.9444	3.9801	3.8991	4.0191
1/27/2019	21:18:55	1400.66	3.9437	3.9783	3.9003	4.0176
1/27/2019	21:18:57	1402	3.9415	3.9799	3.9009	4.0182
1/27/2019	21:18:58	1403.34	3.9398	3.9791	3.9013	4.018
1/27/2019	21:18:59	1404.69	3.9392	3.9814	3.8998	4.0186
1/27/2019	21:19:01	1405.95	3.9375	3.9828	3.8983	4.0185
1/27/2019	21:19:02	1407.28	3.939	3.9866	3.8957	4.0174
1/27/2019	21:19:03	1408.83	3.9411	3.9869	3.8944	4.0179
1/27/2019	21:19:05	1410.05	3.9438	3.9865	3.8946	4.0164
1/27/2019	21:19:06	1411.5	3.9438	3.9825	3.8957	4.0172
1/27/2019	21:19:08	1413.03	3.9443	3.9809	3.897	4.018
1/27/2019	21:19:09	1414.62	3.945	3.9803	3.8985	4.021
1/27/2019	21:19:10	1415.77	3.945	3.9819	3.9003	4.0216
1/27/2019	21:19:12	1417.77	3.943	3.9815	3.8996	4.0198
1/27/2019	21:19:14	1419.03	3.9421	3.979	3.8993	4.0198
1/27/2019	21:19:15	1420.34	3.9402	3.979	3.8975	4.0208
1/27/2019	21:19:16	1421.87	3.9406	3.9787	3.8984	4.0231
1/27/2019	21:19:18	1423.06	3.9424	3.9793	3.8978	4.0228
1/27/2019	21:19:19	1424.37	3.943	3.9782	3.8965	4.0213
1/27/2019	21:19:20	1425.62	3.9439	3.9782	3.8942	4.0197
1/27/2019	21:19:22	1427.19	3.9456	3.979	3.8947	4.0182
1/27/2019	21:19:23	1428.56	3.9447	3.9799	3.8955	4.0158
1/27/2019	21:19:24	1429.81	3.9424	3.9815	3.8983	4.016
1/27/2019	21:19:26	1431.14	3.9389	3.981	3.898	4.0151
1/27/2019	21:19:27	1432.47	3.942	3.9828	3.8984	4.0159
1/27/2019	21:19:28	1433.8	3.943	3.9825	3.897	4.0157
1/27/2019	21:19:30	1435.2	3.9416	3.9829	3.8978	4.0162
1/27/2019	21:19:31	1436.62	3.9398	3.9817	3.8984	4.02
1/27/2019	21:19:32	1437.92	3.9412	3.9799	3.8978	4.0211
1/27/2019	21:19:34	1439.22	3.946	3.9813	3.8971	4.0222
1/27/2019	21:19:35	1440.66	3.9475	3.9819	3.896	4.0197
1/27/2019	21:19:36	1441.86	3.9469	3.9841	3.8964	4.02
1/27/2019	21:19:38	1443.14	3.9458	3.9838	3.8965	4.0198
1/27/2019	21:19:39	1444.47	3.945	3.9835	3.8958	4.0197
1/27/2019	21:19:41	1446.09	3.9458	3.9835	3.8938	4.0192
1/27/2019	21:19:42	1447.41	3.9446	3.9846	3.8921	4.0187
1/27/2019	21:19:43	1448.67	3.9436	3.986	3.8944	4.0181
1/27/2019	21:19:45	1450.03	3.9433	3.9852	3.8974	4.0177
1/27/2019	21:19:46	1451.31	3.9441	3.9816	3.8988	4.0185
1/27/2019	21:19:47	1452.7	3.9455	3.9805	3.8966	4.0174
1/27/2019	21:19:49	1454.05	3.9443	3.9819	3.8954	4.0174
1/27/2019	21:19:50	1455.48	3.9442	3.9836	3.895	4.0162
1/27/2019	21:19:51	1456.86	3.9449	3.9825	3.8956	4.0195
1/27/2019	21:19:53	1458.2	3.9411	3.9805	3.8945	4.0198
1/27/2019	21:19:54	1459.7	3.9395	3.9795	3.8943	4.0195
1/27/2019	21:19:56	1461.16	3.9373	3.9785	3.8944	4.0164
1/27/2019	21:19:57	1462.73	3.9406	3.9794	3.8969	4.0175
1/27/2019	21:19:59	1464.16	3.9399	3.9821	3.8988	4.0193
1/27/2019	21:20:00	1465.41	3.9416	3.9813	3.898	4.0204
1/27/2019	21:20:01	1466.73	3.9437	3.98	3.8953	4.0193
1/27/2019	21:20:03	1467.97	3.9456	3.9785	3.893	4.0191
1/27/2019	21:20:04	1469.31	3.9427	3.9803	3.8925	4.0177
1/27/2019	21:20:05	1470.64	3.9419	3.981	3.8949	4.0168
1/27/2019	21:20:07	1472.28	3.9424	3.9809	3.894	4.015
1/27/2019	21:20:08	1473.5	3.9436	3.9799	3.8957	4.0153
1/27/2019	21:20:10	1475.09	3.9426	3.9803	3.895	4.0157
1/27/2019	21:20:11	1476.34	3.9439	3.9786	3.896	4.0175
1/27/2019	21:20:13	1478.03	3.9447	3.9796	3.8939	4.0175
1/27/2019	21:20:14	1479.2	3.9429	3.9792	3.8931	4.0158
1/27/2019	21:20:15	1480.8	3.9413	3.9793	3.8925	4.0162
1/27/2019	21:20:17	1482.2	3.9406	3.9776	3.893	4.0162
1/27/2019	21:20:18	1483.47	3.9439	3.9768	3.8916	4.0175
1/27/2019	21:20:20	1485.05	3.9439	3.9775	3.8913	4.0158
1/27/2019	21:20:21	1486.47	3.9462	3.9776	3.8914	4.0146
1/27/2019	21:20:22	1487.7	3.9463	3.9773	3.8923	4.0145
1/27/2019	21:20:24	1489.16	3.9463	3.9773	3.8916	4.0148
1/27/2019	21:20:25	1490.39	3.9476	3.9793	3.8923	4.0178
1/27/2019	21:20:26	1491.73	3.9434	3.9814	3.8928	4.0167
1/27/2019	21:20:28	1493.09	3.9445	3.9824	3.8936	4.0165
1/27/2019	21:20:29	1494.36	3.9422	3.9806	3.8921	4.0154
1/27/2019	21:20:30	1495.73	3.9468	3.9798	3.8925	4.0175
1/27/2019	21:20:32	1497.02	3.9458	3.9799	3.8924	4.018
1/27/2019	21:20:33	1498.69	3.9438	3.9814	3.8909	4.0184
1/27/2019	21:20:35	1500.16	3.9413	3.9815	3.8898	4.0186
1/27/2019	21:20:36	1501.67	3.9439	3.9818	3.8895	4.0192
1/27/2019	21:20:38	1503.03	3.9454	3.9824	3.8916	4.0188
1/27/2019	21:20:39	1504.14	3.9453	3.9825	3.8903	4.0183
1/27/2019	21:20:40	1505.28	3.9428	3.9827	3.8918	4.0193
1/27/2019	21:20:41	1506.73	3.945	3.982	3.8906	4.0211
1/27/2019	21:20:43	1508.23	3.9455	3.9824	3.8924	4.0215
1/27/2019	21:20:45	1509.95	3.9424	3.9837	3.8909	4.0196
1/27/2019	21:20:46	1511.09	3.9419	3.9836	3.8921	4.0183
1/27/2019	21:20:47	1512.42	3.9453	3.9827	3.892	4.0166
1/27/2019	21:20:48	1513.55	3.948	3.9808	3.8905	4.0165
1/27/2019	21:20:49	1514.92	3.9486	3.9791	3.8901	4.0148
1/27/2019	21:20:51	1516.09	3.9482	3.9798	3.8894	4.0135
1/27/2019	21:20:52	1517.25	3.9499	3.9797	3.8908	4.0139
1/27/2019	21:20:53	1518.37	3.9456	3.9797	3.89	4.0141
1/27/2019	21:20:54	1519.8	3.9452	3.9789	3.889	4.0152
1/27/2019	21:20:56	1521.17	3.9425	3.9784	3.8884	4.0139
1/27/2019	21:20:57	1522.55	3.9455	3.98	3.8884	4.0143
1/27/2019	21:20:59	1523.97	3.944	3.981	3.8889	4.0139
1/27/2019	21:21:00	1525.2	3.9438	3.9825	3.8916	4.014
1/27/2019	21:21:01	1526.58	3.9443	3.982	3.8916	4.0138
1/27/2019	21:21:02	1527.92	3.943	3.9807	3.892	4.0136
1/27/2019	21:21:04	1529.3	3.9464	3.9805	3.889	4.0131
1/27/2019	21:21:05	1530.75	3.9476	3.9804	3.89	4.0137
1/27/2019	21:21:07	1531.95	3.9512	3.9819	3.89	4.0157
1/27/2019	21:21:08	1533.47	3.9487	3.9819	3.8914	4.0179
1/27/2019	21:21:09	1534.78	3.9515	3.9825	3.8899	4.0154
1/27/2019	21:21:12	1537.33	3.948	3.9822	3.8874	4.0141
1/27/2019	21:21:13	1538.83	3.9491	3.9825	3.8863	4.0118
1/27/2019	21:21:15	1540.09	3.9442	3.9848	3.8866	4.0145
1/27/2019	21:21:16	1541.45	3.9447	3.985	3.8888	4.0136
1/27/2019	21:21:17	1542.87	3.9463	3.9828	3.8885	4.0142
1/27/2019	21:21:19	1544.19	3.9463	3.9791	3.8881	4.0114
1/27/2019	21:21:20	1545.44	3.948	3.9785	3.8888	4.0124
1/27/2019	21:21:21	1546.72	3.9477	3.9796	3.889	4.0148
1/27/2019	21:21:23	1548.06	3.9512	3.9813	3.887	4.0165
1/27/2019	21:21:24	1549.44	3.9472	3.9797	3.8859	4.0173
1/27/2019	21:21:25	1550.84	3.9467	3.9791	3.8863	4.0146
1/27/2019	21:21:27	1552.64	3.9455	3.9776	3.888	4.0153
1/27/2019	21:21:29	1554.03	3.9538	3.9782	3.8869	4.0136
1/27/2019	21:21:30	1555.2	3.9543	3.9778	3.8871	4.0139
1/27/2019	21:21:31	1556.45	3.9554	3.9785	3.8883	4.0128
1/27/2019	21:21:32	1557.69	3.9507	3.9805	3.8901	4.0141
1/27/2019	21:21:34	1558.95	3.9519	3.9828	3.8904	4.0143
1/27/2019	21:21:35	1560.27	3.9485	3.9847	3.8891	4.0156
1/27/2019	21:21:36	1561.81	3.9469	3.9847	3.8874	4.0154
1/27/2019	21:21:38	1563.12	3.9457	3.9847	3.8855	4.0167
1/27/2019	21:21:39	1564.56	3.9461	3.9824	3.887	4.017
1/27/2019	21:21:41	1566.16	3.948	3.981	3.888	4.0148
1/27/2019	21:21:42	1567.66	3.9463	3.979	3.8881	4.0123
1/27/2019	21:21:43	1568.89	3.9457	3.9805	3.8871	4.0114
1/27/2019	21:21:45	1570.22	3.9446	3.9792	3.888	4.0145
1/27/2019	21:21:46	1571.5	3.9433	3.9798	3.8885	4.0159
1/27/2019	21:21:47	1572.59	3.9424	3.9789	3.8879	4.0167
1/27/2019	21:21:49	1574.03	3.9434	3.9808	3.8874	4.015
1/27/2019	21:21:50	1575.58	3.9439	3.9804	3.8874	4.0145
1/27/2019	21:21:51	1576.94	3.9463	3.9806	3.8878	4.0143
1/27/2019	21:21:53	1578.5	3.9451	3.9805	3.8866	4.0141
1/27/2019	21:21:54	1579.94	3.9485	3.981	3.8851	4.0129
1/27/2019	21:21:56	1581.16	3.9482	3.9808	3.8848	4.0112
1/27/2019	21:21:57	1582.48	3.9489	3.9812	3.8859	4.0097
1/27/2019	21:21:58	1583.94	3.9486	3.9819	3.886	4.0112
1/27/2019	21:22:00	1585.3	3.9498	3.984	3.8864	4.0118
1/27/2019	21:22:01	1586.56	3.9507	3.9841	3.8855	4.0139
1/27/2019	21:22:03	1588.3	3.9493	3.982	3.8854	4.0146
1/27/2019	21:22:04	1589.8	3.9473	3.9792	3.8842	4.0138
1/27/2019	21:22:06	1591.08	3.9491	3.9794	3.8833	4.014
1/27/2019	21:22:07	1592.42	3.9479	3.9823	3.8859	4.0133
1/27/2019	21:22:08	1593.58	3.9496	3.9829	3.8861	4.0142
1/27/2019	21:22:09	1594.75	3.949	3.981	3.8858	4.0144
1/27/2019	21:22:11	1596.08	3.9507	3.9795	3.8828	4.013
1/27/2019	21:22:12	1597.84	3.9487	3.9791	3.8825	4.0132
1/27/2019	21:22:14	1599.22	3.9485	3.9797	3.8828	4.0128
1/27/2019	21:22:15	1600.34	3.9482	3.9794	3.8833	4.0159
1/27/2019	21:22:16	1601.56	3.9483	3.979	3.883	4.0145
1/27/2019	21:22:17	1602.89	3.9482	3.9792	3.8843	4.0142
1/27/2019	21:22:19	1604.12	3.9504	3.9798	3.885	4.0124
1/27/2019	21:22:20	1605.27	3.9509	3.9798	3.8859	4.0145
1/27/2019	21:22:21	1606.44	3.9517	3.9804	3.8851	4.0161
1/27/2019	21:22:22	1607.92	3.9486	3.9794	3.885	4.0143
1/27/2019	21:22:24	1609.06	3.9492	3.9799	3.8849	4.0122
1/27/2019	21:22:25	1610.48	3.9496	3.9786	3.8834	4.0114
1/27/2019	21:22:26	1611.72	3.9498	3.9784	3.8837	4.0125
1/27/2019	21:22:27	1612.84	3.9495	3.978	3.8837	4.0131
1/27/2019	21:22:29	1614.11	3.947	3.977	3.8835	4.0122
1/27/2019	21:22:30	1615.28	3.9456	3.9766	3.8827	4.0122
1/27/2019	21:22:31	1616.83	3.9452	3.9765	3.8823	4.012
1/27/2019	21:22:33	1618.75	3.9455	3.9777	3.8847	4.0111
1/27/2019	21:22:35	1620.16	3.9475	3.9762	3.8839	4.0106
1/27/2019	21:22:36	1621.58	3.9476	3.9762	3.8834	4.0102
1/27/2019	21:22:37	1622.73	3.945	3.977	3.8827	4.0113
1/27/2019	21:22:39	1624.03	3.9455	3.9787	3.8829	4.0129
1/27/2019	21:22:40	1625.53	3.9461	3.9795	3.8835	4.0133
1/27/2019	21:22:41	1626.75	3.947	3.9791	3.8836	4.0123
1/27/2019	21:22:43	1628.08	3.947	3.9804	3.8838	4.0111
1/27/2019	21:22:44	1629.34	3.9477	3.9801	3.8827	4.0105
1/27/2019	21:22:45	1630.7	3.9512	3.9807	3.8815	4.0112
1/27/2019	21:22:47	1632.05	3.9517	3.9799	3.882	4.0096
1/27/2019	21:22:48	1633.36	3.9513	3.9799	3.8815	4.0099
1/27/2019	21:22:49	1634.67	3.9494	3.9791	3.8809	4.0085
1/27/2019	21:22:51	1636.06	3.9496	3.9795	3.8808	4.0084
1/27/2019	21:22:52	1637.67	3.9499	3.9789	3.881	4.0076
1/27/2019	21:22:54	1638.98	3.9491	3.9787	3.8818	4.0087
1/27/2019	21:22:55	1640.34	3.9489	3.9799	3.8807	4.01
1/27/2019	21:22:56	1641.53	3.9486	3.9798	3.8807	4.0101
1/27/2019	21:22:57	1642.69	3.9525	3.9799	3.88	4.0086
1/27/2019	21:22:58	1643.94	3.9508	3.9789	3.881	4.0076
1/27/2019	21:23:00	1645.2	3.9506	3.9784	3.8819	4.0063
1/27/2019	21:23:01	1646.44	3.9489	3.9772	3.8829	4.0071
1/27/2019	21:23:02	1647.69	3.9499	3.9762	3.8824	4.009
1/27/2019	21:23:04	1649.77	3.9499	3.9775	3.8818	4.0101
1/27/2019	21:23:06	1651.08	3.9502	3.9775	3.8815	4.0096
1/27/2019	21:23:07	1652.58	3.9485	3.9773	3.8805	4.0091
1/27/2019	21:23:08	1653.77	3.9486	3.9759	3.8799	4.0108
1/27/2019	21:23:10	1655.02	3.9449	3.9772	3.8794	4.0119
1/27/2019	21:23:11	1656.5	3.9451	3.9775	3.881	4.0135
1/27/2019	21:23:12	1657.72	3.9436	3.9781	3.8823	4.012
1/27/2019	21:23:13	1658.94	3.9502	3.9794	3.8838	4.0106
1/27/2019	21:23:15	1660.48	3.9518	3.9803	3.8835	4.009
1/27/2019	21:23:16	1661.58	3.9552	3.982	3.8833	4.0097
1/27/2019	21:23:18	1662.97	3.9526	3.9819	3.8827	4.0095
1/27/2019	21:23:19	1664.16	3.9522	3.9825	3.8812	4.0073
1/27/2019	21:23:20	1665.44	3.9512	3.9825	3.8802	4.0067
1/27/2019	21:23:21	1666.59	3.9526	3.9818	3.8794	4.0082
1/27/2019	21:23:22	1667.77	3.953	3.9822	3.8805	4.0084
1/27/2019	21:23:24	1668.95	3.9552	3.9816	3.8822	4.0088
1/27/2019	21:23:25	1670.28	3.9554	3.9796	3.8819	4.0077
1/27/2019	21:23:26	1671.33	3.9555	3.9783	3.8825	4.0096
1/27/2019	21:23:27	1672.66	3.9543	3.9769	3.8814	4.0081
1/27/2019	21:23:29	1673.98	3.9504	3.9781	3.8815	4.0068
1/27/2019	21:23:30	1675.23	3.9504	3.977	3.8799	4.005
1/27/2019	21:23:31	1676.52	3.9494	3.9785	3.8802	4.0055
1/27/2019	21:23:32	1677.62	3.9503	3.9791	3.88	4.0055
1/27/2019	21:23:33	1678.91	3.9488	3.9784	3.8809	4.0055
1/27/2019	21:23:35	1680.27	3.9504	3.9764	3.8778	4.0059
1/27/2019	21:23:36	1681.5	3.9501	3.9754	3.8785	4.0067
1/27/2019	21:23:37	1682.78	3.9514	3.9767	3.8764	4.0088
1/27/2019	21:23:39	1683.97	3.9504	3.9776	3.8785	4.0096
1/27/2019	21:23:40	1685.27	3.9533	3.9778	3.877	4.0108
1/27/2019	21:23:41	1686.45	3.9518	3.9768	3.8782	4.0104
1/27/2019	21:23:42	1687.72	3.9513	3.9773	3.8793	4.0121
1/27/2019	21:23:43	1688.8	3.9468	3.9762	3.8783	4.0118
1/27/2019	21:23:45	1690.2	3.9482	3.9773	3.8798	4.0106
1/27/2019	21:23:46	1691.56	3.9482	3.9785	3.8773	4.009
1/27/2019	21:23:47	1692.84	3.9522	3.9799	3.8787	4.0102
1/27/2019	21:23:49	1693.95	3.9531	3.9803	3.8778	4.01
1/27/2019	21:23:50	1695.34	3.9536	3.979	3.8798	4.0099
1/27/2019	21:23:51	1696.59	3.9542	3.9791	3.8794	4.0094
1/27/2019	21:23:52	1697.87	3.9546	3.9808	3.8789	4.0101
1/27/2019	21:23:54	1699.16	3.9523	3.9804	3.8786	4.0102
1/27/2019	21:23:55	1700.52	3.9522	3.9805	3.8788	4.0105
1/27/2019	21:23:56	1701.75	3.9499	3.978	3.8808	4.0124
1/27/2019	21:23:58	1703.03	3.9517	3.977	3.8798	4.011
1/27/2019	21:23:59	1704.25	3.9517	3.9747	3.8785	4.0118
1/27/2019	21:24:00	1705.81	3.9553	3.9754	3.8767	4.0103
1/27/2019	21:24:02	1707.22	3.9559	3.9763	3.8777	4.0116
1/27/2019	21:24:03	1708.73	3.9546	3.9782	3.8798	4.01
1/27/2019	21:24:04	1709.94	3.9546	3.9765	3.8786	4.0091
1/27/2019	21:24:06	1711.17	3.9535	3.9762	3.8782	4.0076
1/27/2019	21:24:07	1712.39	3.9533	3.9775	3.8765	4.0088
1/27/2019	21:24:08	1713.69	3.9491	3.978	3.8765	4.0072
1/27/2019	21:24:09	1714.91	3.9464	3.9782	3.8763	4.0094
1/27/2019	21:24:11	1716.08	3.9475	3.9769	3.8784	4.0071
1/27/2019	21:24:12	1717.58	3.9501	3.9773	3.8792	4.0088
1/27/2019	21:24:13	1718.75	3.9512	3.9771	3.8796	4.0066
1/27/2019	21:24:15	1720.09	3.9486	3.9767	3.8768	4.0066
1/27/2019	21:24:16	1721.37	3.9487	3.9762	3.8772	4.0065
1/27/2019	21:24:17	1722.66	3.954	3.9764	3.8753	4.0073
1/27/2019	21:24:18	1723.89	3.9535	3.977	3.8759	4.0089
1/27/2019	21:24:20	1725.11	3.9521	3.9778	3.8751	4.0082
1/27/2019	21:24:21	1726.47	3.9495	3.9772	3.8768	4.0075
1/27/2019	21:24:22	1727.87	3.9542	3.9772	3.8783	4.0054
1/27/2019	21:24:24	1729.05	3.9542	3.9771	3.8787	4.0066
1/27/2019	21:24:25	1730.37	3.9557	3.9781	3.8791	4.0081
1/27/2019	21:24:26	1731.72	3.9534	3.978	3.8787	4.0094
1/27/2019	21:24:28	1733.37	3.9547	3.9785	3.8776	4.0093
1/27/2019	21:24:29	1734.92	3.9543	3.9787	3.8773	4.0098
1/27/2019	21:24:31	1736.08	3.9516	3.9784	3.8758	4.0091
1/27/2019	21:24:32	1737.22	3.951	3.9791	3.8764	4.0088
1/27/2019	21:24:33	1738.41	3.952	3.9786	3.8747	4.0081
1/27/2019	21:24:34	1739.75	3.9547	3.9781	3.8756	4.0089
1/27/2019	21:24:36	1740.97	3.9576	3.9769	3.8759	4.0092
1/27/2019	21:24:37	1742.31	3.956	3.9764	3.8759	4.0096
1/27/2019	21:24:38	1743.42	3.9581	3.9758	3.8762	4.0102
1/27/2019	21:24:39	1744.81	3.9578	3.9755	3.8758	4.0114
1/27/2019	21:24:41	1746	3.9562	3.9767	3.8764	4.0109
1/27/2019	21:24:42	1747.41	3.9556	3.9794	3.8765	4.0087
1/27/2019	21:24:43	1748.75	3.9532	3.9802	3.8757	4.0077
1/27/2019	21:24:45	1750.36	3.9564	3.982	3.8756	4.0064
1/27/2019	21:24:47	1752.05	3.9517	3.9815	3.8738	4.0064
1/27/2019	21:24:48	1753.5	3.9525	3.9822	3.8747	4.005
1/27/2019	21:24:49	1754.91	3.9493	3.98	3.8728	4.0048
1/27/2019	21:24:51	1756.09	3.9506	3.9787	3.8734	4.0064
1/27/2019	21:24:52	1757.59	3.951	3.9766	3.8734	4.0054
1/27/2019	21:24:54	1759.33	3.9502	3.9756	3.8757	4.0054
1/27/2019	21:24:55	1760.66	3.9513	3.9743	3.8756	4.0041
1/27/2019	21:24:57	1762.05	3.9516	3.9729	3.8742	4.0056
1/27/2019	21:24:58	1763.37	3.9553	3.9734	3.8727	4.0066
1/27/2019	21:24:59	1764.62	3.9585	3.9753	3.8728	4.0072
1/27/2019	21:25:01	1766.11	3.9594	3.9767	3.8723	4.0078
1/27/2019	21:25:02	1767.41	3.9578	3.9754	3.8741	4.0091
1/27/2019	21:25:04	1769.27	3.9534	3.9758	3.8735	4.0101
1/27/2019	21:25:06	1770.98	3.9516	3.9756	3.875	4.0108
1/27/2019	21:25:07	1772.28	3.9509	3.9762	3.8746	4.0098
1/27/2019	21:25:08	1773.59	3.9532	3.9749	3.8742	4.0064
1/27/2019	21:25:09	1774.92	3.9534	3.9753	3.8734	4.0038
1/27/2019	21:25:11	1776.37	3.9506	3.9758	3.8731	4.0043
1/27/2019	21:25:12	1777.53	3.9536	3.9773	3.8743	4.0062
1/27/2019	21:25:13	1778.77	3.956	3.9776	3.8748	4.006
1/27/2019	21:25:15	1780.19	3.9581	3.9789	3.8742	4.0066
1/27/2019	21:25:16	1781.67	3.9563	3.978	3.8734	4.0066
1/27/2019	21:25:17	1782.94	3.9547	3.9808	3.8725	4.0104
1/27/2019	21:25:19	1784.58	3.9569	3.9797	3.872	4.009
1/27/2019	21:25:21	1786.09	3.9568	3.9796	3.8713	4.0087
1/27/2019	21:25:22	1787.56	3.9579	3.9785	3.8716	4.0054
1/27/2019	21:25:23	1788.87	3.9562	3.9776	3.8713	4.0047
1/27/2019	21:25:25	1790.33	3.9557	3.9776	3.8715	4.0058
1/27/2019	21:25:26	1791.62	3.9528	3.9761	3.8721	4.0055
1/27/2019	21:25:27	1792.86	3.9547	3.9767	3.8732	4.0044
1/27/2019	21:25:29	1794.06	3.9548	3.9772	3.8741	4.0035
1/27/2019	21:25:30	1795.52	3.9581	3.9791	3.8738	4.0058
1/27/2019	21:25:32	1797.08	3.9568	3.979	3.8736	4.0052
1/27/2019	21:25:33	1798.12	3.9579	3.9799	3.8737	4.006
1/27/2019	21:25:34	1799.59	3.9577	3.9789	3.8737	4.0029
1/27/2019	21:25:35	1800.8	3.9573	3.9808	3.8733	4.0026
1/27/2019	21:25:37	1802.02	3.9567	3.9796	3.8715	3.9997
1/27/2019	21:25:38	1803.59	3.9548	3.9785	3.8711	3.9991
1/27/2019	21:25:39	1804.89	3.9558	3.9752	3.8715	4.002
1/27/2019	21:25:41	1806.27	3.9552	3.9748	3.8726	4.0053
1/27/2019	21:25:42	1807.67	3.9562	3.974	3.8718	4.0085
1/27/2019	21:25:43	1808.91	3.9577	3.9759	3.8716	4.0088
1/27/2019	21:25:45	1810.12	3.9587	3.9768	3.87	4.0096
1/27/2019	21:25:46	1811.33	3.9607	3.9792	3.8698	4.0088
1/27/2019	21:25:47	1812.81	3.9599	3.979	3.869	4.0081
1/27/2019	21:25:49	1814.25	3.9607	3.9784	3.8703	4.0075
1/27/2019	21:25:50	1815.66	3.9595	3.9767	3.8716	4.0071
1/27/2019	21:25:51	1816.8	3.9582	3.9763	3.8743	4.0077
1/27/2019	21:25:53	1818.11	3.9581	3.9752	3.873	4.0068
1/27/2019	21:25:54	1819.53	3.956	3.9767	3.8725	4.0076
1/27/2019	21:25:56	1821.3	3.9558	3.9773	3.8713	4.0073
1/27/2019	21:25:58	1823.03	3.9566	3.9777	3.8728	4.0062
1/27/2019	21:25:59	1824.17	3.9557	3.9766	3.8718	4.0054
1/27/2019	21:26:00	1825.34	3.9575	3.9771	3.8708	4.0059
1/27/2019	21:26:01	1826.66	3.9571	3.9768	3.8703	4.0059
1/27/2019	21:26:02	1827.94	3.96	3.9767	3.8712	4.0071
1/27/2019	21:26:04	1829.28	3.9612	3.9743	3.8713	4.0054
1/27/2019	21:26:05	1830.58	3.9621	3.9744	3.87	4.0061
1/27/2019	21:26:07	1831.98	3.9637	3.9725	3.8685	4.0043
1/27/2019	21:26:08	1833.5	3.9641	3.9747	3.8677	4.0041
1/27/2019	21:26:09	1834.67	3.9617	3.9754	3.8682	4.0031
1/27/2019	21:26:10	1835.92	3.9592	3.9777	3.8697	4.0029
1/27/2019	21:26:12	1837.36	3.9587	3.9764	3.8701	4.0029
1/27/2019	21:26:13	1838.7	3.9575	3.9767	3.8701	4.0042
1/27/2019	21:26:14	1839.87	3.958	3.9778	3.8695	4.0043
1/27/2019	21:26:16	1841.53	3.9556	3.9785	3.8696	4.0054
1/27/2019	21:26:17	1842.66	3.9583	3.9778	3.8699	4.0026
1/27/2019	21:26:19	1844.05	3.9588	3.9762	3.8707	4.003
1/27/2019	21:26:20	1845.28	3.9601	3.9763	3.87	4.0025
1/27/2019	21:26:21	1846.45	3.9588	3.977	3.8697	4.0038
1/27/2019	21:26:23	1848.28	3.957	3.9771	3.8698	4.0036
1/27/2019	21:26:25	1850	3.9564	3.9778	3.8685	4.0029
1/27/2019	21:26:26	1851.37	3.9574	3.9787	3.8686	4.0045
1/27/2019	21:26:27	1852.67	3.9591	3.9796	3.8676	4.006
1/27/2019	21:26:29	1853.97	3.9592	3.9801	3.8697	4.006
1/27/2019	21:26:30	1855.28	3.957	3.9797	3.869	4.0046
1/27/2019	21:26:31	1856.59	3.9595	3.9805	3.868	4.0039
1/27/2019	21:26:33	1857.98	3.9587	3.9799	3.8679	4.005
1/27/2019	21:26:34	1859.42	3.962	3.9805	3.8667	4.0064
1/27/2019	21:26:35	1860.77	3.9576	3.9796	3.8671	4.0056
1/27/2019	21:26:37	1862.23	3.9578	3.9805	3.8669	4.0036
1/27/2019	21:26:38	1863.55	3.9558	3.9808	3.867	4.0009
1/27/2019	21:26:39	1864.78	3.9561	3.982	3.8666	4.0004
1/27/2019	21:26:41	1866.22	3.9584	3.9796	3.865	4.0018
1/27/2019	21:26:42	1867.58	3.9591	3.98	3.8672	4.002
1/27/2019	21:26:43	1868.87	3.9605	3.9806	3.8682	4.003
1/27/2019	21:26:45	1870.41	3.9587	3.9823	3.8695	4.0023
1/27/2019	21:26:47	1872.17	3.9605	3.9819	3.8684	4.0043
1/27/2019	21:26:48	1873.84	3.9593	3.9808	3.8674	4.0038
1/27/2019	21:26:50	1875.08	3.9605	3.9823	3.8653	4.003
1/27/2019	21:26:51	1876.72	3.9583	3.9815	3.8656	4.0018
1/27/2019	21:26:53	1878.22	3.9596	3.9825	3.8658	4.0029
1/27/2019	21:26:54	1879.39	3.9591	3.9815	3.8669	4.0044
1/27/2019	21:26:55	1880.77	3.9572	3.9809	3.8654	4.0039
1/27/2019	21:26:57	1882.31	3.9566	3.9804	3.8654	4.0044
1/27/2019	21:26:58	1883.48	3.9571	3.9795	3.8654	4.0049
1/27/2019	21:27:00	1885	3.9586	3.9802	3.8679	4.0069
1/27/2019	21:27:01	1886.66	3.9614	3.9786	3.867	4.0055
1/27/2019	21:27:02	1887.92	3.9616	3.9792	3.8674	4.0048
1/27/2019	21:27:04	1889.33	3.9641	3.9804	3.8649	4.0047
1/27/2019	21:27:05	1890.72	3.9613	3.9802	3.8666	4.0054
1/27/2019	21:27:07	1892.2	3.9614	3.9796	3.8665	4.006
1/27/2019	21:27:08	1893.28	3.9604	3.9796	3.8675	4.0024
1/27/2019	21:27:09	1894.72	3.9621	3.9806	3.8643	4
1/27/2019	21:27:11	1896.31	3.9646	3.9814	3.8636	3.9997
1/27/2019	21:27:12	1897.55	3.9629	3.9797	3.8628	4.0019
1/27/2019	21:27:13	1898.62	3.9622	3.9795	3.866	4.0032
1/27/2019	21:27:15	1900.14	3.9612	3.9795	3.8668	4.0011
1/27/2019	21:27:16	1901.62	3.9616	3.9786	3.8661	4.0001
1/27/2019	21:27:17	1902.91	3.9616	3.9785	3.863	3.9991
1/27/2019	21:27:19	1904.17	3.9608	3.9768	3.8623	4.0014
1/27/2019	21:27:20	1905.73	3.9592	3.9764	3.8632	4.0016
1/27/2019	21:27:22	1907	3.9595	3.9766	3.8651	4.0029
1/27/2019	21:27:23	1908.42	3.9582	3.9768	3.8659	4.003
1/27/2019	21:27:24	1909.72	3.9608	3.9778	3.8663	4.0033
1/27/2019	21:27:25	1910.94	3.96	3.9781	3.8666	4.0029
1/27/2019	21:27:27	1912.28	3.9597	3.9805	3.8664	4.0002
1/27/2019	21:27:28	1913.45	3.9621	3.9821	3.8657	4.0008
1/27/2019	21:27:29	1914.8	3.9635	3.982	3.8633	4.0014
1/27/2019	21:27:31	1916	3.9668	3.9804	3.8624	4.0039
1/27/2019	21:27:32	1917.19	3.9622	3.9793	3.8612	4.0018
1/27/2019	21:27:33	1918.48	3.965	3.9792	3.861	4.0016
1/27/2019	21:27:34	1919.89	3.961	3.9796	3.8619	4.0001
1/27/2019	21:27:36	1921.27	3.9639	3.9788	3.8644	4.0031
1/27/2019	21:27:37	1922.84	3.9613	3.9776	3.8665	4.0025
1/27/2019	21:27:39	1924.2	3.9651	3.9766	3.8674	4.0031
1/27/2019	21:27:40	1925.52	3.9659	3.9777	3.8676	4.0029
1/27/2019	21:27:41	1926.89	3.9651	3.9764	3.8669	4.0036
1/27/2019	21:27:43	1928.28	3.964	3.9753	3.8659	4.0043
1/27/2019	21:27:44	1929.5	3.9644	3.9731	3.8646	4.0036
1/27/2019	21:27:45	1930.78	3.9648	3.974	3.8653	4.0028
1/27/2019	21:27:47	1932.16	3.964	3.9761	3.8645	4.0008
1/27/2019	21:27:48	1933.62	3.963	3.9762	3.8634	4.0007
1/27/2019	21:27:50	1935.22	3.9638	3.9763	3.8639	4.0031
1/27/2019	21:27:51	1936.72	3.9616	3.974	3.8624	4.0049
1/27/2019	21:27:52	1937.86	3.9614	3.9734	3.8639	4.0038
1/27/2019	21:27:54	1939.27	3.9589	3.9729	3.8628	4.0004
1/27/2019	21:27:55	1940.52	3.9609	3.9738	3.8642	4.0019
1/27/2019	21:27:56	1941.89	3.9581	3.9753	3.8628	4.0035
1/27/2019	21:27:58	1943.08	3.9606	3.9775	3.8638	4.0025
1/27/2019	21:27:59	1944.28	3.9631	3.978	3.8642	3.9997
1/27/2019	21:28:00	1945.66	3.9664	3.9776	3.8654	3.9973
1/27/2019	21:28:02	1947	3.9664	3.9768	3.8637	3.9994
1/27/2019	21:28:03	1948.45	3.9665	3.9752	3.8614	4.0001
1/27/2019	21:28:05	1949.97	3.9665	3.975	3.8601	4.0023
1/27/2019	21:28:06	1951.25	3.9668	3.9745	3.8604	4.0009
1/27/2019	21:28:07	1952.81	3.9684	3.9758	3.8614	4.0006
1/27/2019	21:28:09	1954.17	3.9688	3.9763	3.8611	3.9991
1/27/2019	21:28:10	1955.37	3.9674	3.9771	3.8623	4.0018
1/27/2019	21:28:11	1956.69	3.9627	3.9769	3.8623	4.0011
1/27/2019	21:28:12	1957.92	3.9623	3.9769	3.8622	4.0026
1/27/2019	21:28:14	1959.09	3.9636	3.9757	3.861	4
1/27/2019	21:28:15	1960.55	3.9647	3.9764	3.862	3.9995
1/27/2019	21:28:16	1961.81	3.9662	3.9744	3.8633	3.9969
1/27/2019	21:28:18	1963.28	3.9677	3.974	3.8638	3.9975
1/27/2019	21:28:19	1964.5	3.9684	3.9719	3.8635	4.0003
1/27/2019	21:28:20	1965.7	3.9651	3.9725	3.8622	4.0018
1/27/2019	21:28:22	1966.95	3.9626	3.9754	3.8596	4.0015
1/27/2019	21:28:23	1968.22	3.9647	3.9784	3.8596	3.9998
1/27/2019	21:28:24	1969.64	3.9651	3.9804	3.8609	4.0017
1/27/2019	21:28:25	1970.84	3.9673	3.978	3.8608	4.0031
1/27/2019	21:28:27	1972.94	3.9632	3.9767	3.8608	4.0048
1/27/2019	21:28:29	1974.33	3.9662	3.9733	3.8601	4.0048
1/27/2019	21:28:30	1975.75	3.9622	3.9724	3.8606	4.0029
1/27/2019	21:28:32	1977.19	3.9627	3.9718	3.8599	3.9992
1/27/2019	21:28:34	1979.44	3.9583	3.9733	3.8597	3.9973
1/27/2019	21:28:35	1980.72	3.9634	3.9737	3.8594	3.9985
1/27/2019	21:28:37	1982.25	3.9642	3.9723	3.8599	3.9992
1/27/2019	21:28:39	1984.3	3.9672	3.9733	3.8591	3.9985
1/27/2019	21:28:40	1985.86	3.9659	3.9726	3.8602	3.9974
1/27/2019	21:28:42	1987.11	3.9682	3.9735	3.8575	3.9988
1/27/2019	21:28:43	1988.73	3.9687	3.9728	3.8581	4
1/27/2019	21:28:44	1989.87	3.9685	3.9728	3.8581	3.9998
1/27/2019	21:28:46	1991.53	3.964	3.9718	3.8592	3.9987
1/27/2019	21:28:48	1993.86	3.963	3.9704	3.8607	3.9989
1/27/2019	21:28:50	1995.06	3.9644	3.971	3.8596	3.9984
1/27/2019	21:28:51	1996.45	3.969	3.9737	3.8606	3.9972
1/27/2019	21:28:52	1997.83	3.9691	3.9751	3.8596	3.9959
1/27/2019	21:28:54	1999.39	3.9694	3.9744	3.8612	3.9961
1/27/2019	21:28:55	2000.72	3.9695	3.9739	3.8606	3.9974
1/27/2019	21:28:57	2002.22	3.9727	3.9739	3.8587	3.9985
1/27/2019	21:28:58	2003.55	3.9702	3.9742	3.8569	4.0004
1/27/2019	21:28:59	2004.89	3.9707	3.9743	3.8577	4.0007
1/27/2019	21:29:01	2006.28	3.9672	3.9725	3.86	4
1/27/2019	21:29:02	2007.58	3.9683	3.9729	3.8611	3.9977
1/27/2019	21:29:04	2009.06	3.9666	3.971	3.8586	3.998
1/27/2019	21:29:05	2010.5	3.9696	3.9723	3.8565	3.9986
1/27/2019	21:29:06	2011.83	3.9708	3.9715	3.8549	3.9979
1/27/2019	21:29:08	2013.41	3.9737	3.9716	3.858	3.9981
1/27/2019	21:29:09	2014.66	3.9714	3.9706	3.8587	3.9965
1/27/2019	21:29:11	2016.02	3.9689	3.9704	3.8597	3.998
1/27/2019	21:29:12	2017.34	3.9646	3.9706	3.856	3.999
1/27/2019	21:29:13	2018.86	3.9649	3.9709	3.8552	4.0006
1/27/2019	21:29:15	2020.17	3.9664	3.9709	3.8547	4.0014
1/27/2019	21:29:16	2021.62	3.9665	3.9694	3.8561	4.0014
1/27/2019	21:29:18	2022.95	3.9652	3.9682	3.8567	4.001
1/27/2019	21:29:19	2024.41	3.9638	3.9681	3.8586	4.0003
1/27/2019	21:29:20	2025.59	3.9667	3.9686	3.8586	3.9985
1/27/2019	21:29:22	2027.03	3.9682	3.969	3.8581	4.0004
1/27/2019	21:29:23	2028.33	3.9685	3.9684	3.8564	4.0006
1/27/2019	21:29:25	2030.34	3.9673	3.9701	3.8587	4.001
1/27/2019	21:29:26	2031.64	3.967	3.9708	3.8585	3.9996
1/27/2019	21:29:28	2033.19	3.9661	3.9742	3.8586	4.0004
1/27/2019	21:29:29	2034.52	3.9648	3.9716	3.8554	4.0021
1/27/2019	21:29:31	2036	3.9668	3.972	3.8572	4.0031
1/27/2019	21:29:32	2037.47	3.9653	3.9697	3.8565	4.0013
1/27/2019	21:29:33	2038.75	3.9652	3.9718	3.8582	4.0007
1/27/2019	21:29:35	2040.17	3.9622	3.9709	3.8566	3.9998
1/27/2019	21:29:36	2041.89	3.9646	3.9719	3.8566	4.0006
1/27/2019	21:29:38	2043.34	3.9641	3.9714	3.8561	3.9996
1/27/2019	21:29:39	2044.64	3.9678	3.9722	3.856	3.999
1/27/2019	21:29:40	2045.86	3.9683	3.9716	3.8559	4.0008
1/27/2019	21:29:42	2047.47	3.9691	3.9723	3.856	4.0008
1/27/2019	21:29:44	2049.7	3.9674	3.9727	3.8556	4.0017
1/27/2019	21:29:46	2051.47	3.9694	3.9724	3.8579	4.0013
1/27/2019	21:29:48	2053.34	3.9712	3.9725	3.8571	4.0004
1/27/2019	21:29:50	2055.05	3.97	3.9725	3.8585	4.0006
1/27/2019	21:29:51	2056.81	3.972	3.9732	3.8585	3.9986
1/27/2019	21:29:53	2058.5	3.9696	3.9723	3.8572	4.0001
1/27/2019	21:29:54	2059.72	3.9724	3.972	3.8552	3.999
1/27/2019	21:29:56	2061.14	3.9695	3.9718	3.8549	4.0001
1/27/2019	21:29:57	2062.92	3.9719	3.9716	3.856	4.0016
1/27/2019	21:29:59	2064.22	3.9698	3.9705	3.8571	4.0014
1/27/2019	21:30:00	2065.66	3.9681	3.9685	3.854	4.0024
1/27/2019	21:30:02	2067.5	3.9703	3.9683	3.8541	4.0006
1/27/2019	21:30:03	2068.91	3.9691	3.9695	3.8526	4.0002
1/27/2019	21:30:05	2070.53	3.9711	3.97	3.8533	4.0005
1/27/2019	21:30:07	2072.36	3.9694	3.9705	3.853	3.9997
1/27/2019	21:30:08	2073.53	3.9715	3.9706	3.8534	3.9991
1/27/2019	21:30:09	2074.81	3.9717	3.9713	3.8536	3.9974
1/27/2019	21:30:11	2076.08	3.9721	3.9709	3.8546	3.9977
1/27/2019	21:30:12	2077.92	3.9726	3.9699	3.8544	3.9986
1/27/2019	21:30:14	2079.17	3.9729	3.9709	3.8554	3.9971
1/27/2019	21:30:15	2080.67	3.9699	3.9702	3.8545	3.9973
1/27/2019	21:30:18	2083.09	3.9688	3.972	3.8548	3.9975
1/27/2019	21:30:19	2084.92	3.9682	3.9715	3.8529	4.0002
1/27/2019	21:30:21	2086.69	3.9687	3.9719	3.8507	3.9996
1/27/2019	21:30:23	2088.02	3.9666	3.971	3.8489	3.9994
1/27/2019	21:30:25	2089.98	3.965	3.9706	3.8508	3.9979
1/27/2019	21:30:27	2092.22	3.9669	3.9705	3.852	3.9998
1/27/2019	21:30:28	2093.53	3.9703	3.9708	3.8551	4.0007
1/27/2019	21:30:30	2095.02	3.9707	3.9694	3.854	3.9996
1/27/2019	21:30:32	2097.02	3.9729	3.9688	3.8533	3.9984
1/27/2019	21:30:33	2098.75	3.9753	3.9695	3.8524	3.9962
1/27/2019	21:30:35	2100.84	3.9762	3.9714	3.8533	3.9965
1/27/2019	21:30:37	2102.37	3.9738	3.9728	3.8541	3.995
1/27/2019	21:30:38	2103.81	3.9724	3.9725	3.8541	3.9977
1/27/2019	21:30:40	2105.75	3.975	3.9691	3.8531	3.9996
1/27/2019	21:30:43	2108.16	3.9765	3.9683	3.8536	4.0005
1/27/2019	21:30:44	2109.72	3.9758	3.9676	3.8534	3.9992
1/27/2019	21:30:46	2111.31	3.9755	3.9707	3.8541	3.9977
1/27/2019	21:30:47	2112.78	3.9734	3.9718	3.8543	3.9976
1/27/2019	21:30:49	2114.72	3.9744	3.972	3.8527	3.9962
1/27/2019	21:30:51	2116.34	3.9719	3.9727	3.8524	3.9972
1/27/2019	21:30:52	2117.91	3.9728	3.9721	3.8532	3.9977
1/27/2019	21:30:55	2120.05	3.9709	3.971	3.8534	3.9995
1/27/2019	21:30:56	2121.5	3.9725	3.9699	3.8524	3.9995
1/27/2019	21:30:58	2123.14	3.9694	3.97	3.8519	3.9994
1/27/2019	21:31:00	2124.97	3.9692	3.9709	3.8534	3.9997
1/27/2019	21:31:01	2126.36	3.9686	3.9709	3.8523	3.9994
1/27/2019	21:31:02	2127.91	3.9722	3.9696	3.8498	4.0008
1/27/2019	21:31:05	2129.98	3.9733	3.9697	3.847	4.0014
1/27/2019	21:31:06	2131.33	3.9729	3.9699	3.847	4.0014
1/27/2019	21:31:08	2133.05	3.9734	3.9694	3.8493	4
1/27/2019	21:31:10	2134.97	3.9722	3.9692	3.8513	3.9996
1/27/2019	21:31:11	2136.19	3.9734	3.9689	3.8522	3.9996
1/27/2019	21:31:12	2137.61	3.9705	3.9704	3.8504	4.0007
1/27/2019	21:31:14	2139.19	3.9742	3.9703	3.8501	3.9992
1/27/2019	21:31:15	2140.45	3.9741	3.97	3.8494	3.9988
1/27/2019	21:31:16	2141.87	3.9788	3.9708	3.8503	3.9968
1/27/2019	21:31:19	2144.08	3.977	3.9699	3.8504	3.9979
1/27/2019	21:31:20	2145.45	3.975	3.9696	3.8499	3.9984
1/27/2019	21:31:22	2147.09	3.9749	3.9701	3.8485	3.9991
1/27/2019	21:31:23	2148.83	3.9721	3.972	3.8485	3.9983
1/27/2019	21:31:25	2150.47	3.9712	3.9746	3.8507	3.9979
1/27/2019	21:31:26	2151.91	3.968	3.973	3.8522	3.9975
1/27/2019	21:31:29	2154.16	3.9709	3.9725	3.8516	3.9962
1/27/2019	21:31:30	2155.69	3.9737	3.9719	3.8501	3.9968
1/27/2019	21:31:32	2157.33	3.9743	3.9732	3.8485	3.9985
1/27/2019	21:31:34	2159.36	3.9747	3.972	3.8491	3.9995
1/27/2019	21:31:35	2160.44	3.9742	3.9695	3.8494	3.999
1/27/2019	21:31:37	2162.09	3.9767	3.9681	3.8499	3.9971
1/27/2019	21:31:39	2164.2	3.9754	3.9686	3.8496	3.9977
1/27/2019	21:31:40	2165.7	3.9771	3.9709	3.8503	3.9985
1/27/2019	21:31:42	2167.73	3.9755	3.9718	3.8508	4.0011
1/27/2019	21:31:44	2169.2	3.9743	3.971	3.8501	4.0001
1/27/2019	21:31:45	2170.66	3.9754	3.9709	3.8488	3.9985
1/27/2019	21:31:46	2171.89	3.9752	3.9715	3.8476	3.9971
1/27/2019	21:31:48	2173.77	3.9772	3.972	3.8481	3.9957
1/27/2019	21:31:50	2175.2	3.9768	3.9718	3.8475	3.9978
1/27/2019	21:31:51	2176.64	3.9772	3.9711	3.8472	3.9953
1/27/2019	21:31:53	2178.37	3.9781	3.9727	3.8462	3.9965
1/27/2019	21:31:55	2180.3	3.9777	3.9713	3.8465	3.9973
1/27/2019	21:31:57	2182.33	3.9751	3.9694	3.8477	3.9994
1/27/2019	21:31:58	2183.7	3.9738	3.9678	3.8477	3.9996
1/27/2019	21:32:00	2185.19	3.9718	3.9714	3.8471	3.9954
1/27/2019	21:32:02	2187.11	3.975	3.9723	3.8455	3.9942
1/27/2019	21:32:03	2188.42	3.9738	3.9733	3.8492	3.9926
1/27/2019	21:32:04	2189.8	3.976	3.9704	3.8502	3.9932
1/27/2019	21:32:07	2192.02	3.9742	3.972	3.8522	3.9934
1/27/2019	21:32:08	2193.27	3.9771	3.9711	3.849	3.9939
1/27/2019	21:32:10	2195	3.9761	3.971	3.849	3.9962
1/27/2019	21:32:11	2196.81	3.9783	3.9695	3.8487	3.9968
1/27/2019	21:32:13	2198.28	3.9766	3.9687	3.8471	3.9979
1/27/2019	21:32:14	2199.56	3.9758	3.9697	3.8444	3.9974
1/27/2019	21:32:16	2201.19	3.974	3.9709	3.8423	3.998
1/27/2019	21:32:17	2202.75	3.9734	3.9719	3.844	3.9985
1/27/2019	21:32:19	2204.06	3.9716	3.9711	3.8444	3.9958
1/27/2019	21:32:20	2205.39	3.9717	3.9718	3.8453	3.9932
1/27/2019	21:32:22	2206.95	3.9726	3.9723	3.8449	3.9919
1/27/2019	21:32:23	2208.34	3.9745	3.9735	3.8454	3.9942
1/27/2019	21:32:24	2209.59	3.9756	3.9731	3.8458	3.9975
1/27/2019	21:32:26	2211.31	3.9764	3.974	3.8451	3.9979
1/27/2019	21:32:27	2212.62	3.9764	3.974	3.8469	3.9986
1/27/2019	21:32:29	2214	3.9731	3.9729	3.8471	3.9969
1/27/2019	21:32:30	2215.91	3.9722	3.9718	3.8485	3.998
1/27/2019	21:32:32	2217.3	3.9721	3.9692	3.848	3.9975
1/27/2019	21:32:33	2218.64	3.9789	3.9705	3.8449	3.9963
1/27/2019	21:32:35	2220.58	3.9805	3.9709	3.8434	3.996
1/27/2019	21:32:37	2222.28	3.9815	3.9734	3.8434	3.9951
1/27/2019	21:32:38	2223.89	3.9771	3.9724	3.8448	3.997
1/27/2019	21:32:40	2225.87	3.9748	3.9725	3.8445	3.9961
1/27/2019	21:32:42	2227.55	3.973	3.9716	3.8442	3.9951