Date	Time_HH:MM:SS	Time_sec	Ch1_O2_09|T2_27B	Ch2_O2_13|T2_27B	Ch3_O2_14|T2_27B	Ch4_O2_15|T2_27B	Ch1_Temp	Ch2_Temp	Ch3_Temp	Ch4_Temp
1/28/2019	08:03:52	300.03	4.0375	4.1654	3.9908	4.2773	27.000	27.000	27.000	27.000
1/28/2019	08:03:54	301.52	4.0376	4.1662	3.9875	4.2751	27.000	27.000	27.000	27.000
1/28/2019	08:03:55	302.98	4.0376	4.1657	3.9863	4.2742	27.000	27.000	27.000	27.000
1/28/2019	08:03:57	304.37	4.0366	4.1682	3.9889	4.2736	27.000	27.000	27.000	27.000
1/28/2019	08:03:58	305.70	4.0362	4.1667	3.9899	4.2760	27.000	27.000	27.000	27.000
1/28/2019	08:04:00	307.22	4.0360	4.1668	3.9898	4.2746	27.000	27.000	27.000	27.000
1/28/2019	08:04:01	308.64	4.0365	4.1660	3.9888	4.2740	27.000	27.000	27.000	27.000
1/28/2019	08:04:03	310.34	4.0362	4.1678	3.9878	4.2731	27.000	27.000	27.000	27.000
1/28/2019	08:04:04	311.80	4.0368	4.1681	3.9864	4.2719	27.000	27.000	27.000	27.000
1/28/2019	08:04:06	313.14	4.0349	4.1689	3.9864	4.2712	27.000	27.000	27.000	27.000
1/28/2019	08:04:07	314.62	4.0363	4.1693	3.9863	4.2718	27.000	27.000	27.000	27.000
1/28/2019	08:04:08	315.89	4.0344	4.1721	3.9864	4.2722	27.000	27.000	27.000	27.000
1/28/2019	08:04:10	317.36	4.0346	4.1709	3.9840	4.2716	27.000	27.000	27.000	27.000
1/28/2019	08:04:11	318.75	4.0311	4.1710	3.9820	4.2698	27.000	27.000	27.000	27.000
1/28/2019	08:04:13	320.16	4.0297	4.1691	3.9819	4.2713	27.000	27.000	27.000	27.000
1/28/2019	08:04:14	321.61	4.0268	4.1682	3.9825	4.2723	27.000	27.000	27.000	27.000
1/28/2019	08:04:15	322.97	4.0253	4.1668	3.9823	4.2726	27.000	27.000	27.000	27.000
1/28/2019	08:04:17	324.36	4.0250	4.1646	3.9832	4.2738	27.000	27.000	27.000	27.000
1/28/2019	08:04:18	325.91	4.0242	4.1645	3.9844	4.2744	27.000	27.000	27.000	27.000
1/28/2019	08:04:20	327.31	4.0228	4.1653	3.9873	4.2743	27.000	27.000	27.000	27.000
1/28/2019	08:04:21	328.41	4.0211	4.1654	3.9884	4.2725	27.000	27.000	27.000	27.000
1/28/2019	08:04:22	329.67	4.0195	4.1659	3.9876	4.2722	27.000	27.000	27.000	27.000
1/28/2019	08:04:24	331.31	4.0186	4.1640	3.9874	4.2710	27.000	27.000	27.000	27.000
1/28/2019	08:04:25	332.75	4.0158	4.1637	3.9849	4.2704	27.000	27.000	27.000	27.000
1/28/2019	08:04:26	333.92	4.0135	4.1633	3.9853	4.2689	27.000	27.000	27.000	27.000
1/28/2019	08:04:28	335.52	4.0133	4.1645	3.9824	4.2701	27.000	27.000	27.000	27.000
1/28/2019	08:04:29	336.67	4.0150	4.1650	3.9832	4.2723	27.000	27.000	27.000	27.000
1/28/2019	08:04:31	338.14	4.0155	4.1676	3.9820	4.2711	27.000	27.000	27.000	27.000
1/28/2019	08:04:32	339.19	4.0165	4.1686	3.9837	4.2711	27.000	27.000	27.000	27.000
1/28/2019	08:04:33	340.73	4.0144	4.1672	3.9825	4.2695	27.000	27.000	27.000	27.000
1/28/2019	08:04:34	341.98	4.0153	4.1675	3.9832	4.2712	27.000	27.000	27.000	27.000
1/28/2019	08:04:36	343.42	4.0144	4.1674	3.9822	4.2720	27.000	27.000	27.000	27.000
1/28/2019	08:04:37	344.69	4.0127	4.1685	3.9828	4.2727	27.000	27.000	27.000	27.000
1/28/2019	08:04:39	346.19	4.0126	4.1679	3.9817	4.2730	27.000	27.000	27.000	27.000
1/28/2019	08:04:40	347.31	4.0102	4.1688	3.9828	4.2745	27.000	27.000	27.000	27.000
1/28/2019	08:04:41	348.77	4.0118	4.1683	3.9821	4.2745	27.000	27.000	27.000	27.000
1/28/2019	08:04:43	350.17	4.0091	4.1671	3.9829	4.2735	27.000	27.000	27.000	27.000
1/28/2019	08:04:44	351.55	4.0078	4.1667	3.9830	4.2717	27.000	27.000	27.000	27.000
1/28/2019	08:04:45	352.73	4.0058	4.1697	3.9815	4.2702	27.000	27.000	27.000	27.000
1/28/2019	08:04:47	354.37	4.0022	4.1697	3.9825	4.2723	27.000	27.000	27.000	27.000
1/28/2019	08:04:48	355.95	4.0007	4.1683	3.9822	4.2716	27.000	27.000	27.000	27.000
1/28/2019	08:04:50	357.23	3.9995	4.1671	3.9852	4.2708	27.000	27.000	27.000	27.000
1/28/2019	08:04:51	358.39	3.9991	4.1665	3.9847	4.2697	27.000	27.000	27.000	27.000
1/28/2019	08:04:52	360.03	3.9955	4.1666	3.9842	4.2690	27.000	27.000	27.000	27.000
1/28/2019	08:04:54	361.28	3.9954	4.1651	3.9834	4.2693	27.000	27.000	27.000	27.000
1/28/2019	08:04:55	362.81	3.9954	4.1654	3.9848	4.2707	27.000	27.000	27.000	27.000
1/28/2019	08:04:57	364.16	3.9949	4.1658	3.9879	4.2715	27.000	27.000	27.000	27.000
1/28/2019	08:04:58	365.72	3.9920	4.1649	3.9895	4.2724	27.000	27.000	27.000	27.000
1/28/2019	08:04:59	366.80	3.9915	4.1639	3.9883	4.2710	27.000	27.000	27.000	27.000
1/28/2019	08:05:01	368.33	3.9914	4.1634	3.9872	4.2719	27.000	27.000	27.000	27.000
1/28/2019	08:05:02	369.69	3.9918	4.1646	3.9863	4.2706	27.000	27.000	27.000	27.000
1/28/2019	08:05:03	371.00	3.9892	4.1664	3.9864	4.2698	27.000	27.000	27.000	27.000
1/28/2019	08:05:05	372.45	3.9879	4.1671	3.9854	4.2679	27.000	27.000	27.000	27.000
1/28/2019	08:05:06	373.86	3.9850	4.1684	3.9853	4.2684	27.000	27.000	27.000	27.000
1/28/2019	08:05:08	375.14	3.9848	4.1684	3.9866	4.2668	27.000	27.000	27.000	27.000
1/28/2019	08:05:09	376.47	3.9874	4.1680	3.9839	4.2675	27.000	27.000	27.000	27.000
1/28/2019	08:05:10	377.91	3.9851	4.1696	3.9834	4.2688	27.000	27.000	27.000	27.000
1/28/2019	08:05:12	379.30	3.9844	4.1714	3.9837	4.2679	27.000	27.000	27.000	27.000
1/28/2019	08:05:13	380.52	3.9795	4.1731	3.9868	4.2652	27.000	27.000	27.000	27.000
1/28/2019	08:05:14	382.05	3.9798	4.1722	3.9879	4.2636	27.000	27.000	27.000	27.000
1/28/2019	08:05:16	383.41	3.9793	4.1704	3.9868	4.2651	27.000	27.000	27.000	27.000
1/28/2019	08:05:17	384.89	3.9758	4.1709	3.9848	4.2673	27.000	27.000	27.000	27.000
1/28/2019	08:05:19	386.20	3.9725	4.1706	3.9840	4.2663	27.000	27.000	27.000	27.000
1/28/2019	08:05:20	387.64	3.9686	4.1708	3.9864	4.2651	27.000	27.000	27.000	27.000
1/28/2019	08:05:22	389.12	3.9711	4.1691	3.9893	4.2670	27.000	27.000	27.000	27.000
1/28/2019	08:05:23	390.55	3.9692	4.1682	3.9916	4.2688	27.000	27.000	27.000	27.000
1/28/2019	08:05:24	392.02	3.9682	4.1674	3.9901	4.2693	27.000	27.000	27.000	27.000
1/28/2019	08:05:26	393.53	3.9642	4.1693	3.9910	4.2665	27.000	27.000	27.000	27.000
1/28/2019	08:05:27	395.05	3.9651	4.1689	3.9926	4.2636	27.000	27.000	27.000	27.000
1/28/2019	08:05:29	396.56	3.9649	4.1693	3.9951	4.2650	27.000	27.000	27.000	27.000
1/28/2019	08:05:30	398.00	3.9622	4.1681	3.9939	4.2647	27.000	27.000	27.000	27.000
1/28/2019	08:05:32	399.44	3.9609	4.1695	3.9934	4.2660	27.000	27.000	27.000	27.000
1/28/2019	08:05:33	400.92	3.9590	4.1692	3.9906	4.2647	27.000	27.000	27.000	27.000
1/28/2019	08:05:35	402.41	3.9604	4.1688	3.9908	4.2647	27.000	27.000	27.000	27.000
1/28/2019	08:05:36	403.77	3.9579	4.1691	3.9901	4.2637	27.000	27.000	27.000	27.000
1/28/2019	08:05:38	405.14	3.9582	4.1691	3.9932	4.2631	27.000	27.000	27.000	27.000
1/28/2019	08:05:39	406.27	3.9563	4.1699	3.9949	4.2638	27.000	27.000	27.000	27.000
1/28/2019	08:05:40	407.67	3.9567	4.1701	3.9955	4.2663	27.000	27.000	27.000	27.000
1/28/2019	08:05:41	408.97	3.9545	4.1702	3.9957	4.2668	27.000	27.000	27.000	27.000
1/28/2019	08:05:43	410.41	3.9519	4.1685	3.9969	4.2658	27.000	27.000	27.000	27.000
1/28/2019	08:05:44	411.55	3.9513	4.1660	3.9959	4.2645	27.000	27.000	27.000	27.000
1/28/2019	08:05:46	413.09	3.9516	4.1675	3.9951	4.2641	27.000	27.000	27.000	27.000
1/28/2019	08:05:47	414.72	3.9534	4.1688	3.9940	4.2635	27.000	27.000	27.000	27.000
1/28/2019	08:05:49	416.47	3.9534	4.1701	3.9962	4.2633	27.000	27.000	27.000	27.000
1/28/2019	08:05:50	418.02	3.9542	4.1697	3.9978	4.2649	27.000	27.000	27.000	27.000
1/28/2019	08:05:52	419.17	3.9546	4.1686	3.9988	4.2645	27.000	27.000	27.000	27.000
1/28/2019	08:05:53	420.34	3.9538	4.1676	3.9984	4.2651	27.000	27.000	27.000	27.000
1/28/2019	08:05:54	421.84	3.9510	4.1676	3.9971	4.2660	27.000	27.000	27.000	27.000
1/28/2019	08:05:56	423.23	3.9488	4.1687	3.9989	4.2683	27.000	27.000	27.000	27.000
1/28/2019	08:05:57	424.86	3.9488	4.1686	3.9991	4.2670	27.000	27.000	27.000	27.000
1/28/2019	08:05:59	426.34	3.9492	4.1671	4.0009	4.2630	27.000	27.000	27.000	27.000
1/28/2019	08:06:00	427.89	3.9488	4.1662	3.9998	4.2593	27.000	27.000	27.000	27.000
1/28/2019	08:06:02	429.33	3.9458	4.1659	4.0010	4.2602	27.000	27.000	27.000	27.000
1/28/2019	08:06:03	430.59	3.9447	4.1645	4.0015	4.2620	27.000	27.000	27.000	27.000
1/28/2019	08:06:05	432.19	3.9436	4.1644	4.0039	4.2641	27.000	27.000	27.000	27.000
1/28/2019	08:06:06	433.81	3.9439	4.1648	4.0064	4.2620	27.000	27.000	27.000	27.000
1/28/2019	08:06:07	435.06	3.9418	4.1649	4.0065	4.2609	27.000	27.000	27.000	27.000
1/28/2019	08:06:09	436.66	3.9425	4.1655	4.0061	4.2628	27.000	27.000	27.000	27.000
1/28/2019	08:06:10	437.95	3.9416	4.1661	4.0036	4.2642	27.000	27.000	27.000	27.000
1/28/2019	08:06:12	439.34	3.9415	4.1667	4.0057	4.2642	27.000	27.000	27.000	27.000
1/28/2019	08:06:13	440.89	3.9404	4.1646	4.0072	4.2625	27.000	27.000	27.000	27.000
1/28/2019	08:06:15	442.37	3.9394	4.1640	4.0089	4.2631	27.000	27.000	27.000	27.000
1/28/2019	08:06:16	443.61	3.9393	4.1646	4.0079	4.2625	27.000	27.000	27.000	27.000
1/28/2019	08:06:18	445.20	3.9382	4.1658	4.0057	4.2616	27.000	27.000	27.000	27.000
1/28/2019	08:06:19	446.47	3.9394	4.1657	4.0062	4.2588	27.000	27.000	27.000	27.000
1/28/2019	08:06:20	447.94	3.9391	4.1661	4.0062	4.2582	27.000	27.000	27.000	27.000
1/28/2019	08:06:22	449.20	3.9386	4.1658	4.0070	4.2588	27.000	27.000	27.000	27.000
1/28/2019	08:06:23	450.69	3.9370	4.1670	4.0071	4.2595	27.000	27.000	27.000	27.000
1/28/2019	08:06:25	452.42	3.9379	4.1657	4.0071	4.2609	27.000	27.000	27.000	27.000
1/28/2019	08:06:26	453.53	3.9400	4.1661	4.0086	4.2598	27.000	27.000	27.000	27.000
1/28/2019	08:06:27	454.72	3.9382	4.1645	4.0087	4.2597	27.000	27.000	27.000	27.000
1/28/2019	08:06:29	456.12	3.9364	4.1658	4.0103	4.2587	27.000	27.000	27.000	27.000
1/28/2019	08:06:30	457.25	3.9361	4.1653	4.0103	4.2615	27.000	27.000	27.000	27.000
1/28/2019	08:06:31	458.92	3.9362	4.1653	4.0106	4.2622	27.000	27.000	27.000	27.000
1/28/2019	08:06:33	460.44	3.9358	4.1644	4.0106	4.2630	27.000	27.000	27.000	27.000
1/28/2019	08:06:34	461.92	3.9329	4.1635	4.0105	4.2599	27.000	27.000	27.000	27.000
1/28/2019	08:06:36	463.09	3.9324	4.1629	4.0104	4.2606	27.000	27.000	27.000	27.000
1/28/2019	08:06:37	464.62	3.9311	4.1629	4.0123	4.2601	27.000	27.000	27.000	27.000
1/28/2019	08:06:38	465.84	3.9289	4.1623	4.0143	4.2611	27.000	27.000	27.000	27.000
1/28/2019	08:06:40	467.33	3.9280	4.1611	4.0147	4.2611	27.000	27.000	27.000	27.000
1/28/2019	08:06:41	468.70	3.9263	4.1608	4.0133	4.2598	27.000	27.000	27.000	27.000
1/28/2019	08:06:43	470.20	3.9275	4.1608	4.0115	4.2606	27.000	27.000	27.000	27.000
1/28/2019	08:06:44	471.41	3.9289	4.1631	4.0132	4.2584	27.000	27.000	27.000	27.000
1/28/2019	08:06:45	472.84	3.9311	4.1636	4.0147	4.2578	27.000	27.000	27.000	27.000
1/28/2019	08:06:47	474.17	3.9307	4.1646	4.0160	4.2547	27.000	27.000	27.000	27.000
1/28/2019	08:06:48	475.70	3.9282	4.1642	4.0162	4.2555	27.000	27.000	27.000	27.000
1/28/2019	08:06:50	477.09	3.9273	4.1628	4.0149	4.2565	27.000	27.000	27.000	27.000
1/28/2019	08:06:51	478.95	3.9271	4.1636	4.0160	4.2584	27.000	27.000	27.000	27.000
1/28/2019	08:06:53	480.64	3.9286	4.1636	4.0157	4.2578	27.000	27.000	27.000	27.000
1/28/2019	08:06:54	482.05	3.9277	4.1648	4.0170	4.2581	27.000	27.000	27.000	27.000
1/28/2019	08:06:56	483.47	3.9271	4.1645	4.0185	4.2568	27.000	27.000	27.000	27.000
1/28/2019	08:06:58	485.20	3.9259	4.1649	4.0194	4.2580	27.000	27.000	27.000	27.000
1/28/2019	08:06:59	486.64	3.9259	4.1657	4.0199	4.2574	27.000	27.000	27.000	27.000
1/28/2019	08:07:00	487.89	3.9234	4.1655	4.0198	4.2580	27.000	27.000	27.000	27.000
1/28/2019	08:07:02	489.27	3.9228	4.1645	4.0198	4.2558	27.000	27.000	27.000	27.000
1/28/2019	08:07:03	490.72	3.9201	4.1648	4.0214	4.2555	27.000	27.000	27.000	27.000
1/28/2019	08:07:05	492.17	3.9207	4.1663	4.0216	4.2548	27.000	27.000	27.000	27.000
1/28/2019	08:07:06	493.69	3.9201	4.1691	4.0226	4.2547	27.000	27.000	27.000	27.000
1/28/2019	08:07:08	495.14	3.9209	4.1701	4.0219	4.2540	27.000	27.000	27.000	27.000
1/28/2019	08:07:09	496.70	3.9224	4.1691	4.0231	4.2531	27.000	27.000	27.000	27.000
1/28/2019	08:07:11	498.16	3.9235	4.1673	4.0232	4.2549	27.000	27.000	27.000	27.000
1/28/2019	08:07:12	499.48	3.9217	4.1659	4.0226	4.2555	27.000	27.000	27.000	27.000
1/28/2019	08:07:13	501.00	3.9200	4.1658	4.0210	4.2567	27.000	27.000	27.000	27.000
1/28/2019	08:07:15	502.56	3.9173	4.1667	4.0205	4.2568	27.000	27.000	27.000	27.000
1/28/2019	08:07:17	504.19	3.9167	4.1667	4.0221	4.2550	27.000	27.000	27.000	27.000
1/28/2019	08:07:18	505.70	3.9186	4.1680	4.0223	4.2540	27.000	27.000	27.000	27.000
1/28/2019	08:07:19	506.86	3.9196	4.1688	4.0246	4.2527	27.000	27.000	27.000	27.000
1/28/2019	08:07:21	508.53	3.9212	4.1699	4.0246	4.2546	27.000	27.000	27.000	27.000
1/28/2019	08:07:22	509.73	3.9187	4.1703	4.0262	4.2532	27.000	27.000	27.000	27.000
1/28/2019	08:07:24	511.27	3.9186	4.1703	4.0256	4.2536	27.000	27.000	27.000	27.000
1/28/2019	08:07:25	512.58	3.9167	4.1688	4.0268	4.2538	27.000	27.000	27.000	27.000
1/28/2019	08:07:26	514.05	3.9164	4.1680	4.0269	4.2548	27.000	27.000	27.000	27.000
1/28/2019	08:07:28	515.20	3.9153	4.1672	4.0300	4.2546	27.000	27.000	27.000	27.000
1/28/2019	08:07:29	516.70	3.9157	4.1672	4.0294	4.2531	27.000	27.000	27.000	27.000
1/28/2019	08:07:31	518.25	3.9159	4.1676	4.0300	4.2529	27.000	27.000	27.000	27.000
1/28/2019	08:07:32	519.59	3.9151	4.1671	4.0279	4.2516	27.000	27.000	27.000	27.000
1/28/2019	08:07:34	521.23	3.9159	4.1673	4.0303	4.2521	27.000	27.000	27.000	27.000
1/28/2019	08:07:35	522.53	3.9138	4.1653	4.0306	4.2521	27.000	27.000	27.000	27.000
1/28/2019	08:07:37	524.28	3.9127	4.1658	4.0316	4.2518	27.000	27.000	27.000	27.000
1/28/2019	08:07:38	525.41	3.9113	4.1659	4.0306	4.2530	27.000	27.000	27.000	27.000
1/28/2019	08:07:39	526.77	3.9109	4.1649	4.0299	4.2543	27.000	27.000	27.000	27.000
1/28/2019	08:07:41	528.25	3.9107	4.1642	4.0285	4.2559	27.000	27.000	27.000	27.000
1/28/2019	08:07:42	529.83	3.9079	4.1640	4.0264	4.2550	27.000	27.000	27.000	27.000
1/28/2019	08:07:44	531.12	3.9068	4.1658	4.0273	4.2532	27.000	27.000	27.000	27.000
1/28/2019	08:07:45	532.83	3.9046	4.1652	4.0285	4.2525	27.000	27.000	27.000	27.000
1/28/2019	08:07:47	534.17	3.9032	4.1659	4.0308	4.2525	27.000	27.000	27.000	27.000
1/28/2019	08:07:48	535.59	3.9029	4.1661	4.0304	4.2522	27.000	27.000	27.000	27.000
1/28/2019	08:07:50	537.08	3.9022	4.1657	4.0304	4.2517	27.000	27.000	27.000	27.000
1/28/2019	08:07:51	538.52	3.9010	4.1636	4.0304	4.2510	27.000	27.000	27.000	27.000
1/28/2019	08:07:52	540.03	3.8985	4.1621	4.0311	4.2522	27.000	27.000	27.000	27.000
1/28/2019	08:07:54	541.48	3.8980	4.1627	4.0312	4.2513	27.000	27.000	27.000	27.000
1/28/2019	08:07:55	543.02	3.8982	4.1635	4.0312	4.2517	27.000	27.000	27.000	27.000
1/28/2019	08:07:57	544.16	3.8976	4.1646	4.0311	4.2524	27.000	27.000	27.000	27.000
1/28/2019	08:07:58	545.62	3.8953	4.1646	4.0312	4.2525	27.000	27.000	27.000	27.000
1/28/2019	08:07:59	546.98	3.8951	4.1640	4.0317	4.2529	27.000	27.000	27.000	27.000
1/28/2019	08:08:01	548.23	3.8962	4.1645	4.0323	4.2520	27.000	27.000	27.000	27.000
1/28/2019	08:08:02	549.53	3.8972	4.1649	4.0337	4.2516	27.000	27.000	27.000	27.000
1/28/2019	08:08:03	550.97	3.8991	4.1659	4.0339	4.2511	27.000	27.000	27.000	27.000
1/28/2019	08:08:05	552.33	3.9006	4.1650	4.0334	4.2497	27.000	27.000	27.000	27.000
1/28/2019	08:08:06	553.78	3.9014	4.1654	4.0329	4.2501	27.000	27.000	27.000	27.000
1/28/2019	08:08:08	555.23	3.9011	4.1646	4.0323	4.2498	27.000	27.000	27.000	27.000
1/28/2019	08:08:09	556.62	3.8987	4.1639	4.0349	4.2505	27.000	27.000	27.000	27.000
1/28/2019	08:08:11	558.20	3.9004	4.1627	4.0360	4.2511	27.000	27.000	27.000	27.000
1/28/2019	08:08:12	559.42	3.8977	4.1615	4.0381	4.2503	27.000	27.000	27.000	27.000
1/28/2019	08:08:13	560.94	3.8981	4.1620	4.0368	4.2503	27.000	27.000	27.000	27.000
1/28/2019	08:08:15	562.30	3.8962	4.1640	4.0359	4.2493	27.000	27.000	27.000	27.000
1/28/2019	08:08:16	563.80	3.8962	4.1657	4.0355	4.2500	27.000	27.000	27.000	27.000
1/28/2019	08:08:18	565.44	3.8937	4.1646	4.0353	4.2506	27.000	27.000	27.000	27.000
1/28/2019	08:08:19	566.84	3.8931	4.1643	4.0353	4.2510	27.000	27.000	27.000	27.000
1/28/2019	08:08:21	568.34	3.8909	4.1640	4.0349	4.2513	27.000	27.000	27.000	27.000
1/28/2019	08:08:22	569.89	3.8892	4.1644	4.0368	4.2503	27.000	27.000	27.000	27.000
1/28/2019	08:08:24	571.19	3.8882	4.1628	4.0366	4.2495	27.000	27.000	27.000	27.000
1/28/2019	08:08:25	572.50	3.8907	4.1606	4.0363	4.2470	27.000	27.000	27.000	27.000
1/28/2019	08:08:26	573.91	3.8924	4.1607	4.0357	4.2463	27.000	27.000	27.000	27.000
1/28/2019	08:08:28	575.17	3.8909	4.1601	4.0355	4.2476	27.000	27.000	27.000	27.000
1/28/2019	08:08:29	576.84	3.8889	4.1619	4.0352	4.2493	27.000	27.000	27.000	27.000
1/28/2019	08:08:31	578.14	3.8881	4.1624	4.0355	4.2493	27.000	27.000	27.000	27.000
1/28/2019	08:08:32	579.61	3.8875	4.1612	4.0358	4.2483	27.000	27.000	27.000	27.000
1/28/2019	08:08:33	580.78	3.8855	4.1606	4.0380	4.2485	27.000	27.000	27.000	27.000
1/28/2019	08:08:35	582.42	3.8806	4.1604	4.0368	4.2496	27.000	27.000	27.000	27.000
1/28/2019	08:08:36	583.70	3.8799	4.1620	4.0377	4.2491	27.000	27.000	27.000	27.000
1/28/2019	08:08:38	585.23	3.8772	4.1619	4.0369	4.2483	27.000	27.000	27.000	27.000
1/28/2019	08:08:39	586.53	3.8794	4.1628	4.0368	4.2460	27.000	27.000	27.000	27.000
1/28/2019	08:08:40	587.95	3.8764	4.1624	4.0369	4.2463	27.000	27.000	27.000	27.000
1/28/2019	08:08:42	589.48	3.8759	4.1625	4.0385	4.2454	27.000	27.000	27.000	27.000
1/28/2019	08:08:43	591.02	3.8746	4.1616	4.0394	4.2466	27.000	27.000	27.000	27.000
1/28/2019	08:08:45	592.44	3.8741	4.1621	4.0396	4.2452	27.000	27.000	27.000	27.000
1/28/2019	08:08:46	593.81	3.8743	4.1629	4.0386	4.2448	27.000	27.000	27.000	27.000
1/28/2019	08:08:48	595.30	3.8727	4.1628	4.0385	4.2452	27.000	27.000	27.000	27.000
1/28/2019	08:08:49	596.64	3.8712	4.1624	4.0381	4.2453	27.000	27.000	27.000	27.000
1/28/2019	08:08:51	598.09	3.8700	4.1615	4.0372	4.2466	27.000	27.000	27.000	27.000
1/28/2019	08:08:52	599.31	3.8677	4.1614	4.0374	4.2464	27.000	27.000	27.000	27.000
1/28/2019	08:08:53	601.02	3.8663	4.1623	4.0381	4.2471	27.000	27.000	27.000	27.000
1/28/2019	08:08:55	602.61	3.8648	4.1632	4.0395	4.2454	27.000	27.000	27.000	27.000
1/28/2019	08:08:57	604.16	3.8658	4.1637	4.0404	4.2442	27.000	27.000	27.000	27.000
1/28/2019	08:08:58	605.66	3.8659	4.1635	4.0413	4.2414	27.000	27.000	27.000	27.000
1/28/2019	08:09:00	607.08	3.8666	4.1618	4.0414	4.2419	27.000	27.000	27.000	27.000
1/28/2019	08:09:01	608.62	3.8671	4.1610	4.0413	4.2431	27.000	27.000	27.000	27.000
1/28/2019	08:09:03	610.09	3.8677	4.1609	4.0413	4.2454	27.000	27.000	27.000	27.000
1/28/2019	08:09:04	611.48	3.8672	4.1624	4.0422	4.2447	27.000	27.000	27.000	27.000
1/28/2019	08:09:05	612.66	3.8646	4.1619	4.0432	4.2440	27.000	27.000	27.000	27.000
1/28/2019	08:09:06	613.80	3.8637	4.1592	4.0427	4.2443	27.000	27.000	27.000	27.000
1/28/2019	08:09:08	615.31	3.8625	4.1567	4.0424	4.2418	27.000	27.000	27.000	27.000
1/28/2019	08:09:09	616.59	3.8606	4.1569	4.0430	4.2402	27.000	27.000	27.000	27.000
1/28/2019	08:09:10	618.06	3.8581	4.1580	4.0436	4.2410	27.000	27.000	27.000	27.000
1/28/2019	08:09:12	619.30	3.8568	4.1584	4.0433	4.2430	27.000	27.000	27.000	27.000
1/28/2019	08:09:13	620.81	3.8591	4.1581	4.0434	4.2439	27.000	27.000	27.000	27.000
1/28/2019	08:09:15	622.09	3.8585	4.1590	4.0447	4.2416	27.000	27.000	27.000	27.000
1/28/2019	08:09:16	623.73	3.8600	4.1610	4.0456	4.2409	27.000	27.000	27.000	27.000
1/28/2019	08:09:17	624.92	3.8563	4.1613	4.0455	4.2416	27.000	27.000	27.000	27.000
1/28/2019	08:09:19	626.48	3.8557	4.1618	4.0452	4.2427	27.000	27.000	27.000	27.000
1/28/2019	08:09:20	627.77	3.8534	4.1620	4.0452	4.2449	27.000	27.000	27.000	27.000
1/28/2019	08:09:22	629.86	3.8548	4.1620	4.0445	4.2451	27.000	27.000	27.000	27.000
1/28/2019	08:09:24	631.08	3.8553	4.1612	4.0436	4.2434	27.000	27.000	27.000	27.000
1/28/2019	08:09:25	632.58	3.8551	4.1603	4.0438	4.2434	27.000	27.000	27.000	27.000
1/28/2019	08:09:26	634.00	3.8552	4.1595	4.0438	4.2423	27.000	27.000	27.000	27.000
1/28/2019	08:09:28	635.27	3.8543	4.1605	4.0445	4.2442	27.000	27.000	27.000	27.000
1/28/2019	08:09:29	636.77	3.8531	4.1594	4.0432	4.2418	27.000	27.000	27.000	27.000
1/28/2019	08:09:31	638.08	3.8501	4.1590	4.0431	4.2397	27.000	27.000	27.000	27.000
1/28/2019	08:09:32	639.33	3.8497	4.1577	4.0431	4.2396	27.000	27.000	27.000	27.000
1/28/2019	08:09:33	640.69	3.8469	4.1576	4.0418	4.2404	27.000	27.000	27.000	27.000
1/28/2019	08:09:35	642.09	3.8473	4.1598	4.0408	4.2409	27.000	27.000	27.000	27.000
1/28/2019	08:09:36	643.50	3.8450	4.1599	4.0378	4.2404	27.000	27.000	27.000	27.000
1/28/2019	08:09:38	645.34	3.8460	4.1602	4.0390	4.2397	27.000	27.000	27.000	27.000
1/28/2019	08:09:40	647.42	3.8447	4.1588	4.0406	4.2403	27.000	27.000	27.000	27.000
1/28/2019	08:09:41	648.47	3.8440	4.1586	4.0433	4.2394	27.000	27.000	27.000	27.000
1/28/2019	08:09:43	650.25	3.8424	4.1583	4.0437	4.2393	27.000	27.000	27.000	27.000
1/28/2019	08:09:44	651.25	3.8415	4.1593	4.0441	4.2388	27.000	27.000	27.000	27.000
1/28/2019	08:09:45	652.48	3.8413	4.1592	4.0436	4.2386	27.000	27.000	27.000	27.000
1/28/2019	08:09:46	653.64	3.8421	4.1607	4.0431	4.2381	27.000	27.000	27.000	27.000
1/28/2019	08:09:47	654.75	3.8443	4.1586	4.0413	4.2372	27.000	27.000	27.000	27.000
1/28/2019	08:09:48	655.81	3.8443	4.1580	4.0414	4.2371	27.000	27.000	27.000	27.000
1/28/2019	08:09:49	656.84	3.8440	4.1559	4.0411	4.2362	27.000	27.000	27.000	27.000
1/28/2019	08:09:50	658.00	3.8407	4.1556	4.0423	4.2374	27.000	27.000	27.000	27.000
1/28/2019	08:09:52	659.11	3.8404	4.1564	4.0410	4.2375	27.000	27.000	27.000	27.000
1/28/2019	08:09:53	660.17	3.8389	4.1583	4.0428	4.2394	27.000	27.000	27.000	27.000
1/28/2019	08:09:54	661.23	3.8396	4.1585	4.0429	4.2371	27.000	27.000	27.000	27.000
1/28/2019	08:09:55	662.36	3.8386	4.1586	4.0456	4.2369	27.000	27.000	27.000	27.000
1/28/2019	08:09:56	663.45	3.8381	4.1585	4.0452	4.2348	27.000	27.000	27.000	27.000
1/28/2019	08:09:57	664.52	3.8378	4.1614	4.0451	4.2371	27.000	27.000	27.000	27.000
1/28/2019	08:09:59	666.33	3.8380	4.1616	4.0433	4.2367	27.000	27.000	27.000	27.000
1/28/2019	08:10:00	667.34	3.8362	4.1613	4.0427	4.2389	27.000	27.000	27.000	27.000
1/28/2019	08:10:01	668.42	3.8347	4.1600	4.0411	4.2385	27.000	27.000	27.000	27.000
1/28/2019	08:10:02	669.53	3.8337	4.1597	4.0412	4.2394	27.000	27.000	27.000	27.000
1/28/2019	08:10:03	670.69	3.8337	4.1597	4.0416	4.2376	27.000	27.000	27.000	27.000
1/28/2019	08:10:04	671.69	3.8336	4.1603	4.0421	4.2372	27.000	27.000	27.000	27.000
1/28/2019	08:10:05	672.92	3.8313	4.1599	4.0423	4.2354	27.000	27.000	27.000	27.000
1/28/2019	08:10:07	674.20	3.8301	4.1598	4.0416	4.2363	27.000	27.000	27.000	27.000
1/28/2019	08:10:08	675.33	3.8277	4.1597	4.0408	4.2367	27.000	27.000	27.000	27.000
1/28/2019	08:10:09	676.37	3.8269	4.1597	4.0402	4.2374	27.000	27.000	27.000	27.000
1/28/2019	08:10:10	677.47	3.8279	4.1606	4.0398	4.2375	27.000	27.000	27.000	27.000
1/28/2019	08:10:11	678.48	3.8268	4.1590	4.0398	4.2356	27.000	27.000	27.000	27.000
1/28/2019	08:10:12	679.53	3.8264	4.1591	4.0407	4.2346	27.000	27.000	27.000	27.000
1/28/2019	08:10:13	680.73	3.8253	4.1583	4.0406	4.2327	27.000	27.000	27.000	27.000
1/28/2019	08:10:14	681.80	3.8266	4.1582	4.0408	4.2333	27.000	27.000	27.000	27.000
1/28/2019	08:10:15	682.83	3.8245	4.1571	4.0380	4.2306	27.000	27.000	27.000	27.000
1/28/2019	08:10:16	683.87	3.8238	4.1561	4.0383	4.2322	27.000	27.000	27.000	27.000
1/28/2019	08:10:17	684.94	3.8225	4.1558	4.0393	4.2322	27.000	27.000	27.000	27.000
1/28/2019	08:10:18	685.97	3.8236	4.1566	4.0399	4.2341	27.000	27.000	27.000	27.000
1/28/2019	08:10:19	687.03	3.8219	4.1565	4.0399	4.2330	27.000	27.000	27.000	27.000
1/28/2019	08:10:21	688.16	3.8226	4.1575	4.0379	4.2333	27.000	27.000	27.000	27.000
1/28/2019	08:10:22	689.30	3.8213	4.1565	4.0396	4.2331	27.000	27.000	27.000	27.000
1/28/2019	08:10:23	690.31	3.8236	4.1578	4.0388	4.2335	27.000	27.000	27.000	27.000
1/28/2019	08:10:24	691.31	3.8221	4.1575	4.0409	4.2329	27.000	27.000	27.000	27.000
1/28/2019	08:10:25	692.61	3.8224	4.1592	4.0408	4.2345	27.000	27.000	27.000	27.000
1/28/2019	08:10:26	693.83	3.8218	4.1580	4.0407	4.2331	27.000	27.000	27.000	27.000
1/28/2019	08:10:27	694.83	3.8221	4.1583	4.0395	4.2325	27.000	27.000	27.000	27.000
1/28/2019	08:10:28	695.97	3.8226	4.1584	4.0405	4.2295	27.000	27.000	27.000	27.000
1/28/2019	08:10:30	697.09	3.8219	4.1598	4.0431	4.2298	27.000	27.000	27.000	27.000
1/28/2019	08:10:31	698.12	3.8219	4.1606	4.0437	4.2308	27.000	27.000	27.000	27.000
1/28/2019	08:10:32	699.14	3.8203	4.1613	4.0433	4.2338	27.000	27.000	27.000	27.000
1/28/2019	08:10:33	700.25	3.8200	4.1611	4.0415	4.2332	27.000	27.000	27.000	27.000
1/28/2019	08:10:34	701.33	3.8200	4.1602	4.0409	4.2321	27.000	27.000	27.000	27.000
1/28/2019	08:10:35	702.41	3.8208	4.1592	4.0415	4.2300	27.000	27.000	27.000	27.000
1/28/2019	08:10:36	703.48	3.8185	4.1599	4.0409	4.2292	27.000	27.000	27.000	27.000
1/28/2019	08:10:37	704.50	3.8178	4.1578	4.0408	4.2297	27.000	27.000	27.000	27.000
1/28/2019	08:10:38	705.75	3.8169	4.1576	4.0396	4.2309	27.000	27.000	27.000	27.000
1/28/2019	08:10:39	706.81	3.8194	4.1561	4.0399	4.2315	27.000	27.000	27.000	27.000
1/28/2019	08:10:40	707.84	3.8169	4.1587	4.0395	4.2316	27.000	27.000	27.000	27.000
1/28/2019	08:10:42	709.11	3.8159	4.1573	4.0396	4.2292	27.000	27.000	27.000	27.000
1/28/2019	08:10:43	710.19	3.8134	4.1567	4.0396	4.2271	27.000	27.000	27.000	27.000
1/28/2019	08:10:44	711.31	3.8143	4.1541	4.0409	4.2282	27.000	27.000	27.000	27.000
1/28/2019	08:10:45	712.44	3.8137	4.1541	4.0403	4.2307	27.000	27.000	27.000	27.000
1/28/2019	08:10:46	713.44	3.8148	4.1541	4.0413	4.2331	27.000	27.000	27.000	27.000
1/28/2019	08:10:47	714.47	3.8145	4.1539	4.0412	4.2302	27.000	27.000	27.000	27.000
1/28/2019	08:10:49	716.52	3.8153	4.1544	4.0419	4.2291	27.000	27.000	27.000	27.000
1/28/2019	08:10:50	717.69	3.8130	4.1532	4.0408	4.2290	27.000	27.000	27.000	27.000
1/28/2019	08:10:51	719.06	3.8113	4.1537	4.0424	4.2304	27.000	27.000	27.000	27.000
1/28/2019	08:10:53	720.14	3.8099	4.1526	4.0421	4.2314	27.000	27.000	27.000	27.000
1/28/2019	08:10:54	721.16	3.8108	4.1533	4.0419	4.2324	27.000	27.000	27.000	27.000
1/28/2019	08:10:55	722.33	3.8130	4.1539	4.0388	4.2309	27.000	27.000	27.000	27.000
1/28/2019	08:10:57	724.11	3.8134	4.1542	4.0383	4.2290	27.000	27.000	27.000	27.000
1/28/2019	08:10:58	725.20	3.8135	4.1535	4.0392	4.2276	27.000	27.000	27.000	27.000
1/28/2019	08:10:59	726.34	3.8132	4.1528	4.0401	4.2280	27.000	27.000	27.000	27.000
1/28/2019	08:11:00	727.48	3.8140	4.1528	4.0414	4.2281	27.000	27.000	27.000	27.000
1/28/2019	08:11:01	728.50	3.8134	4.1522	4.0400	4.2288	27.000	27.000	27.000	27.000
1/28/2019	08:11:02	729.50	3.8120	4.1539	4.0413	4.2290	27.000	27.000	27.000	27.000
1/28/2019	08:11:03	730.59	3.8100	4.1545	4.0405	4.2297	27.000	27.000	27.000	27.000
1/28/2019	08:11:04	731.87	3.8092	4.1565	4.0419	4.2283	27.000	27.000	27.000	27.000
1/28/2019	08:11:05	732.87	3.8068	4.1560	4.0402	4.2269	27.000	27.000	27.000	27.000
1/28/2019	08:11:06	734.06	3.8065	4.1566	4.0392	4.2262	27.000	27.000	27.000	27.000
1/28/2019	08:11:08	735.09	3.8072	4.1575	4.0367	4.2259	27.000	27.000	27.000	27.000
1/28/2019	08:11:09	736.09	3.8099	4.1573	4.0378	4.2252	27.000	27.000	27.000	27.000
1/28/2019	08:11:10	737.17	3.8102	4.1567	4.0393	4.2254	27.000	27.000	27.000	27.000
1/28/2019	08:11:11	738.30	3.8086	4.1557	4.0401	4.2245	27.000	27.000	27.000	27.000
1/28/2019	08:11:12	739.30	3.8069	4.1569	4.0396	4.2274	27.000	27.000	27.000	27.000
1/28/2019	08:11:13	740.33	3.8077	4.1578	4.0398	4.2260	27.000	27.000	27.000	27.000
1/28/2019	08:11:14	741.53	3.8098	4.1568	4.0415	4.2269	27.000	27.000	27.000	27.000
1/28/2019	08:11:15	742.58	3.8119	4.1547	4.0429	4.2258	27.000	27.000	27.000	27.000
1/28/2019	08:11:16	743.61	3.8110	4.1535	4.0420	4.2264	27.000	27.000	27.000	27.000
1/28/2019	08:11:17	744.66	3.8102	4.1544	4.0408	4.2275	27.000	27.000	27.000	27.000
1/28/2019	08:11:18	745.84	3.8082	4.1545	4.0408	4.2272	27.000	27.000	27.000	27.000
1/28/2019	08:11:19	746.86	3.8076	4.1535	4.0407	4.2264	27.000	27.000	27.000	27.000
1/28/2019	08:11:20	748.00	3.8063	4.1531	4.0426	4.2247	27.000	27.000	27.000	27.000
1/28/2019	08:11:22	749.09	3.8047	4.1525	4.0406	4.2242	27.000	27.000	27.000	27.000
1/28/2019	08:11:23	750.20	3.8035	4.1522	4.0405	4.2240	27.000	27.000	27.000	27.000
1/28/2019	08:11:24	751.30	3.8015	4.1528	4.0390	4.2245	27.000	27.000	27.000	27.000
1/28/2019	08:11:25	752.30	3.7991	4.1528	4.0388	4.2228	27.000	27.000	27.000	27.000
1/28/2019	08:11:26	753.37	3.7991	4.1519	4.0382	4.2238	27.000	27.000	27.000	27.000
1/28/2019	08:11:27	754.72	3.7992	4.1510	4.0396	4.2220	27.000	27.000	27.000	27.000
1/28/2019	08:11:28	755.91	3.7992	4.1513	4.0407	4.2221	27.000	27.000	27.000	27.000
1/28/2019	08:11:29	757.03	3.7990	4.1531	4.0403	4.2215	27.000	27.000	27.000	27.000
1/28/2019	08:11:30	758.05	3.7997	4.1532	4.0402	4.2237	27.000	27.000	27.000	27.000
1/28/2019	08:11:32	759.12	3.8008	4.1540	4.0401	4.2245	27.000	27.000	27.000	27.000
1/28/2019	08:11:33	760.23	3.7996	4.1539	4.0415	4.2238	27.000	27.000	27.000	27.000
1/28/2019	08:11:34	761.33	3.7980	4.1526	4.0411	4.2216	27.000	27.000	27.000	27.000
1/28/2019	08:11:35	762.36	3.7966	4.1524	4.0414	4.2230	27.000	27.000	27.000	27.000
1/28/2019	08:11:36	763.36	3.7976	4.1519	4.0415	4.2230	27.000	27.000	27.000	27.000
1/28/2019	08:11:37	764.37	3.7970	4.1528	4.0417	4.2228	27.000	27.000	27.000	27.000
1/28/2019	08:11:38	765.59	3.7974	4.1520	4.0411	4.2235	27.000	27.000	27.000	27.000
1/28/2019	08:11:39	766.58	3.7950	4.1532	4.0394	4.2244	27.000	27.000	27.000	27.000
1/28/2019	08:11:40	767.59	3.7942	4.1536	4.0384	4.2255	27.000	27.000	27.000	27.000
1/28/2019	08:11:41	768.73	3.7952	4.1548	4.0389	4.2224	27.000	27.000	27.000	27.000
1/28/2019	08:11:42	769.78	3.7956	4.1549	4.0420	4.2195	27.000	27.000	27.000	27.000
1/28/2019	08:11:43	770.86	3.7948	4.1552	4.0434	4.2194	27.000	27.000	27.000	27.000
1/28/2019	08:11:45	772.73	3.7931	4.1556	4.0439	4.2194	27.000	27.000	27.000	27.000
1/28/2019	08:11:47	774.78	3.7919	4.1562	4.0412	4.2194	27.000	27.000	27.000	27.000
1/28/2019	08:11:48	776.00	3.7902	4.1573	4.0411	4.2181	27.000	27.000	27.000	27.000
1/28/2019	08:11:50	777.25	3.7885	4.1557	4.0399	4.2184	27.000	27.000	27.000	27.000
1/28/2019	08:11:51	778.67	3.7875	4.1549	4.0424	4.2198	27.000	27.000	27.000	27.000
1/28/2019	08:11:53	780.12	3.7891	4.1534	4.0407	4.2212	27.000	27.000	27.000	27.000
1/28/2019	08:11:54	781.59	3.7879	4.1526	4.0407	4.2204	27.000	27.000	27.000	27.000
1/28/2019	08:11:55	782.80	3.7866	4.1517	4.0384	4.2193	27.000	27.000	27.000	27.000
1/28/2019	08:11:57	784.33	3.7841	4.1525	4.0386	4.2176	27.000	27.000	27.000	27.000
1/28/2019	08:11:58	785.89	3.7833	4.1538	4.0380	4.2162	27.000	27.000	27.000	27.000
1/28/2019	08:12:00	787.81	3.7800	4.1514	4.0387	4.2149	27.000	27.000	27.000	27.000
1/28/2019	08:12:01	789.05	3.7794	4.1511	4.0372	4.2146	27.000	27.000	27.000	27.000
1/28/2019	08:12:03	790.30	3.7784	4.1497	4.0375	4.2139	27.000	27.000	27.000	27.000
1/28/2019	08:12:04	791.86	3.7809	4.1518	4.0370	4.2153	27.000	27.000	27.000	27.000
1/28/2019	08:12:05	793.06	3.7793	4.1522	4.0363	4.2166	27.000	27.000	27.000	27.000
1/28/2019	08:12:07	794.58	3.7783	4.1543	4.0354	4.2173	27.000	27.000	27.000	27.000
1/28/2019	08:12:08	795.87	3.7749	4.1543	4.0342	4.2193	27.000	27.000	27.000	27.000
1/28/2019	08:12:10	797.45	3.7731	4.1548	4.0354	4.2181	27.000	27.000	27.000	27.000
1/28/2019	08:12:11	798.58	3.7726	4.1545	4.0378	4.2205	27.000	27.000	27.000	27.000
1/28/2019	08:12:13	800.17	3.7717	4.1549	4.0386	4.2200	27.000	27.000	27.000	27.000
1/28/2019	08:12:14	801.45	3.7723	4.1525	4.0411	4.2203	27.000	27.000	27.000	27.000
1/28/2019	08:12:15	802.98	3.7724	4.1518	4.0397	4.2193	27.000	27.000	27.000	27.000
1/28/2019	08:12:17	804.09	3.7724	4.1523	4.0395	4.2194	27.000	27.000	27.000	27.000
1/28/2019	08:12:18	805.33	3.7724	4.1536	4.0382	4.2193	27.000	27.000	27.000	27.000
1/28/2019	08:12:19	806.75	3.7713	4.1536	4.0359	4.2180	27.000	27.000	27.000	27.000
1/28/2019	08:12:21	808.27	3.7702	4.1532	4.0373	4.2150	27.000	27.000	27.000	27.000
1/28/2019	08:12:22	809.75	3.7690	4.1526	4.0365	4.2130	27.000	27.000	27.000	27.000
1/28/2019	08:12:23	810.98	3.7679	4.1523	4.0373	4.2128	27.000	27.000	27.000	27.000
1/28/2019	08:12:25	812.62	3.7683	4.1518	4.0355	4.2130	27.000	27.000	27.000	27.000
1/28/2019	08:12:26	814.00	3.7683	4.1534	4.0358	4.2136	27.000	27.000	27.000	27.000
1/28/2019	08:12:28	815.44	3.7692	4.1542	4.0350	4.2147	27.000	27.000	27.000	27.000
1/28/2019	08:12:29	816.77	3.7713	4.1544	4.0362	4.2136	27.000	27.000	27.000	27.000
1/28/2019	08:12:31	818.23	3.7724	4.1544	4.0341	4.2131	27.000	27.000	27.000	27.000
1/28/2019	08:12:32	819.36	3.7705	4.1539	4.0357	4.2133	27.000	27.000	27.000	27.000
1/28/2019	08:12:33	820.86	3.7690	4.1533	4.0346	4.2129	27.000	27.000	27.000	27.000
1/28/2019	08:12:35	822.30	3.7675	4.1527	4.0369	4.2120	27.000	27.000	27.000	27.000
1/28/2019	08:12:36	823.81	3.7683	4.1536	4.0359	4.2110	27.000	27.000	27.000	27.000
1/28/2019	08:12:38	825.11	3.7694	4.1541	4.0352	4.2118	27.000	27.000	27.000	27.000
1/28/2019	08:12:39	826.44	3.7715	4.1538	4.0344	4.2129	27.000	27.000	27.000	27.000
1/28/2019	08:12:40	827.87	3.7689	4.1539	4.0340	4.2104	27.000	27.000	27.000	27.000
1/28/2019	08:12:42	829.25	3.7665	4.1540	4.0357	4.2098	27.000	27.000	27.000	27.000
1/28/2019	08:12:43	830.61	3.7620	4.1535	4.0355	4.2086	27.000	27.000	27.000	27.000
1/28/2019	08:12:45	832.11	3.7640	4.1519	4.0369	4.2111	27.000	27.000	27.000	27.000
1/28/2019	08:12:46	833.62	3.7633	4.1517	4.0355	4.2108	27.000	27.000	27.000	27.000
1/28/2019	08:12:48	835.11	3.7631	4.1506	4.0354	4.2110	27.000	27.000	27.000	27.000
1/28/2019	08:12:49	836.67	3.7619	4.1523	4.0339	4.2103	27.000	27.000	27.000	27.000
1/28/2019	08:12:51	838.19	3.7618	4.1523	4.0345	4.2123	27.000	27.000	27.000	27.000
1/28/2019	08:12:52	839.67	3.7615	4.1535	4.0349	4.2130	27.000	27.000	27.000	27.000
1/28/2019	08:12:54	841.08	3.7599	4.1532	4.0349	4.2122	27.000	27.000	27.000	27.000
1/28/2019	08:12:55	842.62	3.7605	4.1545	4.0348	4.2120	27.000	27.000	27.000	27.000
1/28/2019	08:12:56	843.89	3.7596	4.1551	4.0332	4.2104	27.000	27.000	27.000	27.000
1/28/2019	08:12:58	845.39	3.7588	4.1547	4.0332	4.2100	27.000	27.000	27.000	27.000
1/28/2019	08:12:59	846.98	3.7578	4.1530	4.0335	4.2076	27.000	27.000	27.000	27.000
1/28/2019	08:13:01	848.77	3.7586	4.1543	4.0343	4.2075	27.000	27.000	27.000	27.000
1/28/2019	08:13:02	849.98	3.7570	4.1548	4.0361	4.2075	27.000	27.000	27.000	27.000
1/28/2019	08:13:04	851.11	3.7531	4.1562	4.0347	4.2080	27.000	27.000	27.000	27.000
1/28/2019	08:13:05	852.80	3.7518	4.1559	4.0326	4.2072	27.000	27.000	27.000	27.000
1/28/2019	08:13:07	854.34	3.7517	4.1542	4.0307	4.2055	27.000	27.000	27.000	27.000
1/28/2019	08:13:09	856.30	3.7540	4.1538	4.0313	4.2059	27.000	27.000	27.000	27.000
1/28/2019	08:13:10	857.84	3.7534	4.1521	4.0334	4.2080	27.000	27.000	27.000	27.000
1/28/2019	08:13:12	859.33	3.7552	4.1534	4.0326	4.2134	27.000	27.000	27.000	27.000
1/28/2019	08:13:13	860.75	3.7512	4.1534	4.0320	4.2141	27.000	27.000	27.000	27.000
1/28/2019	08:13:15	862.23	3.7498	4.1557	4.0318	4.2117	27.000	27.000	27.000	27.000
1/28/2019	08:13:16	863.61	3.7473	4.1564	4.0329	4.2089	27.000	27.000	27.000	27.000
1/28/2019	08:13:18	865.27	3.7489	4.1572	4.0340	4.2072	27.000	27.000	27.000	27.000
1/28/2019	08:13:19	866.52	3.7487	4.1562	4.0322	4.2082	27.000	27.000	27.000	27.000
1/28/2019	08:13:21	868.12	3.7503	4.1553	4.0316	4.2069	27.000	27.000	27.000	27.000
1/28/2019	08:13:22	869.37	3.7497	4.1548	4.0294	4.2083	27.000	27.000	27.000	27.000
1/28/2019	08:13:23	870.84	3.7510	4.1551	4.0298	4.2067	27.000	27.000	27.000	27.000
1/28/2019	08:13:25	872.41	3.7515	4.1543	4.0297	4.2061	27.000	27.000	27.000	27.000
1/28/2019	08:13:26	873.86	3.7520	4.1532	4.0319	4.2061	27.000	27.000	27.000	27.000
1/28/2019	08:13:28	875.14	3.7505	4.1515	4.0302	4.2056	27.000	27.000	27.000	27.000
1/28/2019	08:13:29	876.67	3.7482	4.1514	4.0280	4.2056	27.000	27.000	27.000	27.000
1/28/2019	08:13:30	877.70	3.7481	4.1513	4.0252	4.2034	27.000	27.000	27.000	27.000
1/28/2019	08:13:32	879.39	3.7482	4.1517	4.0262	4.2053	27.000	27.000	27.000	27.000
1/28/2019	08:13:33	880.87	3.7492	4.1525	4.0282	4.2041	27.000	27.000	27.000	27.000
1/28/2019	08:13:35	882.37	3.7476	4.1532	4.0283	4.2044	27.000	27.000	27.000	27.000
1/28/2019	08:13:37	884.09	3.7463	4.1518	4.0278	4.2049	27.000	27.000	27.000	27.000
1/28/2019	08:13:38	885.67	3.7448	4.1518	4.0276	4.2044	27.000	27.000	27.000	27.000
1/28/2019	08:13:40	887.16	3.7457	4.1510	4.0284	4.2044	27.000	27.000	27.000	27.000
1/28/2019	08:13:41	888.48	3.7468	4.1517	4.0296	4.2034	27.000	27.000	27.000	27.000
1/28/2019	08:13:42	889.86	3.7468	4.1517	4.0301	4.2049	27.000	27.000	27.000	27.000
1/28/2019	08:13:44	891.27	3.7454	4.1531	4.0301	4.2057	27.000	27.000	27.000	27.000
1/28/2019	08:13:45	892.77	3.7471	4.1551	4.0289	4.2035	27.000	27.000	27.000	27.000
1/28/2019	08:13:47	894.17	3.7466	4.1549	4.0270	4.2023	27.000	27.000	27.000	27.000
1/28/2019	08:13:48	895.80	3.7472	4.1527	4.0255	4.2007	27.000	27.000	27.000	27.000
1/28/2019	08:13:50	897.09	3.7427	4.1515	4.0269	4.2023	27.000	27.000	27.000	27.000
1/28/2019	08:13:51	898.62	3.7407	4.1505	4.0282	4.2031	27.000	27.000	27.000	27.000
