Chamber	Time/hh:mm:ss	Logtime/min	Oxy/% air sat.	Phase/°	Amp	Temp/°C	% air-sat.	% oxygen	pO2 (hPa)	pO2 (Torr)	cO2 [mg/L]	cO2 [µmol/L]	Salinity	chlorinity	SalCorcO2 [mg/L]	SalCorcO2 [µmol/L]
2	13:36:10 PM	0.00	76.520	29.130	19080.000	29.000	75.387276	15.7936343	153.646817	115.244908	5.78809974	180.878117	35	19.3739612	4.68939006	146.543439
2	13:36:24 PM	0.24	75.660	29.250	19131.000	29.000	74.570858	15.6225948	151.982876	113.996847	5.72541669	178.919271	35	19.3739612	4.63860563	144.956426
2	13:36:39 PM	0.49	75.140	29.330	19152.000	29.000	74.032497	15.5098081	150.885642	113.173851	5.68408225	177.627570	35	19.3739612	4.60511739	143.909918
2	13:36:54 PM	0.74	76.170	29.180	19166.000	29.000	75.045798	15.7220947	152.950851	114.722890	5.76188172	180.058804	35	19.3739612	4.66814879	145.879650
2	13:37:09 PM	0.99	75.790	29.230	19127.000	29.000	74.706185	15.6509457	152.258685	114.203721	5.73580681	179.243963	35	19.3739612	4.64702348	145.219484
2	13:37:24 PM	1.24	76.400	29.140	19117.000	29.000	75.318830	15.7792950	153.507318	115.140276	5.78284464	180.713895	35	19.3739612	4.68513249	146.410390
2	13:37:39 PM	1.49	75.290	29.300	19012.000	29.000	74.233832	15.5519879	151.295983	113.481633	5.69954042	178.110638	35	19.3739612	4.61764126	144.301289
2	13:37:54 PM	1.74	76.660	29.110	19004.000	29.000	75.524392	15.8223601	153.926273	115.454518	5.79862726	181.207102	35	19.3739612	4.69791922	146.809975
2	13:38:09 PM	1.99	76.510	29.130	19092.000	29.000	75.387276	15.7936343	153.646817	115.244908	5.78809974	180.878117	35	19.3739612	4.68939006	146.543439
2	13:38:24 PM	2.24	75.140	29.330	19038.000	29.000	74.032497	15.5098081	150.885642	113.173851	5.68408225	177.627570	35	19.3739612	4.60511739	143.909918
2	13:38:39 PM	2.49	76.160	29.180	19033.000	29.000	75.045798	15.7220947	152.950851	114.722890	5.76188172	180.058804	35	19.3739612	4.66814879	145.879650
2	13:38:54 PM	2.74	76.690	29.100	19036.000	29.000	75.593063	15.8367466	154.066231	115.559496	5.80389969	181.371865	35	19.3739612	4.70219082	146.943463
2	13:39:09 PM	2.99	75.990	29.200	19020.000	29.000	74.909730	15.6935884	152.673531	114.514882	5.75143464	179.732332	35	19.3739612	4.65968480	145.615150
2	13:39:24 PM	3.24	76.960	29.060	18949.000	29.000	75.868501	15.8944511	154.627603	115.980561	5.82504739	182.032731	35	19.3739612	4.71932422	147.478882
2	13:39:39 PM	3.49	75.400	29.290	18910.000	29.000	74.301090	15.5660785	151.433062	113.584451	5.70470439	178.272012	35	19.3739612	4.62182499	144.432031
2	13:39:54 PM	3.74	77.330	29.010	18901.000	29.000	76.214508	15.9669394	155.332799	116.509502	5.85161314	182.862911	35	19.3739612	4.74084721	148.151475
2	13:40:09 PM	3.99	76.870	29.080	18912.000	29.000	75.730631	15.8655671	154.346609	115.769797	5.81446192	181.701935	35	19.3739612	4.71074811	147.210878
2	13:40:24 PM	4.24	78.280	28.880	18916.000	29.000	77.123100	16.1572894	157.184600	117.898471	5.92137319	185.042912	35	19.3739612	4.79736525	149.917664
2	13:40:39 PM	4.49	77.080	29.050	18892.000	29.000	75.937551	15.9089169	154.768332	116.086116	5.83034886	182.198402	35	19.3739612	4.72361935	147.613105
2	13:40:54 PM	4.74	79.430	28.720	18812.000	29.000	78.259458	16.3953565	159.500612	119.635628	6.00862075	187.769399	35	19.3739612	4.86805129	152.126603
2	13:41:09 PM	4.99	78.050	28.910	18850.000	29.000	76.912266	16.1131197	156.754899	117.576168	5.90518573	184.537054	35	19.3739612	4.78425053	149.507829
2	13:41:24 PM	5.24	77.860	28.940	18782.000	29.000	76.702129	16.0690961	156.326620	117.254932	5.88905185	184.032870	35	19.3739612	4.77117921	149.099350
2	13:41:39 PM	5.49	79.040	28.770	18769.000	29.000	77.902177	16.3205060	158.772437	119.089450	5.98118932	186.912166	35	19.3739612	4.84582695	151.432092
2	13:41:54 PM	5.74	79.570	28.700	18804.000	29.000	78.402928	16.4254134	159.793018	119.854951	6.01963610	188.113628	35	19.3739612	4.87697568	152.405490
2	13:42:09 PM	5.99	79.640	28.690	18748.000	29.000	78.474782	16.4404669	159.939465	119.964795	6.02515297	188.286030	35	19.3739612	4.88144532	152.545166
2	13:42:24 PM	6.24	79.000	28.780	18776.000	29.000	77.830958	16.3055857	158.627286	118.980578	5.97572130	186.741291	35	19.3739612	4.84139688	151.293652
2	13:42:39 PM	6.49	78.540	28.840	18715.000	29.000	77.405302	16.2164108	157.759757	118.329876	5.94304020	185.720006	35	19.3739612	4.81491938	150.466231
2	13:42:54 PM	6.74	79.920	28.650	18758.000	29.000	78.763003	16.5008491	160.526886	120.405399	6.04728200	188.977562	35	19.3739612	4.89937377	153.105430
2	13:43:09 PM	6.99	80.560	28.560	18748.000	29.000	79.416219	16.6376980	161.858207	121.403975	6.09743481	190.544838	35	19.3739612	4.94000647	154.375202
2	13:43:24 PM	7.24	79.680	28.680	18678.000	29.000	78.546717	16.4555372	160.086075	120.074762	6.03067598	188.458625	35	19.3739612	4.88591995	152.684998
2	13:43:39 PM	7.49	79.170	28.750	18634.000	29.000	78.044851	16.3503963	159.063221	119.307557	5.99214361	187.254488	35	19.3739612	4.85470187	151.709434
2	13:43:54 PM	7.74	80.200	28.610	18651.000	29.000	79.052511	16.5615011	161.116933	120.847972	6.06950993	189.672185	35	19.3739612	4.91738235	153.668198
2	13:44:09 PM	7.99	79.800	28.670	18638.000	29.000	78.618732	16.4706244	160.232848	120.184852	6.03620516	188.631411	35	19.3739612	4.89039956	152.824986
2	13:44:24 PM	8.24	81.020	28.500	18611.000	29.000	79.855363	16.7296985	162.753225	122.075295	6.13115145	191.598483	35	19.3739612	4.96732294	155.228842
2	13:44:39 PM	8.49	79.990	28.640	18572.000	29.000	78.835259	16.5159867	160.674151	120.515857	6.05282969	189.150928	35	19.3739612	4.90386839	153.245887
2	13:44:54 PM	8.74	80.550	28.570	18563.000	29.000	79.343315	16.6224245	161.709621	121.292526	6.09183735	190.369917	35	19.3739612	4.93547153	154.233485
2	13:45:09 PM	8.99	80.870	28.520	18499.000	29.000	79.708654	16.6989630	162.454218	121.851021	6.11988739	191.246481	35	19.3739612	4.95819705	154.943658
2	13:45:24 PM	9.24	79.550	28.700	18503.000	29.000	78.402928	16.4254134	159.793018	119.854951	6.01963610	188.113628	35	19.3739612	4.87697568	152.405490
2	13:45:39 PM	9.49	80.210	28.610	18570.000	29.000	79.052511	16.5615011	161.116933	120.847972	6.06950993	189.672185	35	19.3739612	4.91738235	153.668198
2	13:45:54 PM	9.74	80.600	28.560	18479.000	29.000	79.416219	16.6376980	161.858207	121.403975	6.09743481	190.544838	35	19.3739612	4.94000647	154.375202
2	13:46:09 PM	9.99	82.310	28.330	18484.000	29.000	81.115777	16.9937552	165.322075	124.002096	6.22792376	194.622617	35	19.3739612	5.04572572	157.678929
2	13:46:24 PM	10.24	82.280	28.340	18453.000	29.000	81.040966	16.9780823	165.169603	123.887732	6.22217990	194.443122	35	19.3739612	5.04107218	157.533506
2	13:46:39 PM	10.49	81.360	28.460	18380.000	29.000	80.149769	16.7913766	163.353255	122.525356	6.15375544	192.304858	35	19.3739612	4.98563620	155.801131
2	13:46:54 PM	10.74	81.830	28.400	18482.000	29.000	80.593864	16.8844146	164.258366	123.204247	6.18785227	193.370384	35	19.3739612	5.01326069	156.664397
2	13:47:09 PM	10.99	81.270	28.470	18370.000	29.000	80.076044	16.7759312	163.202995	122.412652	6.14809493	192.127967	35	19.3739612	4.98105018	155.657818
2	13:47:24 PM	11.24	82.600	28.290	18426.000	29.000	81.415865	17.0566238	165.933686	124.460844	6.25096403	195.342626	35	19.3739612	5.06439244	158.262264
2	13:47:39 PM	11.49	81.750	28.410	18381.000	29.000	80.519640	16.8688647	164.107090	123.090780	6.18215350	193.192297	35	19.3739612	5.00864367	156.520115
2	13:47:54 PM	11.74	82.010	28.370	18367.000	29.000	80.817038	16.9311694	164.713215	123.545413	6.20498711	193.905847	35	19.3739612	5.02714296	157.098217
2	13:48:09 PM	11.99	82.630	28.290	18410.000	29.000	81.415865	17.0566238	165.933686	124.460844	6.25096403	195.342626	35	19.3739612	5.06439244	158.262264
2	13:48:24 PM	12.24	81.400	28.450	18311.000	29.000	80.223577	16.8068395	163.503684	122.638187	6.15942231	192.481947	35	19.3739612	4.99022736	155.944605
2	13:48:39 PM	12.49	83.190	28.220	18336.000	29.000	81.944292	17.1673293	167.010673	125.268653	6.29153571	196.610491	35	19.3739612	5.09726272	159.289460
2	13:48:54 PM	12.74	81.310	28.460	18308.000	29.000	80.149769	16.7913766	163.353255	122.525356	6.15375544	192.304858	35	19.3739612	4.98563620	155.801131
2	13:49:09 PM	12.99	81.160	28.480	18273.000	29.000	80.002401	16.7605030	163.052904	122.300073	6.14244077	191.951274	35	19.3739612	4.97646930	155.514666
2	13:49:24 PM	13.24	82.070	28.360	18245.000	29.000	80.891596	16.9467894	164.865173	123.659391	6.21071159	194.084737	35	19.3739612	5.03178080	157.243150
2	13:49:39 PM	13.49	82.960	28.250	18275.000	29.000	81.717312	17.1197768	166.548064	124.921666	6.27410855	196.065892	35	19.3739612	5.08314361	158.848238
2	13:49:54 PM	13.74	82.970	28.250	18250.000	29.000	81.717312	17.1197768	166.548064	124.921666	6.27410855	196.065892	35	19.3739612	5.08314361	158.848238
2	13:50:09 PM	13.99	82.710	28.280	18175.000	29.000	81.491099	17.0723853	166.087020	124.575854	6.25674036	195.523136	35	19.3739612	5.06907230	158.408509
2	13:50:24 PM	14.24	82.390	28.320	18242.000	29.000	81.190672	17.0094458	165.474719	124.116589	6.23367409	194.802315	35	19.3739612	5.05038451	157.824516
2	13:50:39 PM	14.49	84.390	28.060	18181.000	29.000	83.167970	17.4236897	169.504651	127.139295	6.38548750	199.546484	35	19.3739612	5.17338037	161.668136
2	13:50:54 PM	14.74	83.060	28.230	18195.000	29.000	81.868547	17.1514605	166.856296	125.152860	6.28572009	196.428753	35	19.3739612	5.09255103	159.142220
2	13:51:09 PM	14.99	81.880	28.390	18172.000	29.000	80.668172	16.8999820	164.409812	123.317841	6.19355746	193.548671	35	19.3739612	5.01788291	156.808841
2	13:51:24 PM	15.24	84.170	28.090	18202.000	29.000	82.936835	17.3752669	169.033574	126.785957	6.36774135	198.991917	35	19.3739612	5.15900283	161.218838
2	13:51:39 PM	15.49	83.450	28.180	18123.000	29.000	82.248134	17.2309841	167.629933	125.733137	6.31486413	197.339504	35	19.3739612	5.11616288	159.880090
2	13:51:54 PM	15.74	83.480	28.180	18192.000	29.000	82.248134	17.2309841	167.629933	125.733137	6.31486413	197.339504	35	19.3739612	5.11616288	159.880090
2	13:52:09 PM	15.99	83.890	28.130	18172.000	29.000	82.629877	17.3109593	168.407964	126.316710	6.34417370	198.255428	35	19.3739612	5.13990884	160.622151
2	13:52:24 PM	16.24	84.000	28.110	18096.000	29.000	82.783182	17.3430766	168.720414	126.551067	6.35594414	198.623254	35	19.3739612	5.14944500	160.920156
2	13:52:39 PM	16.49	84.600	28.040	18141.000	29.000	83.322499	17.4560635	169.819596	127.375524	6.39735194	199.917248	35	19.3739612	5.18299268	161.968521
2	13:52:54 PM	16.74	85.000	27.990	18080.000	29.000	83.710364	17.5373212	170.610103	127.968455	6.42713150	200.847859	35	19.3739612	5.20711942	162.722482
2	13:53:09 PM	16.99	84.700	28.020	18059.000	29.000	83.477380	17.4885111	170.135259	127.612291	6.40924342	200.288857	35	19.3739612	5.19262689	162.269590
2	13:53:24 PM	17.24	84.240	28.080	18046.000	29.000	83.013792	17.3913895	169.190421	126.903603	6.37365001	199.176563	35	19.3739612	5.16378990	161.368434
2	13:53:39 PM	17.49	84.280	28.080	18079.000	29.000	83.013792	17.3913895	169.190421	126.903603	6.37365001	199.176563	35	19.3739612	5.16378990	161.368434
2	13:53:54 PM	17.74	84.790	28.010	18089.000	29.000	83.554953	17.5047626	170.293360	127.730877	6.41519932	200.474979	35	19.3739612	5.19745223	162.420382
2	13:54:09 PM	17.99	84.790	28.010	18074.000	29.000	83.554953	17.5047626	170.293360	127.730877	6.41519932	200.474979	35	19.3739612	5.19745223	162.420382
2	13:54:24 PM	18.24	84.850	28.000	18092.000	29.000	83.632614	17.5210326	170.451642	127.849598	6.42116201	200.661313	35	19.3739612	5.20228307	162.571346
2	13:54:39 PM	18.49	85.460	27.930	18086.000	29.000	84.178729	17.6354438	171.564679	128.684448	6.46309176	201.971618	35	19.3739612	5.23625362	163.632926
2	13:54:54 PM	18.74	84.400	28.060	18079.000	29.000	83.167970	17.4236897	169.504651	127.139295	6.38548750	199.546484	35	19.3739612	5.17338037	161.668136
2	13:55:09 PM	18.99	83.390	28.190	18088.000	29.000	82.172045	17.2150433	167.474855	125.616819	6.30902212	197.156941	35	19.3739612	5.11142981	159.732182
2	13:55:24 PM	19.24	83.750	28.140	18112.000	29.000	82.553355	17.2949280	168.252005	126.199731	6.33829848	198.071828	35	19.3739612	5.13514888	160.473402
2	13:55:39 PM	19.49	84.510	28.050	18107.000	29.000	83.245191	17.4398674	169.662034	127.257342	6.39141634	199.731761	35	19.3739612	5.17818379	161.818243
2	13:55:54 PM	19.74	84.500	28.050	18133.000	29.000	83.245191	17.4398674	169.662034	127.257342	6.39141634	199.731761	35	19.3739612	5.17818379	161.818243
2	13:56:09 PM	19.99	83.630	28.160	18093.000	29.000	82.400572	17.2629198	167.940616	125.966169	6.32656803	197.705251	35	19.3739612	5.12564512	160.176410
2	13:56:24 PM	20.24	83.690	28.150	18112.000	29.000	82.476920	17.2789148	168.096222	126.082884	6.33242993	197.888435	35	19.3739612	5.13039430	160.324822
2	13:56:39 PM	20.49	83.750	28.150	18130.000	29.000	82.476920	17.2789148	168.096222	126.082884	6.33242993	197.888435	35	19.3739612	5.13039430	160.324822
2	13:56:54 PM	20.74	84.140	28.100	18165.000	29.000	82.859965	17.3591626	168.876905	126.668446	6.36183940	198.807481	35	19.3739612	5.15422120	161.069413
2	13:57:09 PM	20.99	83.870	28.130	18232.000	29.000	82.629877	17.3109593	168.407964	126.316710	6.34417370	198.255428	35	19.3739612	5.13990884	160.622151
2	13:57:24 PM	21.24	84.140	28.100	18211.000	29.000	82.859965	17.3591626	168.876905	126.668446	6.36183940	198.807481	35	19.3739612	5.15422120	161.069413
2	13:57:39 PM	21.49	83.030	28.240	18219.000	29.000	81.792886	17.1356097	166.702093	125.037198	6.27991104	196.247220	35	19.3739612	5.08784466	158.995146
2	13:57:54 PM	21.74	83.330	28.200	18244.000	29.000	82.096041	17.1991206	167.319953	125.500632	6.30318672	196.974585	35	19.3739612	5.10670210	159.584441
2	13:58:09 PM	21.99	83.360	28.200	18260.000	29.000	82.096041	17.1991206	167.319953	125.500632	6.30318672	196.974585	35	19.3739612	5.10670210	159.584441
2	13:58:24 PM	22.24	82.990	28.240	18264.000	29.000	81.792886	17.1356097	166.702093	125.037198	6.27991104	196.247220	35	19.3739612	5.08784466	158.995146
2	13:58:39 PM	22.49	83.260	28.210	18284.000	29.000	82.020124	17.1832160	167.165225	125.384577	6.29735792	196.792435	35	19.3739612	5.10197974	159.436867
2	13:58:54 PM	22.74	82.620	28.290	18287.000	29.000	81.415865	17.0566238	165.933686	124.460844	6.25096403	195.342626	35	19.3739612	5.06439244	158.262264
2	13:59:09 PM	22.99	82.350	28.330	18312.000	29.000	81.115777	16.9937552	165.322075	124.002096	6.22792376	194.622617	35	19.3739612	5.04572572	157.678929
2	13:59:24 PM	23.24	82.790	28.270	18357.000	29.000	81.566418	17.0881646	166.240528	124.690995	6.26252322	195.703851	35	19.3739612	5.07375744	158.554920
2	13:59:39 PM	23.49	83.270	28.210	18359.000	29.000	82.020124	17.1832160	167.165225	125.384577	6.29735792	196.792435	35	19.3739612	5.10197974	159.436867
2	13:59:54 PM	23.74	82.440	28.320	18387.000	29.000	81.190672	17.0094458	165.474719	124.116589	6.23367409	194.802315	35	19.3739612	5.05038451	157.824516
2	14:00:09 PM	23.99	81.830	28.390	18385.000	29.000	80.668172	16.8999820	164.409812	123.317841	6.19355746	193.548671	35	19.3739612	5.01788291	156.808841
2	14:00:24 PM	24.24	82.420	28.320	18393.000	29.000	81.190672	17.0094458	165.474719	124.116589	6.23367409	194.802315	35	19.3739612	5.05038451	157.824516
2	14:00:39 PM	24.49	81.560	28.430	18413.000	29.000	80.371443	16.8378172	163.805048	122.864229	6.17077513	192.836723	35	19.3739612	4.99942517	156.232037
2	14:00:54 PM	24.74	80.490	28.570	18426.000	29.000	79.343315	16.6224245	161.709621	121.292526	6.09183735	190.369917	35	19.3739612	4.93547153	154.233485
2	14:01:09 PM	24.99	81.070	28.500	18468.000	29.000	79.855363	16.7296985	162.753225	122.075295	6.13115145	191.598483	35	19.3739612	4.96732294	155.228842
2	14:01:24 PM	25.24	81.190	28.480	18452.000	29.000	80.002401	16.7605030	163.052904	122.300073	6.14244077	191.951274	35	19.3739612	4.97646930	155.514666
2	14:01:39 PM	25.49	80.150	28.620	18526.000	29.000	78.980013	16.5463127	160.969175	120.737144	6.06394364	189.498239	35	19.3739612	4.91287267	153.527271
2	14:01:54 PM	25.74	80.350	28.590	18491.000	29.000	79.197751	16.5919288	161.412946	121.070001	6.08066117	190.020661	35	19.3739612	4.92641683	153.950526
2	14:02:09 PM	25.99	81.540	28.430	18545.000	29.000	80.371443	16.8378172	163.805048	122.864229	6.17077513	192.836723	35	19.3739612	4.99942517	156.232037
2	14:02:24 PM	26.24	81.070	28.500	18545.000	29.000	79.855363	16.7296985	162.753225	122.075295	6.13115145	191.598483	35	19.3739612	4.96732294	155.228842
2	14:02:39 PM	26.49	80.520	28.570	18604.000	29.000	79.343315	16.6224245	161.709621	121.292526	6.09183735	190.369917	35	19.3739612	4.93547153	154.233485
2	14:02:54 PM	26.74	80.490	28.570	18569.000	29.000	79.343315	16.6224245	161.709621	121.292526	6.09183735	190.369917	35	19.3739612	4.93547153	154.233485
2	14:03:09 PM	26.99	80.150	28.620	18619.000	29.000	78.980013	16.5463127	160.969175	120.737144	6.06394364	189.498239	35	19.3739612	4.91287267	153.527271
2	14:03:24 PM	27.24	80.540	28.570	18614.000	29.000	79.343315	16.6224245	161.709621	121.292526	6.09183735	190.369917	35	19.3739612	4.93547153	154.233485
2	14:03:39 PM	27.49	79.360	28.730	18669.000	29.000	78.187843	16.3803531	159.354653	119.526150	6.00312227	187.597571	35	19.3739612	4.86359654	151.987392
2	14:03:54 PM	27.74	79.360	28.730	18681.000	29.000	78.187843	16.3803531	159.354653	119.526150	6.00312227	187.597571	35	19.3739612	4.86359654	151.987392
2	14:04:09 PM	27.99	78.960	28.780	18646.000	29.000	77.830958	16.3055857	158.627286	118.980578	5.97572130	186.741291	35	19.3739612	4.84139688	151.293652
2	14:04:24 PM	28.24	78.610	28.830	18708.000	29.000	77.476049	16.2312322	157.903945	118.438026	5.94847197	185.889749	35	19.3739612	4.81932008	150.603752
2	14:04:39 PM	28.49	79.280	28.740	18734.000	29.000	78.116307	16.3653664	159.208856	119.416793	5.99762989	187.425934	35	19.3739612	4.85914673	151.848335
2	14:04:54 PM	28.74	78.890	28.790	18747.000	29.000	77.759819	16.2906820	158.482297	118.871827	5.97025933	186.570604	35	19.3739612	4.83697172	151.155366
2	14:05:09 PM	28.99	78.620	28.830	18749.000	29.000	77.476049	16.2312322	157.903945	118.438026	5.94847197	185.889749	35	19.3739612	4.81932008	150.603752
2	14:05:24 PM	29.24	78.730	28.810	18793.000	29.000	77.617776	16.2609241	158.192800	118.654686	5.95935357	186.229799	35	19.3739612	4.82813611	150.879254
2	14:05:39 PM	29.49	78.070	28.910	18777.000	29.000	76.912266	16.1131197	156.754899	117.576168	5.90518573	184.537054	35	19.3739612	4.78425053	149.507829
2	14:05:54 PM	29.74	78.440	28.850	18810.000	29.000	77.334634	16.2016059	157.615729	118.221845	5.93761445	185.550452	35	19.3739612	4.81052356	150.328861
2	14:06:09 PM	29.99	78.810	28.800	18840.000	29.000	77.688758	16.2757948	158.337468	118.763196	5.96480343	186.400107	35	19.3739612	4.83255147	151.017233
2	14:06:24 PM	30.24	78.140	28.900	18837.000	29.000	76.982466	16.1278266	156.897974	117.683484	5.91057559	184.705487	35	19.3739612	4.78861727	149.644290
2	14:06:39 PM	30.49	78.090	28.900	18891.000	29.000	76.982466	16.1278266	156.897974	117.683484	5.91057559	184.705487	35	19.3739612	4.78861727	149.644290
2	14:06:54 PM	30.74	78.480	28.850	18880.000	29.000	77.334634	16.2016059	157.615729	118.221845	5.93761445	185.550452	35	19.3739612	4.81052356	150.328861
2	14:07:09 PM	30.99	77.180	29.030	18887.000	29.000	76.075877	15.9378962	155.050255	116.297576	5.84096930	182.530291	35	19.3739612	4.73222380	147.881994
2	14:07:24 PM	31.24	76.660	29.110	18929.000	29.000	75.524392	15.8223601	153.926273	115.454518	5.79862726	181.207102	35	19.3739612	4.69791922	146.809975
2	14:07:39 PM	31.49	77.220	29.030	18956.000	29.000	76.075877	15.9378962	155.050255	116.297576	5.84096930	182.530291	35	19.3739612	4.73222380	147.881994
2	14:07:54 PM	31.74	77.190	29.030	18980.000	29.000	76.075877	15.9378962	155.050255	116.297576	5.84096930	182.530291	35	19.3739612	4.73222380	147.881994
2	14:08:09 PM	31.99	76.590	29.120	18956.000	29.000	75.455796	15.8079893	153.786468	115.349656	5.79336061	181.042519	35	19.3739612	4.69365230	146.676634
2	14:08:24 PM	32.24	77.220	29.030	19006.000	29.000	76.075877	15.9378962	155.050255	116.297576	5.84096930	182.530291	35	19.3739612	4.73222380	147.881994
2	14:08:39 PM	32.49	75.950	29.210	19029.000	29.000	74.841807	15.6793586	152.535098	114.411048	5.74621966	179.569364	35	19.3739612	4.65545974	145.483117
2	14:08:54 PM	32.74	76.490	29.130	19022.000	29.000	75.387276	15.7936343	153.646817	115.244908	5.78809974	180.878117	35	19.3739612	4.68939006	146.543439
