7530-470610
OS REV: 1.05 Sensor Cal: 1611734400
Time (sec),  Bat (Volts),   T (deg C),  PAR (umol/(s m^2))  Ax (g), Ay (g), Az (g)
1675159740, +3.51, +28.468,  -0.02395, +1231.000, +96.000, +433.000
1675160340, +3.51, +28.460,  +0.06553, +1235.000, +99.000, +430.000
1675160940, +3.52, +27.877,  -0.01605, +1304.000, +111.000, +340.000
1675161540, +3.52, +27.391,  +0.13659, +1151.000, +65.000, +454.000
1675162140, +3.52, +27.260,  +0.00500, +1190.000, +78.000, +455.000
1675162740, +3.52, +27.639,  +0.08922, +1300.000, +112.000, +344.000
1675163340, +3.52, +28.124,  -0.01869, +1214.000, +88.000, +448.000
1675163940, +3.52, +28.337,  +0.06027, +1248.000, +103.000, +416.000
1675164540, +3.52, +28.238,  +0.03921, +1251.000, +104.000, +408.000
1675165140, +3.52, +27.943,  +0.01026, +1294.000, +114.000, +344.000
1675165740, +3.52, +27.820,  -0.02132, +1308.000, +111.000, +327.000
1675166340, +3.52, +27.770,  -0.06343, +1289.000, +114.000, +352.000
1675166940, +3.52, +27.597,  +0.06553, +1305.000, +137.000, +334.000
1675167540, +3.52, +27.457,  +0.04974, +1280.000, +120.000, +358.000
1675168140, +3.52, +27.457,  -0.02132, +1275.000, +115.000, +371.000
1675168740, +3.52, +27.507,  +0.01026, +1144.000, +64.000, +448.000
1675169340, +3.52, +27.532,  +0.03395, +1156.000, +68.000, +454.000
1675169940, +3.52, +27.606,  +0.09711, +1307.000, +113.000, +319.000
1675170540, +3.52, +27.680,  +0.07343, +1248.000, +104.000, +414.000
1675171140, +3.52, +27.746,  +0.00763, +1287.000, +120.000, +348.000
1675171740, +3.52, +27.746,  -0.03448, +1304.000, +108.000, +339.000
1675172340, +3.52, +27.754,  +0.08659, +1284.000, +120.000, +352.000
1675172940, +3.52, +27.779,  +0.04711, +1288.000, +116.000, +348.000
1675173540, +3.52, +27.820,  +0.04448, +1283.000, +120.000, +352.000
1675174140, +3.52, +27.951,  -0.03974, +1244.000, +102.000, +422.000
1675174740, +3.52, +28.083,  -0.02658, +1248.000, +104.000, +412.000
1675175340, +3.52, +28.156,  +0.00500, +1239.000, +96.000, +430.000
1675175940, +3.52, +28.058,  -0.03974, +1208.000, +88.000, +451.000
1675176540, +3.52, +28.033,  +0.13133, +1256.000, +108.000, +400.000
1675177140, +3.52, +27.894,  -0.00553, +1281.000, +118.000, +356.000
1675177740, +3.52, +28.025,  +0.07080, +1270.000, +115.000, +376.000
1675178340, +3.52, +28.181,  +0.03395, +1260.000, +108.000, +400.000
1675178940, +3.52, +28.238,  +0.03395, +1248.000, +104.000, +412.000
1675179540, +3.52, +28.042,  +0.02342, +1284.000, +120.000, +352.000
1675180140, +3.52, +27.811,  +0.09711, +1308.000, +108.000, +327.000
1675180740, +3.52, +27.680,  +0.02342, +1308.000, +105.000, +332.000
1675181340, +3.52, +27.639,  +0.08659, +1304.000, +116.000, +335.000
1675181940, +3.52, +27.704,  -0.00816, +1286.000, +120.000, +348.000
1675182540, +3.52, +27.754,  -0.02395, +1299.000, +112.000, +337.000
1675183140, +3.52, +27.770,  +0.13396, +1294.000, +116.000, +344.000
1675183740, +3.52, +27.787,  +0.07343, +1241.000, +100.000, +423.000
1675184340, +3.52, +27.696,  +0.09448, +1288.000, +120.000, +348.000
1675184940, +3.52, +27.499,  +0.01553, +1142.000, +64.000, +440.000
1675185540, +3.52, +27.342,  +0.06290, +1164.000, +68.000, +456.000
1675186140, +3.52, +27.293,  +0.09185, +1191.000, +78.000, +456.000
1675186740, +3.52, +27.260,  +0.22081, +1185.000, +76.000, +456.000
1675187340, +3.52, +27.260,  +0.26555, +1176.000, +76.000, +456.000
1675187940, +3.51, +27.268,  +0.36556, +1196.000, +80.000, +456.000
1675188540, +3.51, +27.284,  +0.51031, +1180.000, +76.000, +460.000
1675189140, +3.51, +27.235,  +0.61032, +1183.000, +79.000, +460.000
1675189740, +3.51, +27.194,  +0.71559, +1240.000, +96.000, +425.000
1675190340, +3.51, +27.177,  +0.82613, +1200.000, +83.000, +456.000
1675190940, +3.51, +27.152,  +0.79981, +1151.000, +70.000, +454.000
1675191540, +3.51, +27.152,  +1.00246, +1208.000, +88.000, +448.000
1675192140, +3.51, +27.161,  +1.18932, +1191.000, +80.000, +456.000
1675192740, +3.51, +27.144,  +1.48672, +1200.000, +83.000, +454.000
1675193340, +3.51, +27.144,  +2.04203, +1187.000, +80.000, +456.000
1675193940, +3.51, +27.161,  +2.41838, +1183.000, +76.000, +456.000
1675194540, +3.51, +27.177,  +2.90790, +1192.000, +80.000, +460.000
1675195140, +3.51, +27.350,  +3.37637, +1292.000, +120.000, +344.000
1675195740, +3.52, +27.523,  +4.23434, +1267.000, +112.000, +386.000
1675196340, +3.51, +27.614,  +4.76597, +1260.000, +108.000, +392.000
1675196940, +3.51, +27.647,  +3.45532, +1311.000, +108.000, +331.000
1675197540, +3.51, +27.663,  +6.78985, +1278.000, +120.000, +360.000
1675198140, +3.52, +27.762,  +3.22372, +1290.000, +116.000, +344.000
1675198740, +3.52, +27.787,  +5.26339, +1304.000, +111.000, +323.000
1675199340, +3.51, +27.639,  +6.91091, +1142.000, +64.000, +444.000
1675199940, +3.52, +27.507,  +7.94259, +1303.000, +108.000, +327.000
1675200540, +3.52, +27.466,  +8.37947, +1144.000, +64.000, +449.000
1675201140, +3.51, +27.457,  +7.67151, +1276.000, +118.000, +364.000
1675201740, +3.52, +27.507,  +6.98987, +1148.000, +64.000, +452.000
1675202340, +3.52, +27.540,  +6.98723, +1331.000, +111.000, +327.000
1675202940, +3.52, +27.655,  +9.46641, +1140.000, +67.000, +444.000
1675203540, +3.52, +27.746, +11.84032, +1288.000, +120.000, +348.000
1675204140, +3.52, +27.836, +14.22212, +1294.000, +115.000, +344.000
1675204740, +3.51, +28.132, +16.16704, +1248.000, +108.000, +414.000
1675205340, +3.51, +28.263, +22.02285, +1235.000, +97.000, +428.000
1675205940, +3.52, +28.394, +23.93882, +1217.000, +88.000, +448.000
1675206540, +3.52, +28.484, +23.14138, +1240.000, +99.000, +423.000
1675207140, +3.52, +28.525, +21.14909, +1187.000, +79.000, +456.000
1675207740, +3.52, +28.550, +19.94371, +1208.000, +86.000, +451.000
1675208340, +3.52, +28.574, +16.74078, +1142.000, +64.000, +441.000
1675208940, +3.52, +28.501, +26.14956, +1244.000, +99.000, +424.000
1675209540, +3.52, +28.394, +27.91025, +1228.000, +96.000, +436.000
1675210140, +3.52, +28.263, +25.17578, +1246.000, +100.000, +416.000
1675210740, +3.52, +28.279, +21.90179, +1182.000, +76.000, +460.000
1675211340, +3.52, +28.296, +27.11807, +1240.000, +102.000, +423.000
1675211940, +3.52, +28.411, +25.33632, +1230.000, +96.000, +438.000
1675212540, +3.52, +28.296, +21.45438, +1240.000, +96.000, +425.000
1675213140, +3.52, +28.197, +18.59359, +1251.000, +104.000, +408.000
1675213740, +3.52, +28.189, +15.31433, +1240.000, +100.000, +422.000
1675214340, +3.52, +28.296, +12.04560, +1244.000, +100.000, +422.000
1675214940, +3.52, +28.312,  +9.79539, +1244.000, +100.000, +422.000
1675215540, +3.52, +28.124,  +7.76625, +1223.000, +92.000, +440.000
1675216140, +3.52, +27.935,  +2.58945, +1281.000, +120.000, +352.000
1675216740, +3.52, +27.877,  +5.53447, +1292.000, +114.000, +346.000
1675217340, +3.52, +27.877,  +5.45551, +1283.000, +120.000, +352.000
1675217940, +3.52, +27.910,  +4.91072, +1289.000, +118.000, +344.000
1675218540, +3.52, +27.918,  +4.45805, +1287.000, +120.000, +352.000
1675219140, +3.52, +27.877,  +4.03433, +1278.000, +115.000, +364.000
1675219740, +3.52, +27.828,  +3.99222, +1286.000, +120.000, +348.000
1675220340, +3.52, +27.828,  +4.03696, +1294.000, +112.000, +344.000
1675220940, +3.52, +27.861,  +3.68692, +1275.000, +116.000, +368.000
1675221540, +3.52, +27.877,  +3.65534, +1287.000, +120.000, +352.000
1675222140, +3.52, +27.877,  +3.13950, +1283.000, +120.000, +355.000
1675222740, +3.52, +27.844,  +2.97370, +1303.000, +112.000, +339.000
1675223340, +3.52, +27.820,  +2.72631, +1246.000, +103.000, +416.000
1675223940, +3.52, +27.787,  +2.32890, +1289.000, +118.000, +344.000
1675224540, +3.52, +27.811,  +1.87360, +1295.000, +112.000, +344.000
1675225140, +3.52, +27.844,  +2.11309, +1299.000, +108.000, +339.000
1675225740, +3.52, +27.918,  +2.11309, +1248.000, +103.000, +414.000
1675226340, +3.52, +27.992,  +1.92623, +1286.000, +118.000, +353.000
1675226940, +3.52, +28.025,  +1.82359, +1246.000, +104.000, +416.000
1675227540, +3.52, +27.869,  +1.36302, +1283.000, +120.000, +352.000
1675228140, +3.52, +27.729,  +1.01825, +1148.000, +64.000, +452.000
1675228740, +3.52, +27.680,  +0.82087, +1308.000, +112.000, +329.000
1675229340, +3.52, +27.647,  +0.74191, +1304.000, +111.000, +327.000
1675229940, +3.52, +27.507,  +0.51031, +1148.000, +64.000, +449.000
1675230540, +3.51, +27.375,  +0.14186, +1158.000, +70.000, +456.000
1675231140, +3.52, +27.309,  +0.09711, +1196.000, +80.000, +456.000
1675231740, +3.52, +27.284,  +0.03658, +1208.000, +84.000, +452.000
1675232340, +3.52, +27.301,  +0.01290, +1300.000, +108.000, +339.000
1675232940, +3.52, +27.334,  +0.02869, +1196.000, +81.000, +460.000
1675233540, +3.51, +27.391,  +0.07869, +1183.000, +78.000, +456.000
1675234140, +3.51, +27.408,  -0.06869, +1148.000, +64.000, +452.000
1675234740, +3.51, +27.400,  +0.01290, +1304.000, +108.000, +343.000
1675235340, +3.51, +27.383,  +0.11554, +1145.000, +64.000, +452.000
1675235940, +3.51, +27.400,  +0.01290, +1167.000, +71.000, +455.000
1675236540, +3.51, +27.400,  +0.01816, +1308.000, +111.000, +319.000
1675237140, +3.52, +27.499,  +0.04448, +1283.000, +120.000, +352.000
1675237740, +3.52, +27.655,  +0.07343, +1299.000, +112.000, +339.000
1675238340, +3.51, +27.754,  +0.08659, +1304.000, +105.000, +339.000
1675238940, +3.52, +27.729,  +0.11817, +1305.000, +110.000, +328.000
1675239540, +3.52, +27.688,  +0.03658, +1295.000, +112.000, +340.000
1675240140, +3.52, +27.639,  +0.05501, +1304.000, +117.000, +335.000
1675240740, +3.52, +27.589,  +0.05501, +1144.000, +64.000, +448.000
1675241340, +3.51, +27.556,  +0.00237, +1144.000, +64.000, +451.000
1675241940, +3.52, +27.630,  -0.00026, +1302.000, +105.000, +327.000
1675242540, +3.52, +27.754,  +0.09185, +1284.000, +120.000, +355.000
1675243140, +3.52, +27.770,  +0.02869, +1246.000, +100.000, +416.000
1675243740, +3.52, +27.770,  +0.07606, +1283.000, +120.000, +358.000
1675244340, +3.52, +27.737,  +0.07869, +1287.000, +120.000, +352.000
1675244940, +3.51, +27.704,  +0.05764, +1291.000, +116.000, +344.000
1675245540, +3.52, +27.688,  -0.00553, +1311.000, +105.000, +335.000
1675246140, +3.52, +27.680,  +0.03658, +1144.000, +64.000, +448.000
