7530-470610
OS REV: 1.05 Sensor Cal: 1611734400
Time (sec),  Bat (Volts),   T (deg C),  PAR (umol/(s m^2))  Ax (g), Ay (g), Az (g)
1674463740, +3.52, +27.968,  +0.04711, +1155.000, +71.000, +454.000
1674464340, +3.51, +28.017,  -0.02132, +1140.000, +65.000, +444.000
1674464940, +3.52, +28.066,  +0.11291, +1287.000, +120.000, +348.000
1674465540, +3.52, +28.083,  +0.06553, +1289.000, +115.000, +348.000
1674466140, +3.52, +27.910,  +0.03658, +1140.000, +65.000, +448.000
1674466740, +3.52, +27.721,  -0.01869, +1183.000, +78.000, +460.000
1674467340, +3.52, +27.573,  +0.07606, +1196.000, +80.000, +460.000
1674467940, +3.52, +27.515,  +0.04974, +1192.000, +80.000, +457.000
1674468540, +3.52, +27.589,  -0.03711, +1193.000, +84.000, +455.000
1674469140, +3.52, +27.630,  -0.08185, +1177.000, +76.000, +458.000
1674469740, +3.52, +27.639,  -0.00026, +1174.000, +76.000, +460.000
1674470340, +3.52, +27.556,  +0.03132, +1183.000, +80.000, +463.000
1674470940, +3.52, +27.474,  +0.10501, +1208.000, +88.000, +455.000
1674471540, +3.52, +27.441,  -0.00290, +1180.000, +76.000, +462.000
1674472140, +3.51, +27.400,  +0.06290, +1144.000, +64.000, +449.000
1674472740, +3.51, +27.367,  +0.07869, +1230.000, +96.000, +436.000
1674473340, +3.51, +27.326,  -0.01079, +1252.000, +108.000, +410.000
1674473940, +3.51, +27.284,  +0.01816, +1232.000, +96.000, +435.000
1674474540, +3.51, +27.301,  +0.02342, +1144.000, +67.000, +448.000
1674475140, +3.51, +27.326,  +0.03395, +1251.000, +108.000, +408.000
1674475740, +3.51, +27.334,  -0.00290, +1240.000, +102.000, +424.000
1674476340, +3.51, +27.375,  +0.02869, +1203.000, +88.000, +454.000
1674476940, +3.51, +27.515,  +0.05501, +1191.000, +80.000, +462.000
1674477540, +3.51, +27.466,  +0.03132, +1248.000, +104.000, +416.000
1674478140, +3.51, +27.416,  +0.05237, +1212.000, +88.000, +448.000
1674478740, +3.51, +27.367,  -0.06343, +1264.000, +116.000, +387.000
1674479340, +3.51, +27.375,  -0.00816, +1248.000, +105.000, +416.000
1674479940, +3.51, +27.301,  +0.05237, +1142.000, +64.000, +448.000
1674480540, +3.51, +27.243,  +0.03921, +1260.000, +112.000, +400.000
1674481140, +3.51, +27.243,  +0.04711, +1264.000, +112.000, +392.000
1674481740, +3.51, +27.251,  -0.02921, +1256.000, +112.000, +400.000
1674482340, +3.51, +27.227,  +0.04711, +1255.000, +108.000, +400.000
1674482940, +3.51, +27.227,  +0.02342, +1254.000, +108.000, +412.000
1674483540, +3.51, +27.243,  +0.08922, +1276.000, +120.000, +368.000
1674484140, +3.51, +27.251,  -0.11080, +1273.000, +116.000, +371.000
1674484740, +3.51, +27.260,  +0.14449, +1235.000, +100.000, +432.000
1674485340, +3.51, +27.268,  -0.02658, +1251.000, +104.000, +412.000
1674485940, +3.52, +27.276,  +0.03132, +1299.000, +112.000, +340.000
1674486540, +3.51, +27.293,  -0.02132, +1200.000, +83.000, +460.000
1674487140, +3.51, +27.317,  +0.01553, +1273.000, +120.000, +368.000
1674487740, +3.51, +27.350,  +0.07606, +1264.000, +112.000, +391.000
1674488340, +3.51, +27.416,  +0.04711, +1232.000, +96.000, +435.000
1674488940, +3.51, +27.630,  +0.03658, +1174.000, +76.000, +460.000
1674489540, +3.51, +27.820,  +0.07606, +1142.000, +65.000, +448.000
1674490140, +3.51, +27.902,  +0.03921, +1140.000, +67.000, +448.000
1674490740, +3.52, +27.803,  +0.09711, +1151.000, +67.000, +455.000
1674491340, +3.51, +27.614,  +0.05764, +1304.000, +112.000, +344.000
1674491940, +3.51, +27.548,  -0.10027, +1190.000, +80.000, +460.000
1674492540, +3.52, +27.540,  +0.08922, +1176.000, +76.000, +460.000
1674493140, +3.52, +27.663,  +0.04185, +1140.000, +67.000, +444.000
1674493740, +3.51, +28.099,  +0.19976, +1304.000, +108.000, +344.000
1674494340, +3.51, +28.361,  +0.36293, +1287.000, +120.000, +352.000
1674494940, +3.51, +28.484,  +0.83139, +1291.000, +120.000, +352.000
1674495540, +3.52, +28.533,  +1.21564, +1288.000, +120.000, +352.000
1674496140, +3.52, +28.411,  +1.25775, +1286.000, +120.000, +352.000
1674496740, +3.52, +28.443,  +1.57620, +1241.000, +104.000, +422.000
1674497340, +3.52, +28.550,  +2.02361, +1246.000, +103.000, +422.000
1674497940, +3.52, +28.566,  +2.18152, +1240.000, +100.000, +425.000
1674498540, +3.52, +28.550,  +2.42102, +1238.000, +96.000, +428.000
1674499140, +3.52, +28.312,  +1.78411, +1272.000, +115.000, +376.000
1674499740, +3.52, +28.312,  +3.38426, +1263.000, +112.000, +392.000
1674500340, +3.52, +28.156,  +7.55571, +1276.000, +120.000, +362.000
1674500940, +3.52, +27.968,  +7.00039, +1307.000, +106.000, +335.000
1674501540, +3.52, +27.984,  +7.35832, +1140.000, +67.000, +448.000
1674502140, +3.52, +27.992,  +8.49790, +1304.000, +118.000, +328.000
1674502740, +3.52, +27.951,  +8.91373, +1299.000, +109.000, +327.000
1674503340, +3.52, +27.927,  +9.64011, +1304.000, +111.000, +327.000
1674503940, +3.52, +27.885, +10.05068, +1299.000, +112.000, +340.000
1674504540, +3.52, +27.910, +11.08762, +1139.000, +67.000, +448.000
1674505140, +3.52, +28.033, +12.57723, +1304.000, +111.000, +335.000
1674505740, +3.52, +28.017,  +5.28707, +1292.000, +115.000, +342.000
1674506340, +3.52, +27.902,  +5.45551, +1304.000, +108.000, +348.000
1674506940, +3.52, +27.894,  +8.39000, +1302.000, +112.000, +340.000
1674507540, +3.52, +27.787, +23.44404, +1144.000, +67.000, +451.000
1674508140, +3.52, +27.704, +11.07183, +1174.000, +76.000, +460.000
1674508740, +3.52, +27.672, +22.84135, +1155.000, +71.000, +455.000
1674509340, +3.52, +27.663, +21.89653, +1164.000, +71.000, +460.000
1674509940, +3.52, +27.614, +23.84671, +1184.000, +78.000, +462.000
1674510540, +3.52, +27.589, +24.48098, +1192.000, +80.000, +456.000
1674511140, +3.52, +27.565, +25.51266, +1177.000, +76.000, +460.000
1674511740, +3.52, +27.556, +26.36010, +1193.000, +80.000, +456.000
1674512340, +3.52, +27.548, +27.78129, +1176.000, +73.000, +456.000
1674512940, +3.52, +27.548, +30.28679, +1198.000, +81.000, +455.000
1674513540, +3.52, +27.622, +32.13433, +1190.000, +80.000, +460.000
1674514140, +3.52, +27.746, +31.89483, +1144.000, +64.000, +451.000
1674514740, +3.52, +27.836, +33.35286, +1305.000, +112.000, +327.000
1674515340, +3.52, +27.943, +32.45804, +1303.000, +108.000, +348.000
1674515940, +3.52, +28.009, +30.63945, +1286.000, +120.000, +352.000
1674516540, +3.52, +28.074, +31.42374, +1288.000, +120.000, +348.000
1674517140, +3.52, +28.140, +26.77593, +1283.000, +120.000, +358.000
1674517740, +3.52, +28.173, +30.99212, +1244.000, +104.000, +419.000
1674518340, +3.52, +28.189, +30.44733, +1287.000, +120.000, +355.000
1674518940, +3.52, +28.156, +30.47891, +1295.000, +114.000, +344.000
1674519540, +3.52, +28.124, +29.90517, +1288.000, +120.000, +352.000
1674520140, +3.52, +28.083, +32.23960, +1294.000, +116.000, +344.000
1674520740, +3.52, +28.091, +31.57112, +1302.000, +112.000, +342.000
1674521340, +3.52, +27.959, +18.76465, +1142.000, +64.000, +444.000
1674521940, +3.52, +27.885, +30.63419, +1305.000, +109.000, +319.000
1674522540, +3.52, +27.877, +31.27109, +1302.000, +108.000, +340.000
1674523140, +3.52, +27.992, +28.97087, +1296.000, +112.000, +344.000
1674523740, +3.52, +28.042, +25.24421, +1294.000, +118.000, +344.000
1674524340, +3.52, +28.074, +22.00443, +1302.000, +108.000, +344.000
1674524940, +3.52, +28.017, +21.27278, +1304.000, +108.000, +327.000
1674525540, +3.52, +27.391, +20.89380, +1264.000, +112.000, +390.000
1674526140, +3.52, +27.111, +17.81720, +1216.000, +88.000, +448.000
1674526740, +3.52, +27.260, +17.33557, +1270.000, +115.000, +376.000
1674527340, +3.52, +27.391, +16.33548, +1251.000, +108.000, +408.000
1674527940, +3.52, +27.293, +15.51435, +1240.000, +100.000, +424.000
1674528540, +3.52, +27.227, +15.11694, +1272.000, +120.000, +371.000
1674529140, +3.52, +27.202, +12.75883, +1264.000, +115.000, +387.000
1674529740, +3.51, +27.416, +11.61925, +1196.000, +80.000, +455.000
1674530340, +3.52, +27.729, +10.48230, +1144.000, +66.000, +451.000
1674530940, +3.52, +27.902,  +4.05538, +1299.000, +112.000, +339.000
1674531540, +3.52, +27.959,  +8.37947, +1142.000, +64.000, +448.000
1674532140, +3.52, +27.754,  +7.48202, +1177.000, +76.000, +462.000
1674532740, +3.52, +27.688,  +6.56351, +1283.000, +120.000, +360.000
1674533340, +3.52, +27.828,  +5.52131, +1151.000, +68.000, +455.000
1674533940, +3.52, +27.984,  +4.88441, +1283.000, +120.000, +355.000
1674534540, +3.52, +28.017,  +4.20276, +1278.000, +118.000, +360.000
1674535140, +3.52, +28.025,  +3.45006, +1287.000, +116.000, +352.000
1674535740, +3.52, +28.058,  +3.08424, +1305.000, +114.000, +331.000
1674536340, +3.52, +28.083,  +2.59472, +1289.000, +120.000, +348.000
1674536940, +3.52, +28.058,  +1.92360, +1308.000, +110.000, +333.000
1674537540, +3.52, +28.050,  +1.44724, +1296.000, +115.000, +344.000
1674538140, +3.52, +27.992,  +1.10247, +1240.000, +111.000, +327.000
1674538740, +3.52, +27.951,  +0.79981, +1305.000, +103.000, +327.000
1674539340, +3.52, +27.959,  +0.33135, +1308.000, +111.000, +332.000
1674539940, +3.52, +28.009,  +0.17081, +1303.000, +108.000, +327.000
1674540540, +3.52, +28.107,  -0.03185, +1286.000, +120.000, +352.000
1674541140, +3.52, +28.230,  +0.01816, +1294.000, +118.000, +344.000
1674541740, +3.52, +28.304,  -0.00816, +1283.000, +120.000, +356.000
1674542340, +3.52, +28.353,  +0.03132, +1263.000, +112.000, +392.000
1674542940, +3.52, +28.370,  +0.01290, +1259.000, +112.000, +400.000
1674543540, +3.52, +28.279,  -0.00026, +1231.000, +96.000, +435.000
1674544140, +3.52, +28.320,  +0.03395, +1291.000, +115.000, +344.000
1674544740, +3.52, +28.378,  +0.10238, +1267.000, +116.000, +380.000
1674545340, +3.52, +28.394,  +0.03132, +1286.000, +120.000, +352.000
1674545940, +3.52, +28.419,  -0.05816, +1283.000, +120.000, +353.000
1674546540, +3.52, +28.452,  +0.05764, +1272.000, +120.000, +371.000
1674547140, +3.52, +28.468,  +0.08659, +1254.000, +108.000, +408.000
1674547740, +3.52, +28.517,  +0.01290, +1260.000, +112.000, +398.000
1674548340, +3.52, +28.509,  +0.04185, +1264.000, +112.000, +391.000
1674548940, +3.52, +28.501,  +0.09975, +1279.000, +120.000, +358.000
1674549540, +3.52, +28.484,  +0.07869, +1257.000, +112.000, +400.000
1674550140, +3.52, +28.476,  +0.01553, +1239.000, +98.000, +432.000
