Chamber	Time	Logtime_min	OxyPercent_airsat	Phase	Amp	TempC	per_air-sat	per_oxygen	pO2_hPa	pO2_Torr	cO2_mg_L	cO2_umol_L	Salinity	chlorinity	SalCorcO2_mg_L	SalCorcO2_umol_L
7	7:38:02	0.00	94.510	26.880	15438.000	29.000	94.939891	19.8899073	193.497005	145.135091	7.28931449	227.791078	36	19.8171745	5.87392228	183.560071
7	7:38:04	0.03	94.030	26.940	15469.000	29.000	94.397508	19.7762779	192.391574	144.305946	7.24767126	226.489727	36	19.8171745	5.84036507	182.511408
7	7:38:19	0.29	94.600	26.870	15467.000	29.000	95.030664	19.9089241	193.682009	145.273855	7.29628385	228.008870	36	19.8171745	5.87953838	183.735574
7	7:38:34	0.54	94.330	26.900	15463.000	29.000	94.758669	19.8519411	193.127655	144.858054	7.27540052	227.356266	36	19.8171745	5.86271004	183.209689
7	7:38:49	0.78	94.990	26.830	15448.000	29.000	95.394833	19.9852176	194.424222	145.830562	7.32424410	228.882628	36	19.8171745	5.90206949	184.439672
7	7:39:04	1.03	94.110	26.930	15447.000	29.000	94.487638	19.7951601	192.575267	144.443728	7.25459127	226.705977	36	19.8171745	5.84594140	182.685669
7	7:39:19	1.28	94.650	26.870	15458.000	29.000	95.030664	19.9089241	193.682009	145.273855	7.29628385	228.008870	36	19.8171745	5.87953838	183.735574
7	7:39:33	1.53	94.100	26.930	15436.000	29.000	94.487638	19.7951601	192.575267	144.443728	7.25459127	226.705977	36	19.8171745	5.84594140	182.685669
7	7:39:49	1.78	94.380	26.900	15457.000	29.000	94.758669	19.8519411	193.127655	144.858054	7.27540052	227.356266	36	19.8171745	5.86271004	183.209689
7	7:40:03	2.03	95.690	26.750	15443.000	29.000	96.128384	20.1388964	195.919272	146.951945	7.38056479	230.642650	36	19.8171745	5.94745419	185.857943
7	7:40:18	2.28	94.430	26.890	15447.000	29.000	94.849226	19.8709129	193.312221	144.996490	7.28235338	227.573543	36	19.8171745	5.86831284	183.384776
7	7:40:33	2.53	94.320	26.900	15468.000	29.000	94.758669	19.8519411	193.127655	144.858054	7.27540052	227.356266	36	19.8171745	5.86271004	183.209689
7	7:40:49	2.78	95.000	26.830	15457.000	29.000	95.394833	19.9852176	194.424222	145.830562	7.32424410	228.882628	36	19.8171745	5.90206949	184.439672
7	7:41:03	3.03	93.900	26.950	15454.000	29.000	94.307485	19.7574180	192.208097	144.168327	7.24075942	226.273732	36	19.8171745	5.83479533	182.337354
7	7:41:19	3.29	94.320	26.900	15456.000	29.000	94.758669	19.8519411	193.127655	144.858054	7.27540052	227.356266	36	19.8171745	5.86271004	183.209689
7	7:41:33	3.53	94.620	26.870	15443.000	29.000	95.030664	19.9089241	193.682009	145.273855	7.29628385	228.008870	36	19.8171745	5.87953838	183.735574
7	7:41:49	3.78	94.620	26.870	15436.000	29.000	95.030664	19.9089241	193.682009	145.273855	7.29628385	228.008870	36	19.8171745	5.87953838	183.735574
7	7:42:03	4.03	95.160	26.810	15487.000	29.000	95.577567	20.0235004	194.796653	146.109909	7.33827410	229.321066	36	19.8171745	5.91337523	184.792976
7	7:42:19	4.28	94.280	26.910	15470.000	29.000	94.668218	19.8329917	192.943308	144.719782	7.26845589	227.139247	36	19.8171745	5.85711388	183.034809
7	7:42:34	4.53	95.250	26.800	15454.000	29.000	95.669097	20.0426759	194.983200	146.249831	7.34530161	229.540675	36	19.8171745	5.91903818	184.969943
7	7:42:48	4.78	94.620	26.870	15470.000	29.000	95.030664	19.9089241	193.682009	145.273855	7.29628385	228.008870	36	19.8171745	5.87953838	183.735574
7	7:43:04	5.03	95.190	26.810	15446.000	29.000	95.577567	20.0235004	194.796653	146.109909	7.33827410	229.321066	36	19.8171745	5.91337523	184.792976
7	7:43:18	5.28	94.480	26.890	15476.000	29.000	94.849226	19.8709129	193.312221	144.996490	7.28235338	227.573543	36	19.8171745	5.86831284	183.384776
7	7:43:33	5.53	93.160	27.030	15466.000	29.000	93.591113	19.6073382	190.748061	143.073207	7.18575773	224.554929	36	19.8171745	5.79047351	180.952297
7	7:43:48	5.78	95.070	26.820	15472.000	29.000	95.486146	20.0043476	194.610327	145.970153	7.33125493	229.101717	36	19.8171745	5.90771900	184.616219
7	7:44:03	6.03	94.370	26.900	15487.000	29.000	94.758669	19.8519411	193.127655	144.858054	7.27540052	227.356266	36	19.8171745	5.86271004	183.209689
7	7:44:18	6.28	94.560	26.880	15503.000	29.000	94.939891	19.8899073	193.497005	145.135091	7.28931449	227.791078	36	19.8171745	5.87392228	183.560071
7	7:44:33	6.53	94.690	26.860	15462.000	29.000	95.121544	19.9279636	193.867232	145.412784	7.30326148	228.226921	36	19.8171745	5.88516114	183.911286
7	7:44:48	6.78	95.090	26.820	15463.000	29.000	95.486146	20.0043476	194.610327	145.970153	7.33125493	229.101717	36	19.8171745	5.90771900	184.616219
7	7:45:04	7.03	94.460	26.890	15470.000	29.000	94.849226	19.8709129	193.312221	144.996490	7.28235338	227.573543	36	19.8171745	5.86831284	183.384776
7	7:45:18	7.28	94.770	26.850	15475.000	29.000	95.212533	19.9470256	194.052675	145.551878	7.31024739	228.445231	36	19.8171745	5.89079057	184.087205
7	7:45:33	7.53	94.450	26.890	15459.000	29.000	94.849226	19.8709129	193.312221	144.996490	7.28235338	227.573543	36	19.8171745	5.86831284	183.384776
7	7:45:48	7.78	94.790	26.850	15478.000	29.000	95.212533	19.9470256	194.052675	145.551878	7.31024739	228.445231	36	19.8171745	5.89079057	184.087205
7	7:46:03	8.03	94.740	26.860	15476.000	29.000	95.121544	19.9279636	193.867232	145.412784	7.30326148	228.226921	36	19.8171745	5.88516114	183.911286
7	7:46:18	8.28	94.850	26.840	15459.000	29.000	95.303629	19.9661102	194.238339	145.691138	7.31724159	228.663800	36	19.8171745	5.89642668	184.263334
7	7:46:33	8.53	94.700	26.860	15453.000	29.000	95.121544	19.9279636	193.867232	145.412784	7.30326148	228.226921	36	19.8171745	5.88516114	183.911286
7	7:46:48	8.78	95.040	26.820	15456.000	29.000	95.486146	20.0043476	194.610327	145.970153	7.33125493	229.101717	36	19.8171745	5.90771900	184.616219
7	7:47:03	9.03	94.940	26.830	15479.000	29.000	95.394833	19.9852176	194.424222	145.830562	7.32424410	228.882628	36	19.8171745	5.90206949	184.439672
7	7:47:18	9.28	94.330	26.900	15474.000	29.000	94.758669	19.8519411	193.127655	144.858054	7.27540052	227.356266	36	19.8171745	5.86271004	183.209689
7	7:47:34	9.53	94.190	26.920	15489.000	29.000	94.577875	19.8140647	192.759179	144.581673	7.26151948	226.922484	36	19.8171745	5.85152433	182.860135
7	7:47:48	9.78	95.000	26.830	15455.000	29.000	95.394833	19.9852176	194.424222	145.830562	7.32424410	228.882628	36	19.8171745	5.90206949	184.439672
7	7:48:03	10.03	95.080	26.820	15443.000	29.000	95.486146	20.0043476	194.610327	145.970153	7.33125493	229.101717	36	19.8171745	5.90771900	184.616219
7	7:48:18	10.28	94.600	26.870	15464.000	29.000	95.030664	19.9089241	193.682009	145.273855	7.29628385	228.008870	36	19.8171745	5.87953838	183.735574
7	7:48:33	10.53	94.620	26.870	15437.000	29.000	95.030664	19.9089241	193.682009	145.273855	7.29628385	228.008870	36	19.8171745	5.87953838	183.735574
7	7:48:48	10.78	95.290	26.800	15446.000	29.000	95.669097	20.0426759	194.983200	146.249831	7.34530161	229.540675	36	19.8171745	5.91903818	184.969943
7	7:49:04	11.03	94.450	26.890	15438.000	29.000	94.849226	19.8709129	193.312221	144.996490	7.28235338	227.573543	36	19.8171745	5.86831284	183.384776
7	7:49:18	11.28	94.530	26.880	15443.000	29.000	94.939891	19.8899073	193.497005	145.135091	7.28931449	227.791078	36	19.8171745	5.87392228	183.560071
7	7:49:33	11.53	94.650	26.870	15448.000	29.000	95.030664	19.9089241	193.682009	145.273855	7.29628385	228.008870	36	19.8171745	5.87953838	183.735574
7	7:49:49	11.78	94.510	26.880	15437.000	29.000	94.939891	19.8899073	193.497005	145.135091	7.28931449	227.791078	36	19.8171745	5.87392228	183.560071
7	7:50:03	12.03	94.150	26.920	15470.000	29.000	94.577875	19.8140647	192.759179	144.581673	7.26151948	226.922484	36	19.8171745	5.85152433	182.860135
7	7:50:19	12.29	94.830	26.850	15449.000	29.000	95.212533	19.9470256	194.052675	145.551878	7.31024739	228.445231	36	19.8171745	5.89079057	184.087205
7	7:50:34	12.53	94.500	26.880	15464.000	29.000	94.939891	19.8899073	193.497005	145.135091	7.28931449	227.791078	36	19.8171745	5.87392228	183.560071
7	7:50:48	12.78	94.260	26.910	15431.000	29.000	94.668218	19.8329917	192.943308	144.719782	7.26845589	227.139247	36	19.8171745	5.85711388	183.034809
7	7:51:03	13.03	94.140	26.920	15454.000	29.000	94.577875	19.8140647	192.759179	144.581673	7.26151948	226.922484	36	19.8171745	5.85152433	182.860135
7	7:51:18	13.28	94.630	26.870	15449.000	29.000	95.030664	19.9089241	193.682009	145.273855	7.29628385	228.008870	36	19.8171745	5.87953838	183.735574
7	7:51:34	13.53	94.960	26.830	15438.000	29.000	95.394833	19.9852176	194.424222	145.830562	7.32424410	228.882628	36	19.8171745	5.90206949	184.439672
7	7:51:49	13.78	94.050	26.930	15451.000	29.000	94.487638	19.7951601	192.575267	144.443728	7.25459127	226.705977	36	19.8171745	5.84594140	182.685669
7	7:52:03	14.03	94.140	26.920	15448.000	29.000	94.577875	19.8140647	192.759179	144.581673	7.26151948	226.922484	36	19.8171745	5.85152433	182.860135
7	7:52:19	14.28	95.190	26.810	15454.000	29.000	95.577567	20.0235004	194.796653	146.109909	7.33827410	229.321066	36	19.8171745	5.91337523	184.792976
7	7:52:33	14.53	94.860	26.840	15446.000	29.000	95.303629	19.9661102	194.238339	145.691138	7.31724159	228.663800	36	19.8171745	5.89642668	184.263334
7	7:52:48	14.78	95.090	26.820	15487.000	29.000	95.486146	20.0043476	194.610327	145.970153	7.33125493	229.101717	36	19.8171745	5.90771900	184.616219
7	7:53:04	15.03	94.270	26.910	15449.000	29.000	94.668218	19.8329917	192.943308	144.719782	7.26845589	227.139247	36	19.8171745	5.85711388	183.034809
7	7:53:19	15.28	94.120	26.930	15451.000	29.000	94.487638	19.7951601	192.575267	144.443728	7.25459127	226.705977	36	19.8171745	5.84594140	182.685669
7	7:53:33	15.53	95.020	26.830	15448.000	29.000	95.394833	19.9852176	194.424222	145.830562	7.32424410	228.882628	36	19.8171745	5.90206949	184.439672
7	7:53:49	15.78	95.100	26.820	15441.000	29.000	95.486146	20.0043476	194.610327	145.970153	7.33125493	229.101717	36	19.8171745	5.90771900	184.616219
7	7:54:03	16.03	93.900	26.950	15456.000	29.000	94.307485	19.7574180	192.208097	144.168327	7.24075942	226.273732	36	19.8171745	5.83479533	182.337354
7	7:54:19	16.28	95.720	26.750	15455.000	29.000	96.128384	20.1388964	195.919272	146.951945	7.38056479	230.642650	36	19.8171745	5.94745419	185.857943
7	7:54:33	16.53	94.720	26.860	15468.000	29.000	95.121544	19.9279636	193.867232	145.412784	7.30326148	228.226921	36	19.8171745	5.88516114	183.911286
7	7:54:48	16.78	94.330	26.900	15446.000	29.000	94.758669	19.8519411	193.127655	144.858054	7.27540052	227.356266	36	19.8171745	5.86271004	183.209689
7	7:55:04	17.03	94.580	26.870	15463.000	29.000	95.030664	19.9089241	193.682009	145.273855	7.29628385	228.008870	36	19.8171745	5.87953838	183.735574
7	7:55:18	17.28	94.040	26.930	15445.000	29.000	94.487638	19.7951601	192.575267	144.443728	7.25459127	226.705977	36	19.8171745	5.84594140	182.685669
7	7:55:34	17.53	94.240	26.910	15422.000	29.000	94.668218	19.8329917	192.943308	144.719782	7.26845589	227.139247	36	19.8171745	5.85711388	183.034809
7	7:55:48	17.78	94.110	26.930	15460.000	29.000	94.487638	19.7951601	192.575267	144.443728	7.25459127	226.705977	36	19.8171745	5.84594140	182.685669
7	7:56:04	18.03	94.060	26.930	15479.000	29.000	94.487638	19.7951601	192.575267	144.443728	7.25459127	226.705977	36	19.8171745	5.84594140	182.685669
7	7:56:19	18.29	95.000	26.830	15466.000	29.000	95.394833	19.9852176	194.424222	145.830562	7.32424410	228.882628	36	19.8171745	5.90206949	184.439672
7	7:56:34	18.54	94.790	26.850	15420.000	29.000	95.212533	19.9470256	194.052675	145.551878	7.31024739	228.445231	36	19.8171745	5.89079057	184.087205
7	7:56:48	18.78	94.650	26.870	15464.000	29.000	95.030664	19.9089241	193.682009	145.273855	7.29628385	228.008870	36	19.8171745	5.87953838	183.735574
