Chamber	Time	Logtime_min	OxyPercent_airsat	Phase	Amp	TempC	per_air-sat	per_oxygen	pO2_hPa	pO2_Torr	cO2_mg_L	cO2_umol_L	Salinity	chlorinity	SalCorcO2_mg_L	SalCorcO2_umol_L
6	9:35:18	0.00	79.940	28.670	17274.000	29.000	80.277144	16.8180616	163.612858	122.720074	6.16353504	192.610470	36	19.8171745	4.96673945	155.210608
6	9:35:22	0.07	77.080	29.070	17257.000	29.000	77.386688	16.2125110	157.721818	118.301419	5.94161099	185.675344	36	19.8171745	4.78790719	149.622100
6	9:35:37	0.32	79.390	28.740	17297.000	29.000	79.762056	16.7101506	162.563056	121.932656	6.12398749	191.374609	36	19.8171745	4.93487099	154.214718
6	9:35:52	0.57	78.690	28.840	17297.000	29.000	79.033106	16.5574357	161.077384	120.818307	6.06802004	189.625626	36	19.8171745	4.88977094	152.805342
6	9:36:07	0.82	78.210	28.910	17245.000	29.000	78.527608	16.4515338	160.047128	120.045550	6.02920881	188.412775	36	19.8171745	4.85849582	151.827994
6	9:36:22	1.07	79.740	28.700	17197.000	29.000	80.055902	16.7717115	163.161944	122.381861	6.14654849	192.079640	36	19.8171745	4.95305123	154.782851
6	9:36:37	1.32	78.870	28.820	17226.000	29.000	79.178252	16.5878438	161.373206	121.040193	6.07916410	189.973878	36	19.8171745	4.89875112	153.085972
6	9:36:52	1.57	78.460	28.870	17177.000	29.000	78.815986	16.5119491	160.634872	120.486395	6.05134998	189.104687	36	19.8171745	4.87633776	152.385555
6	9:37:07	1.82	79.910	28.670	17243.000	29.000	80.277144	16.8180616	163.612858	122.720074	6.16353504	192.610470	36	19.8171745	4.96673945	155.210608
6	9:37:22	2.07	80.380	28.610	17151.000	29.000	80.721846	16.9112267	164.519205	123.399892	6.19767846	193.677452	36	19.8171745	4.99425312	156.070410
6	9:37:37	2.32	78.940	28.810	17158.000	29.000	79.250945	16.6030731	161.521362	121.151320	6.08474537	190.148293	36	19.8171745	4.90324865	153.226520
6	9:37:52	2.57	79.270	28.760	17186.000	29.000	79.615620	16.6794724	162.264606	121.708799	6.11274443	191.023263	36	19.8171745	4.92581103	153.931595
6	9:38:07	2.82	81.030	28.520	17123.000	29.000	81.394494	17.0521464	165.890129	124.428173	6.24932316	195.291349	36	19.8171745	5.03586978	157.370931
6	9:38:22	3.07	78.160	28.910	17061.000	29.000	78.527608	16.4515338	160.047128	120.045550	6.02920881	188.412775	36	19.8171745	4.85849582	151.827994
6	9:38:37	3.32	80.850	28.550	17098.000	29.000	81.169527	17.0050160	165.431624	124.084265	6.23205064	194.751583	36	19.8171745	5.02195113	156.935973
6	9:38:52	3.57	80.610	28.580	17043.000	29.000	80.945312	16.9580430	164.974652	123.741507	6.21483583	194.213620	36	19.8171745	5.00807898	156.502468
6	9:39:07	3.82	81.550	28.450	17019.000	29.000	81.922357	17.1627338	166.965967	125.235120	6.28985156	196.557861	36	19.8171745	5.06852864	158.391520
6	9:39:21	4.06	80.440	28.600	17028.000	29.000	80.796252	16.9268147	164.670851	123.513637	6.20339121	193.855975	36	19.8171745	4.99885661	156.214269
6	9:39:36	4.31	81.030	28.520	17033.000	29.000	81.394494	17.0521464	165.890129	124.428173	6.24932316	195.291349	36	19.8171745	5.03586978	157.370931
6	9:39:52	4.57	81.560	28.450	16986.000	29.000	81.922357	17.1627338	166.965967	125.235120	6.28985156	196.557861	36	19.8171745	5.06852864	158.391520
6	9:40:07	4.82	81.010	28.520	16903.000	29.000	81.394494	17.0521464	165.890129	124.428173	6.24932316	195.291349	36	19.8171745	5.03586978	157.370931
6	9:40:22	5.07	81.870	28.410	16928.000	29.000	82.225855	17.2263167	167.584527	125.699079	6.31315361	197.286050	36	19.8171745	5.08730605	158.978314
6	9:40:37	5.32	81.940	28.400	16901.000	29.000	82.301943	17.2422570	167.739600	125.815395	6.31899546	197.468608	36	19.8171745	5.09201356	159.125424
6	9:40:52	5.57	81.930	28.400	16876.000	29.000	82.301943	17.2422570	167.739600	125.815395	6.31899546	197.468608	36	19.8171745	5.09201356	159.125424
6	9:41:06	5.81	80.750	28.560	16789.000	29.000	81.094706	16.9893408	165.279130	123.969885	6.22630597	194.572062	36	19.8171745	5.01732192	156.791310
6	9:41:22	6.07	81.870	28.410	16859.000	29.000	82.225855	17.2263167	167.584527	125.699079	6.31315361	197.286050	36	19.8171745	5.08730605	158.978314
6	9:41:37	6.32	83.400	28.210	16873.000	29.000	83.763974	17.5485526	170.719367	128.050410	6.43124763	200.976488	36	19.8171745	5.18246933	161.952167
6	9:41:52	6.56	82.370	28.340	16759.000	29.000	82.760265	17.3382755	168.673707	126.516034	6.35418461	198.568269	36	19.8171745	5.12036991	160.011560
6	9:42:06	6.81	83.690	28.170	16744.000	29.000	84.075782	17.6138763	171.354862	128.527071	6.45518764	201.724614	36	19.8171745	5.20176083	162.555026
6	9:42:22	7.06	81.930	28.400	16726.000	29.000	82.301943	17.2422570	167.739600	125.815395	6.31899546	197.468608	36	19.8171745	5.09201356	159.125424
6	9:42:36	7.31	83.620	28.180	16743.000	29.000	83.997698	17.5975177	171.195719	128.407704	6.44919249	201.537265	36	19.8171745	5.19692977	162.404055
6	9:42:52	7.56	81.880	28.410	16726.000	29.000	82.225855	17.2263167	167.584527	125.699079	6.31315361	197.286050	36	19.8171745	5.08730605	158.978314
6	9:43:07	7.82	85.540	27.940	16653.000	29.000	85.896381	17.9952918	175.065425	131.310230	6.59496996	206.092811	36	19.8171745	5.31440111	166.075035
6	9:43:21	8.06	81.660	28.440	16636.000	29.000	81.998104	17.1786028	167.120347	125.350915	6.29566729	196.739603	36	19.8171745	5.07321511	158.537972
6	9:43:36	8.31	86.870	27.770	16629.000	29.000	87.273057	18.2837055	177.871230	133.414762	6.70066872	209.395897	36	19.8171745	5.39957596	168.736749
6	9:43:52	8.57	85.660	27.920	16621.000	29.000	86.056957	18.0289325	175.392696	131.555704	6.60729873	206.478085	36	19.8171745	5.32433596	166.385499
6	9:44:06	8.81	85.620	27.930	16527.000	29.000	85.976623	18.0121025	175.228967	131.432897	6.60113083	206.285338	36	19.8171745	5.31936570	166.230178
6	9:44:22	9.07	84.990	28.010	16569.000	29.000	85.337238	17.8781514	173.925837	130.455466	6.55204001	204.751250	36	19.8171745	5.27980702	164.993969
6	9:44:37	9.32	83.620	28.180	16532.000	29.000	83.997698	17.5975177	171.195719	128.407704	6.44919249	201.537265	36	19.8171745	5.19692977	162.404055
6	9:44:52	9.57	85.950	27.890	16448.000	29.000	86.298510	18.0795379	175.885005	131.924968	6.62584475	207.057648	36	19.8171745	5.33928083	166.852526
6	9:45:07	9.82	85.260	27.970	16464.000	29.000	85.656202	17.9449743	174.575917	130.943068	6.57652947	205.516546	36	19.8171745	5.29954128	165.610665
6	9:45:21	10.06	87.320	27.720	16433.000	29.000	87.683094	18.3696082	178.706926	134.041588	6.73215061	210.379707	36	19.8171745	5.42494490	169.529528
6	9:45:36	10.31	85.540	27.940	16414.000	29.000	85.896381	17.9952918	175.065425	131.310230	6.59496996	206.092811	36	19.8171745	5.31440111	166.075035
6	9:45:51	10.56	86.490	27.820	16373.000	29.000	86.865367	18.1982944	177.040317	132.791525	6.66936701	208.417719	36	19.8171745	5.37435222	167.948507
6	9:46:06	10.81	88.110	27.620	16384.000	29.000	88.510279	18.5429035	180.392812	135.306110	6.79566042	212.364388	36	19.8171745	5.47612279	171.128837
6	9:46:21	11.06	87.730	27.670	16320.000	29.000	88.095495	18.4560063	179.547441	134.672028	6.76381405	211.369189	36	19.8171745	5.45046014	170.326879
6	9:46:36	11.31	87.740	27.670	16304.000	29.000	88.095495	18.4560063	179.547441	134.672028	6.76381405	211.369189	36	19.8171745	5.45046014	170.326879
6	9:46:51	11.56	87.780	27.660	16289.000	29.000	88.178261	18.4733457	179.716126	134.798552	6.77016864	211.567770	36	19.8171745	5.45558084	170.486901
6	9:47:06	11.81	89.760	27.430	16290.000	29.000	90.108510	18.8777327	183.650165	137.749333	6.91836965	216.199052	36	19.8171745	5.57500513	174.218910
6	9:47:21	12.06	88.100	27.620	16249.000	29.000	88.510279	18.5429035	180.392812	135.306110	6.79566042	212.364388	36	19.8171745	5.47612279	171.128837
6	9:47:36	12.31	87.960	27.640	16192.000	29.000	88.344079	18.5080845	180.054079	135.052038	6.78289983	211.965620	36	19.8171745	5.46583997	170.807499
6	9:47:52	12.57	86.730	27.790	16204.000	29.000	87.109701	18.2494823	177.538292	133.165038	6.68812649	209.003953	36	19.8171745	5.38946911	168.420910
6	9:48:06	12.81	89.520	27.450	16126.000	29.000	89.938612	18.8421393	183.303897	137.489610	6.90532524	215.791414	36	19.8171745	5.56449360	173.890425
6	9:48:22	13.06	90.580	27.330	16170.000	29.000	90.963951	19.0569477	185.393640	139.057050	6.98404890	218.251528	36	19.8171745	5.62793120	175.872850
6	9:48:37	13.32	89.470	27.460	16099.000	29.000	89.853811	18.8243735	183.131065	137.359974	6.89881439	215.587950	36	19.8171745	5.55924699	173.726468
6	9:48:52	13.57	87.950	27.640	16159.000	29.000	88.344079	18.5080845	180.054079	135.052038	6.78289983	211.965620	36	19.8171745	5.46583997	170.807499
6	9:49:06	13.81	90.920	27.290	16114.000	29.000	91.308929	19.1292206	186.096740	139.584420	7.01053570	219.079240	36	19.8171745	5.64927496	176.539843
6	9:49:22	14.06	91.540	27.220	16123.000	29.000	91.916534	19.2565139	187.335100	140.513269	7.05718653	220.537079	36	19.8171745	5.68686744	177.714608
6	9:49:36	14.31	89.620	27.440	15985.000	29.000	90.023512	18.8599257	183.476931	137.619396	6.91184366	215.995114	36	19.8171745	5.56974631	174.054572
6	9:49:52	14.57	92.080	27.160	16016.000	29.000	92.441317	19.3664559	188.404660	141.315507	7.09747842	221.796201	36	19.8171745	5.71933571	178.729241
6	9:50:06	14.81	91.370	27.240	15971.000	29.000	91.742425	19.2200379	186.980248	140.247107	7.04381872	220.119335	36	19.8171745	5.67609530	177.377978
6	9:50:21	15.06	91.580	27.210	15863.000	29.000	92.003742	19.2747839	187.512838	140.646584	7.06388219	220.746318	36	19.8171745	5.69226298	177.883218
6	9:50:37	15.32	92.210	27.140	15937.000	29.000	92.617067	19.4032755	188.762856	141.584177	7.11097219	222.217881	36	19.8171745	5.73020935	179.069042
6	9:50:51	15.56	93.980	26.940	15862.000	29.000	94.397508	19.7762779	192.391574	144.305946	7.24767126	226.489727	36	19.8171745	5.84036507	182.511408
6	9:51:07	15.82	90.830	27.300	15899.000	29.000	91.222533	19.1111207	185.920657	139.452346	7.00390240	218.871950	36	19.8171745	5.64392968	176.372802
6	9:51:22	16.07	90.510	27.340	15860.000	29.000	90.877958	19.0389321	185.218377	138.925592	6.97744649	218.045203	36	19.8171745	5.62261081	175.706588
6	9:51:37	16.32	91.760	27.190	15807.000	29.000	92.178464	19.3113882	187.868940	140.913683	7.07729705	221.165533	36	19.8171745	5.70307303	178.221032
6	9:51:52	16.57	92.070	27.160	15860.000	29.000	92.441317	19.3664559	188.404660	141.315507	7.09747842	221.796201	36	19.8171745	5.71933571	178.729241
6	9:52:07	16.82	93.340	27.010	15824.000	29.000	93.769572	19.6447254	191.111778	143.346018	7.19945950	224.983109	36	19.8171745	5.80151476	181.297336
6	9:52:22	17.07	94.430	26.890	15839.000	29.000	94.849226	19.8709129	193.312221	144.996490	7.28235338	227.573543	36	19.8171745	5.86831284	183.384776
6	9:52:37	17.32	92.890	27.060	15815.000	29.000	93.324212	19.5514225	190.204090	142.665194	7.16526555	223.914548	36	19.8171745	5.77396037	180.436262
6	9:52:52	17.57	93.070	27.040	15769.000	29.000	93.502041	19.5886777	190.566523	142.937042	7.17891895	224.341217	36	19.8171745	5.78496264	180.780083
6	9:53:07	17.82	93.720	26.970	15581.000	29.000	94.127757	19.7197650	191.841794	143.893576	7.22696025	225.842508	36	19.8171745	5.82367559	181.989862
6	9:53:22	18.07	93.230	27.020	15526.000	29.000	93.680290	19.6260208	190.929812	143.209532	7.19260457	224.768893	36	19.8171745	5.79599088	181.124715
6	9:53:37	18.32	91.560	27.220	15479.000	29.000	91.916534	19.2565139	187.335100	140.513269	7.05718653	220.537079	36	19.8171745	5.68686744	177.714608
6	9:53:52	18.57	92.860	27.070	15470.000	29.000	93.235455	19.5328278	190.023193	142.529510	7.15845090	223.701591	36	19.8171745	5.76846895	180.264655
6	9:54:07	18.82	93.970	26.940	15496.000	29.000	94.397508	19.7762779	192.391574	144.305946	7.24767126	226.489727	36	19.8171745	5.84036507	182.511408
6	9:54:21	19.06	92.890	27.060	15455.000	29.000	93.324212	19.5514225	190.204090	142.665194	7.16526555	223.914548	36	19.8171745	5.77396037	180.436262
6	9:54:37	19.32	92.860	27.070	15507.000	29.000	93.235455	19.5328278	190.023193	142.529510	7.15845090	223.701591	36	19.8171745	5.76846895	180.264655
6	9:54:52	19.57	93.250	27.020	15500.000	29.000	93.680290	19.6260208	190.929812	143.209532	7.19260457	224.768893	36	19.8171745	5.79599088	181.124715
6	9:55:07	19.82	93.140	27.040	15456.000	29.000	93.502041	19.5886777	190.566523	142.937042	7.17891895	224.341217	36	19.8171745	5.78496264	180.780083
6	9:55:21	20.06	94.620	26.870	15499.000	29.000	95.030664	19.9089241	193.682009	145.273855	7.29628385	228.008870	36	19.8171745	5.87953838	183.735574
6	9:55:36	20.31	94.020	26.940	15536.000	29.000	94.397508	19.7762779	192.391574	144.305946	7.24767126	226.489727	36	19.8171745	5.84036507	182.511408
6	9:55:52	20.57	92.270	27.130	15523.000	29.000	92.705097	19.4217178	188.942270	141.718749	7.11773097	222.429093	36	19.8171745	5.73565575	179.239242
6	9:56:07	20.82	93.880	26.950	15506.000	29.000	94.307485	19.7574180	192.208097	144.168327	7.24075942	226.273732	36	19.8171745	5.83479533	182.337354
6	9:56:21	21.06	93.870	26.950	15556.000	29.000	94.307485	19.7574180	192.208097	144.168327	7.24075942	226.273732	36	19.8171745	5.83479533	182.337354
6	9:56:37	21.32	93.500	26.990	15547.000	29.000	93.948453	19.6822009	191.476355	143.619474	7.21319364	225.412301	36	19.8171745	5.81258209	181.643190
6	9:56:51	21.56	92.710	27.080	15602.000	29.000	93.146802	19.5142549	189.842509	142.393985	7.15164427	223.488883	36	19.8171745	5.76298398	180.093249
6	9:57:06	21.81	93.680	26.970	15582.000	29.000	94.127757	19.7197650	191.841794	143.893576	7.22696025	225.842508	36	19.8171745	5.82367559	181.989862
6	9:57:21	22.06	91.980	27.170	15554.000	29.000	92.353597	19.3480785	188.225877	141.181408	7.09074341	221.585731	36	19.8171745	5.71390846	178.559639
6	9:57:37	22.32	92.470	27.110	15562.000	29.000	92.881467	19.4586674	189.301731	141.988367	7.13127237	222.852261	36	19.8171745	5.74656777	179.580243
6	9:57:52	22.57	91.500	27.220	15592.000	29.000	91.916534	19.2565139	187.335100	140.513269	7.05718653	220.537079	36	19.8171745	5.68686744	177.714608
6	9:58:07	22.82	92.250	27.140	15602.000	29.000	92.617067	19.4032755	188.762856	141.584177	7.11097219	222.217881	36	19.8171745	5.73020935	179.069042
6	9:58:21	23.06	93.340	27.010	15619.000	29.000	93.769572	19.6447254	191.111778	143.346018	7.19945950	224.983109	36	19.8171745	5.80151476	181.297336
6	9:58:37	23.32	92.260	27.130	15646.000	29.000	92.705097	19.4217178	188.942270	141.718749	7.11773097	222.429093	36	19.8171745	5.73565575	179.239242
6	9:58:51	23.56	90.900	27.290	15662.000	29.000	91.308929	19.1292206	186.096740	139.584420	7.01053570	219.079240	36	19.8171745	5.64927496	176.539843
6	9:59:07	23.82	90.340	27.360	15731.000	29.000	90.706272	19.0029639	184.868464	138.663134	6.96426475	217.633273	36	19.8171745	5.61198861	175.374644
6	9:59:21	24.06	90.250	27.370	15773.000	29.000	90.620578	18.9850112	184.693813	138.532135	6.95768539	217.427668	36	19.8171745	5.60668679	175.208962
6	9:59:36	24.31	91.100	27.270	15759.000	29.000	91.482023	19.1654838	186.449523	139.849030	7.02382556	219.494549	36	19.8171745	5.65998429	176.874509
6	9:59:52	24.57	92.360	27.120	15775.000	29.000	92.793230	19.4401817	189.121895	141.853479	7.12449769	222.640553	36	19.8171745	5.74110855	179.409642
6	10:00:06	24.81	89.210	27.490	15784.000	29.000	89.599999	18.7711998	182.613770	136.971970	6.87932712	214.978973	36	19.8171745	5.54354363	173.235738
6	10:00:22	25.07	89.380	27.470	15807.000	29.000	89.769109	18.8066284	182.958433	137.230489	6.89231110	215.384722	36	19.8171745	5.55400646	173.562702
6	10:00:36	25.31	89.620	27.440	15849.000	29.000	90.023512	18.8599257	183.476931	137.619396	6.91184366	215.995114	36	19.8171745	5.56974631	174.054572
6	10:00:52	25.56	89.990	27.400	15832.000	29.000	90.364097	18.9312784	184.171078	138.140051	6.93799321	216.812288	36	19.8171745	5.59081832	174.713072
6	10:01:06	25.81	89.610	27.440	15879.000	29.000	90.023512	18.8599257	183.476931	137.619396	6.91184366	215.995114	36	19.8171745	5.56974631	174.054572
6	10:01:22	26.07	90.260	27.370	15818.000	29.000	90.620578	18.9850112	184.693813	138.532135	6.95768539	217.427668	36	19.8171745	5.60668679	175.208962
6	10:01:36	26.31	89.500	27.460	15861.000	29.000	89.853811	18.8243735	183.131065	137.359974	6.89881439	215.587950	36	19.8171745	5.55924699	173.726468
6	10:01:52	26.57	87.780	27.660	15976.000	29.000	88.178261	18.4733457	179.716126	134.798552	6.77016864	211.567770	36	19.8171745	5.45558084	170.486901
6	10:02:07	26.82	89.780	27.420	15965.000	29.000	90.193606	18.8955605	183.823601	137.879421	6.92490324	216.403226	36	19.8171745	5.58027006	174.383440
6	10:02:22	27.07	88.020	27.630	15945.000	29.000	88.427131	18.5254840	180.223348	135.179001	6.78927644	212.164889	36	19.8171745	5.47097841	170.968075
6	10:02:36	27.31	87.500	27.700	15942.000	29.000	87.847770	18.4041078	179.042551	134.293329	6.74479412	210.774816	36	19.8171745	5.43513338	169.847918
6	10:02:51	27.56	87.830	27.660	16019.000	29.000	88.178261	18.4733457	179.716126	134.798552	6.77016864	211.567770	36	19.8171745	5.45558084	170.486901
6	10:03:07	27.81	87.170	27.740	15988.000	29.000	87.518797	18.3351879	178.372071	133.790425	6.71953614	209.985504	36	19.8171745	5.41477983	169.211870
6	10:03:22	28.07	87.910	27.650	16058.000	29.000	88.261122	18.4907051	179.885005	134.925222	6.77653057	211.766580	36	19.8171745	5.46070745	170.647108
6	10:03:37	28.32	87.640	27.680	16110.000	29.000	88.012825	18.4386869	179.378951	134.545649	6.75746677	211.170837	36	19.8171745	5.44534533	170.167042
6	10:03:52	28.57	87.380	27.710	16087.000	29.000	87.765385	18.3868481	178.874642	134.167386	6.73846873	210.577148	36	19.8171745	5.43003621	169.688632
6	10:04:06	28.81	86.590	27.810	16093.000	29.000	86.946718	18.2153375	177.206118	132.915887	6.67561300	208.612906	36	19.8171745	5.37938541	168.105794
6	10:04:22	29.07	86.000	27.880	16127.000	29.000	86.379212	18.0964449	176.049484	132.048337	6.63204090	207.251278	36	19.8171745	5.34427385	167.008558
6	10:04:36	29.31	86.080	27.870	16131.000	29.000	86.460006	18.1133713	176.214150	132.171847	6.63824413	207.445129	36	19.8171745	5.34927258	167.164768
6	10:04:52	29.57	85.920	27.890	16173.000	29.000	86.298510	18.0795379	175.885005	131.924968	6.62584475	207.057648	36	19.8171745	5.33928083	166.852526
6	10:05:06	29.81	85.540	27.940	16183.000	29.000	85.896381	17.9952918	175.065425	131.310230	6.59496996	206.092811	36	19.8171745	5.31440111	166.075035
6	10:05:22	30.07	85.270	27.970	16221.000	29.000	85.656202	17.9449743	174.575917	130.943068	6.57652947	205.516546	36	19.8171745	5.29954128	165.610665
6	10:05:37	30.32	85.110	27.990	16231.000	29.000	85.496539	17.9115248	174.250507	130.698989	6.56427080	205.133462	36	19.8171745	5.28966291	165.301966
6	10:05:52	30.57	85.620	27.930	16321.000	29.000	85.976623	18.0121025	175.228967	131.432897	6.60113083	206.285338	36	19.8171745	5.31936570	166.230178
6	10:06:06	30.81	85.640	27.930	16278.000	29.000	85.976623	18.0121025	175.228967	131.432897	6.60113083	206.285338	36	19.8171745	5.31936570	166.230178
6	10:06:22	31.07	85.800	27.910	16318.000	29.000	86.137383	18.0457817	175.556611	131.678651	6.61347368	206.671052	36	19.8171745	5.32931189	166.540997
6	10:06:36	31.31	84.630	28.050	16331.000	29.000	85.019723	17.8116320	173.278709	129.970079	6.52766176	203.989430	36	19.8171745	5.26016238	164.380074
6	10:06:52	31.57	83.760	28.160	16345.000	29.000	84.153954	17.6302534	171.514185	128.646574	6.46118959	201.912175	36	19.8171745	5.20659735	162.706167
6	10:07:06	31.81	85.490	27.940	16408.000	29.000	85.896381	17.9952918	175.065425	131.310230	6.59496996	206.092811	36	19.8171745	5.31440111	166.075035
6	10:07:21	32.06	84.270	28.100	16422.000	29.000	84.624853	17.7289066	172.473923	129.366439	6.49734432	203.042010	36	19.8171745	5.23573179	163.616618
6	10:07:37	32.32	83.620	28.180	16417.000	29.000	83.997698	17.5975177	171.195719	128.407704	6.44919249	201.537265	36	19.8171745	5.19692977	162.404055
6	10:07:51	32.56	82.360	28.350	16424.000	29.000	82.683663	17.3222274	168.517585	126.398932	6.34830327	198.384477	36	19.8171745	5.11563057	159.863455
6	10:08:07	32.82	82.990	28.260	16474.000	29.000	83.376191	17.4673120	169.929026	127.457603	6.40147431	200.046072	36	19.8171745	5.15847720	161.202412
6	10:08:22	33.07	83.510	28.200	16454.000	29.000	83.841794	17.5648559	170.877972	128.169373	6.43722249	201.163203	36	19.8171745	5.18728403	162.102626
6	10:08:37	33.32	82.710	28.300	16520.000	29.000	83.067534	17.4026484	169.299953	126.985758	6.37777622	199.305507	36	19.8171745	5.13938065	160.605645
6	10:08:52	33.57	82.590	28.320	16535.000	29.000	82.913727	17.3704257	168.986477	126.750632	6.36596714	198.936473	36	19.8171745	5.12986459	160.308268
6	10:09:06	33.81	82.090	28.380	16528.000	29.000	82.454374	17.2741913	168.050270	126.048417	6.33069885	197.834339	36	19.8171745	5.10144446	159.420139
6	10:09:21	34.06	82.200	28.370	16598.000	29.000	82.530718	17.2901854	168.205867	126.165124	6.33656040	198.017512	36	19.8171745	5.10616786	159.567745
6	10:09:36	34.31	81.410	28.470	16611.000	29.000	81.771117	17.1310490	166.657725	125.003919	6.27823963	196.194988	36	19.8171745	5.05917144	158.099107
6	10:09:52	34.57	80.460	28.600	16603.000	29.000	80.796252	16.9268147	164.670851	123.513637	6.20339121	193.855975	36	19.8171745	4.99885661	156.214269
