Chamber	Time	Logtime_min	OxyPercent_airsat	Phase	Amp	TempC	per_air-sat	per_oxygen	pO2_hPa	pO2_Torr	cO2_mg_L	cO2_umol_L	Salinity	chlorinity	SalCorcO2_mg_L	SalCorcO2_umol_L
5	12:09:05	0.00	83.500	28.030	12793.000	29.000	85.178300	17.8448539	173.601905	130.212497	6.53983702	204.369907	36	19.8171745	5.26997353	164.686673
5	12:09:21	0.25	81.880	28.240	12848.000	29.000	83.531042	17.4997532	170.244627	127.694324	6.41336348	200.417609	36	19.8171745	5.16805781	161.501807
5	12:09:36	0.50	82.550	28.150	12852.000	29.000	84.232215	17.6466491	171.673689	128.766212	6.46719833	202.099948	36	19.8171745	5.21143935	162.857480
5	12:09:51	0.75	83.370	28.050	12857.000	29.000	85.019723	17.8116320	173.278709	129.970079	6.52766176	203.989430	36	19.8171745	5.26016238	164.380074
5	12:10:06	1.00	82.900	28.110	12805.000	29.000	84.546147	17.7124178	172.313514	129.246121	6.49130145	202.853170	36	19.8171745	5.23086228	163.464446
5	12:10:21	1.25	84.310	27.930	12864.000	29.000	85.976623	18.0121025	175.228967	131.432897	6.60113083	206.285338	36	19.8171745	5.31936570	166.230178
5	12:10:36	1.50	82.750	28.130	12868.000	29.000	84.389003	17.6794962	171.993239	129.005895	6.47923623	202.476132	36	19.8171745	5.22113982	163.160619
5	12:10:51	1.75	83.730	28.000	12849.000	29.000	85.416843	17.8948286	174.088079	130.577158	6.55815192	204.942248	36	19.8171745	5.28473216	165.147880
5	12:11:06	2.00	83.310	28.050	12888.000	29.000	85.019723	17.8116320	173.278709	129.970079	6.52766176	203.989430	36	19.8171745	5.26016238	164.380074
5	12:11:21	2.25	82.710	28.130	12869.000	29.000	84.389003	17.6794962	171.993239	129.005895	6.47923623	202.476132	36	19.8171745	5.22113982	163.160619
5	12:11:35	2.50	83.580	28.020	12882.000	29.000	85.257724	17.8614932	173.763779	130.333912	6.54593504	204.560470	36	19.8171745	5.27488748	164.840234
5	12:11:50	2.75	82.380	28.180	12848.000	29.000	83.997698	17.5975177	171.195719	128.407704	6.44919249	201.537265	36	19.8171745	5.19692977	162.404055
5	12:12:05	3.00	83.330	28.050	12880.000	29.000	85.019723	17.8116320	173.278709	129.970079	6.52766176	203.989430	36	19.8171745	5.26016238	164.380074
5	12:12:21	3.25	83.490	28.030	12839.000	29.000	85.178300	17.8448539	173.601905	130.212497	6.53983702	204.369907	36	19.8171745	5.26997353	164.686673
5	12:12:36	3.50	83.840	27.990	12815.000	29.000	85.496539	17.9115248	174.250507	130.698989	6.56427080	205.133462	36	19.8171745	5.28966291	165.301966
5	12:12:51	3.75	82.950	28.100	12845.000	29.000	84.624853	17.7289066	172.473923	129.366439	6.49734432	203.042010	36	19.8171745	5.23573179	163.616618
5	12:13:06	4.00	82.140	28.210	12906.000	29.000	83.763974	17.5485526	170.719367	128.050410	6.43124763	200.976488	36	19.8171745	5.18246933	161.952167
5	12:13:21	4.25	82.690	28.140	12868.000	29.000	84.310565	17.6630634	171.833374	128.885985	6.47321387	202.287934	36	19.8171745	5.21628684	163.008964
5	12:13:35	4.50	83.370	28.050	12861.000	29.000	85.019723	17.8116320	173.278709	129.970079	6.52766176	203.989430	36	19.8171745	5.26016238	164.380074
5	12:13:50	4.75	82.010	28.220	12827.000	29.000	83.686242	17.5322678	170.560942	127.931581	6.42527951	200.789985	36	19.8171745	5.17766006	161.801877
5	12:14:06	5.00	82.730	28.130	12847.000	29.000	84.389003	17.6794962	171.993239	129.005895	6.47923623	202.476132	36	19.8171745	5.22113982	163.160619
5	12:14:21	5.25	84.760	27.870	12870.000	29.000	86.460006	18.1133713	176.214150	132.171847	6.63824413	207.445129	36	19.8171745	5.34927258	167.164768
5	12:14:36	5.50	83.510	28.030	12840.000	29.000	85.178300	17.8448539	173.601905	130.212497	6.53983702	204.369907	36	19.8171745	5.26997353	164.686673
5	12:14:51	5.75	83.710	28.000	12862.000	29.000	85.416843	17.8948286	174.088079	130.577158	6.55815192	204.942248	36	19.8171745	5.28473216	165.147880
5	12:15:06	6.00	84.030	27.960	12836.000	29.000	85.736170	17.9617277	174.738900	131.065316	6.58266930	205.708416	36	19.8171745	5.30448891	165.765278
5	12:15:20	6.25	83.930	27.980	12831.000	29.000	85.576325	17.9282400	174.413119	130.820959	6.57039664	205.324895	36	19.8171745	5.29459928	165.456228
5	12:15:35	6.50	84.790	27.870	12870.000	29.000	86.460006	18.1133713	176.214150	132.171847	6.63824413	207.445129	36	19.8171745	5.34927258	167.164768
5	12:15:50	6.75	82.130	28.210	12883.000	29.000	83.763974	17.5485526	170.719367	128.050410	6.43124763	200.976488	36	19.8171745	5.18246933	161.952167
5	12:16:06	7.00	84.330	27.920	12833.000	29.000	86.056957	18.0289325	175.392696	131.555704	6.60729873	206.478085	36	19.8171745	5.32433596	166.385499
5	12:16:20	7.25	84.900	27.850	12891.000	29.000	86.621872	18.1472823	176.544050	132.419293	6.65067191	207.833497	36	19.8171745	5.35928721	167.477725
5	12:16:36	7.50	83.980	27.970	12810.000	29.000	85.656202	17.9449743	174.575917	130.943068	6.57652947	205.516546	36	19.8171745	5.29954128	165.610665
5	12:16:50	7.75	83.900	27.980	12835.000	29.000	85.576325	17.9282400	174.413119	130.820959	6.57039664	205.324895	36	19.8171745	5.29459928	165.456228
5	12:17:05	8.00	85.460	27.780	12905.000	29.000	87.191332	18.2665841	177.704666	133.289829	6.69439401	209.199813	36	19.8171745	5.39451964	168.578739
5	12:17:20	8.25	83.540	28.030	12878.000	29.000	85.178300	17.8448539	173.601905	130.212497	6.53983702	204.369907	36	19.8171745	5.26997353	164.686673
5	12:17:35	8.50	84.250	27.930	12878.000	29.000	85.976623	18.0121025	175.228967	131.432897	6.60113083	206.285338	36	19.8171745	5.31936570	166.230178
5	12:17:50	8.75	85.150	27.820	12858.000	29.000	86.865367	18.1982944	177.040317	132.791525	6.66936701	208.417719	36	19.8171745	5.37435222	167.948507
5	12:18:06	9.00	84.610	27.890	12867.000	29.000	86.298510	18.0795379	175.885005	131.924968	6.62584475	207.057648	36	19.8171745	5.33928083	166.852526
5	12:18:20	9.25	83.740	28.000	12797.000	29.000	85.416843	17.8948286	174.088079	130.577158	6.55815192	204.942248	36	19.8171745	5.28473216	165.147880
5	12:18:35	9.50	83.920	27.980	12866.000	29.000	85.576325	17.9282400	174.413119	130.820959	6.57039664	205.324895	36	19.8171745	5.29459928	165.456228
5	12:18:50	9.75	83.580	28.020	12810.000	29.000	85.257724	17.8614932	173.763779	130.333912	6.54593504	204.560470	36	19.8171745	5.27488748	164.840234
5	12:19:05	10.00	82.820	28.120	12852.000	29.000	84.467531	17.6959477	172.153286	129.125940	6.48526542	202.664544	36	19.8171745	5.22599829	163.312447
5	12:19:20	10.25	85.360	27.790	12841.000	29.000	87.109701	18.2494823	177.538292	133.165038	6.68812649	209.003953	36	19.8171745	5.38946911	168.420910
5	12:19:35	10.50	83.930	27.970	12851.000	29.000	85.656202	17.9449743	174.575917	130.943068	6.57652947	205.516546	36	19.8171745	5.29954128	165.610665
5	12:19:51	10.75	84.810	27.860	12838.000	29.000	86.540893	18.1303171	176.379006	132.295499	6.64445447	207.639202	36	19.8171745	5.35427703	167.321157
5	12:20:05	11.00	85.150	27.820	12801.000	29.000	86.865367	18.1982944	177.040317	132.791525	6.66936701	208.417719	36	19.8171745	5.37435222	167.948507
5	12:20:20	11.25	84.400	27.920	12814.000	29.000	86.056957	18.0289325	175.392696	131.555704	6.60729873	206.478085	36	19.8171745	5.32433596	166.385499
5	12:20:35	11.50	84.350	27.920	12817.000	29.000	86.056957	18.0289325	175.392696	131.555704	6.60729873	206.478085	36	19.8171745	5.32433596	166.385499
5	12:20:50	11.75	84.530	27.900	12766.000	29.000	86.217901	18.0626502	175.720715	131.801739	6.61965568	206.864240	36	19.8171745	5.33429351	166.696672
5	12:21:05	12.00	83.260	28.060	12785.000	29.000	84.940569	17.7950493	173.117386	129.849077	6.52158449	203.799515	36	19.8171745	5.25526516	164.227036
5	12:21:20	12.25	85.030	27.840	12767.000	29.000	86.702944	18.1642669	176.709283	132.543228	6.65689648	208.028015	36	19.8171745	5.36430313	167.634473
5	12:21:35	12.50	85.030	27.840	12800.000	29.000	86.702944	18.1642669	176.709283	132.543228	6.65689648	208.028015	36	19.8171745	5.36430313	167.634473
5	12:21:50	12.75	83.770	28.000	12767.000	29.000	85.416843	17.8948286	174.088079	130.577158	6.55815192	204.942248	36	19.8171745	5.28473216	165.147880
5	12:22:05	13.00	84.110	27.950	12755.000	29.000	85.816230	17.9785002	174.902069	131.187703	6.58881612	205.900504	36	19.8171745	5.30944219	165.920068
5	12:22:20	13.25	84.430	27.910	12716.000	29.000	86.137383	18.0457817	175.556611	131.678651	6.61347368	206.671052	36	19.8171745	5.32931189	166.540997
5	12:22:35	13.50	84.470	27.910	12791.000	29.000	86.137383	18.0457817	175.556611	131.678651	6.61347368	206.671052	36	19.8171745	5.32931189	166.540997
5	12:22:50	13.75	85.250	27.810	12753.000	29.000	86.946718	18.2153375	177.206118	132.915887	6.67561300	208.612906	36	19.8171745	5.37938541	168.105794
5	12:23:05	14.00	84.980	27.840	12749.000	29.000	86.702944	18.1642669	176.709283	132.543228	6.65689648	208.028015	36	19.8171745	5.36430313	167.634473
5	12:23:20	14.25	84.600	27.890	12709.000	29.000	86.298510	18.0795379	175.885005	131.924968	6.62584475	207.057648	36	19.8171745	5.33928083	166.852526
5	12:23:35	14.50	84.070	27.960	12689.000	29.000	85.736170	17.9617277	174.738900	131.065316	6.58266930	205.708416	36	19.8171745	5.30448891	165.765278
5	12:23:50	14.75	83.960	27.970	12688.000	29.000	85.656202	17.9449743	174.575917	130.943068	6.57652947	205.516546	36	19.8171745	5.29954128	165.610665
5	12:24:05	15.00	84.450	27.910	12708.000	29.000	86.137383	18.0457817	175.556611	131.678651	6.61347368	206.671052	36	19.8171745	5.32931189	166.540997
5	12:24:20	15.25	84.720	27.870	12692.000	29.000	86.460006	18.1133713	176.214150	132.171847	6.63824413	207.445129	36	19.8171745	5.34927258	167.164768
5	12:24:35	15.50	84.900	27.850	12685.000	29.000	86.621872	18.1472823	176.544050	132.419293	6.65067191	207.833497	36	19.8171745	5.35928721	167.477725
5	12:24:50	15.75	84.750	27.870	12655.000	29.000	86.460006	18.1133713	176.214150	132.171847	6.63824413	207.445129	36	19.8171745	5.34927258	167.164768
5	12:25:06	16.00	85.140	27.820	12657.000	29.000	86.865367	18.1982944	177.040317	132.791525	6.66936701	208.417719	36	19.8171745	5.37435222	167.948507
5	12:25:20	16.25	85.120	27.820	12687.000	29.000	86.865367	18.1982944	177.040317	132.791525	6.66936701	208.417719	36	19.8171745	5.37435222	167.948507
5	12:25:35	16.50	85.900	27.730	12668.000	29.000	87.600898	18.3523882	178.539402	133.915934	6.72583975	210.182492	36	19.8171745	5.41985945	169.370608
5	12:25:50	16.75	85.350	27.800	12641.000	29.000	87.028163	18.2324001	177.372110	133.040391	6.68186616	208.808318	36	19.8171745	5.38442437	168.263261
5	12:26:05	17.00	85.180	27.820	12633.000	29.000	86.865367	18.1982944	177.040317	132.791525	6.66936701	208.417719	36	19.8171745	5.37435222	167.948507
5	12:26:20	17.25	86.070	27.710	12615.000	29.000	87.765385	18.3868481	178.874642	134.167386	6.73846873	210.577148	36	19.8171745	5.43003621	169.688632
5	12:26:35	17.50	85.000	27.840	12663.000	29.000	86.702944	18.1642669	176.709283	132.543228	6.65689648	208.028015	36	19.8171745	5.36430313	167.634473
5	12:26:50	17.75	84.900	27.850	12617.000	29.000	86.621872	18.1472823	176.544050	132.419293	6.65067191	207.833497	36	19.8171745	5.35928721	167.477725
5	12:27:05	18.00	85.680	27.750	12627.000	29.000	87.436789	18.3180074	178.204932	133.665061	6.71323978	209.788743	36	19.8171745	5.40970605	169.053314
5	12:27:21	18.25	85.350	27.800	12610.000	29.000	87.028163	18.2324001	177.372110	133.040391	6.68186616	208.808318	36	19.8171745	5.38442437	168.263261
5	12:27:35	18.50	86.140	27.700	12612.000	29.000	87.847770	18.4041078	179.042551	134.293329	6.74479412	210.774816	36	19.8171745	5.43513338	169.847918
5	12:27:51	18.75	86.480	27.660	12595.000	29.000	88.178261	18.4733457	179.716126	134.798552	6.77016864	211.567770	36	19.8171745	5.45558084	170.486901
5	12:28:05	19.00	85.740	27.750	12603.000	29.000	87.436789	18.3180074	178.204932	133.665061	6.71323978	209.788743	36	19.8171745	5.40970605	169.053314
5	12:28:20	19.25	84.860	27.860	12595.000	29.000	86.540893	18.1303171	176.379006	132.295499	6.64445447	207.639202	36	19.8171745	5.35427703	167.321157
5	12:28:35	19.50	85.980	27.720	12609.000	29.000	87.683094	18.3696082	178.706926	134.041588	6.73215061	210.379707	36	19.8171745	5.42494490	169.529528
5	12:28:51	19.75	85.120	27.820	12601.000	29.000	86.865367	18.1982944	177.040317	132.791525	6.66936701	208.417719	36	19.8171745	5.37435222	167.948507
5	12:29:05	20.00	86.080	27.700	12585.000	29.000	87.847770	18.4041078	179.042551	134.293329	6.74479412	210.774816	36	19.8171745	5.43513338	169.847918
5	12:29:21	20.25	85.590	27.770	12607.000	29.000	87.273057	18.2837055	177.871230	133.414762	6.70066872	209.395897	36	19.8171745	5.39957596	168.736749
5	12:29:35	20.50	85.530	27.770	12577.000	29.000	87.273057	18.2837055	177.871230	133.414762	6.70066872	209.395897	36	19.8171745	5.39957596	168.736749
5	12:29:50	20.75	85.000	27.840	12611.000	29.000	86.702944	18.1642669	176.709283	132.543228	6.65689648	208.028015	36	19.8171745	5.36430313	167.634473
5	12:30:05	21.00	86.080	27.700	12625.000	29.000	87.847770	18.4041078	179.042551	134.293329	6.74479412	210.774816	36	19.8171745	5.43513338	169.847918
5	12:30:20	21.25	86.520	27.650	12626.000	29.000	88.261122	18.4907051	179.885005	134.925222	6.77653057	211.766580	36	19.8171745	5.46070745	170.647108
5	12:30:35	21.50	84.940	27.850	12605.000	29.000	86.621872	18.1472823	176.544050	132.419293	6.65067191	207.833497	36	19.8171745	5.35928721	167.477725
5	12:30:50	21.75	84.340	27.920	12625.000	29.000	86.056957	18.0289325	175.392696	131.555704	6.60729873	206.478085	36	19.8171745	5.32433596	166.385499
5	12:31:05	22.00	85.300	27.800	12595.000	29.000	87.028163	18.2324001	177.372110	133.040391	6.68186616	208.808318	36	19.8171745	5.38442437	168.263261
5	12:31:20	22.25	85.490	27.780	12606.000	29.000	87.191332	18.2665841	177.704666	133.289829	6.69439401	209.199813	36	19.8171745	5.39451964	168.578739
5	12:31:35	22.50	85.340	27.800	12631.000	29.000	87.028163	18.2324001	177.372110	133.040391	6.68186616	208.808318	36	19.8171745	5.38442437	168.263261
5	12:31:51	22.75	84.930	27.850	12626.000	29.000	86.621872	18.1472823	176.544050	132.419293	6.65067191	207.833497	36	19.8171745	5.35928721	167.477725
5	12:32:05	23.00	85.400	27.790	12639.000	29.000	87.109701	18.2494823	177.538292	133.165038	6.68812649	209.003953	36	19.8171745	5.38946911	168.420910
5	12:32:20	23.25	85.090	27.830	12655.000	29.000	86.784109	18.1812709	176.874705	132.667305	6.66312817	208.222755	36	19.8171745	5.36932480	167.791400
5	12:32:35	23.50	84.750	27.870	12660.000	29.000	86.460006	18.1133713	176.214150	132.171847	6.63824413	207.445129	36	19.8171745	5.34927258	167.164768
5	12:32:50	23.75	84.920	27.850	12643.000	29.000	86.621872	18.1472823	176.544050	132.419293	6.65067191	207.833497	36	19.8171745	5.35928721	167.477725
5	12:33:05	24.00	85.140	27.820	12633.000	29.000	86.865367	18.1982944	177.040317	132.791525	6.66936701	208.417719	36	19.8171745	5.37435222	167.948507
5	12:33:20	24.25	84.190	27.940	12656.000	29.000	85.896381	17.9952918	175.065425	131.310230	6.59496996	206.092811	36	19.8171745	5.31440111	166.075035
5	12:33:35	24.50	84.700	27.880	12672.000	29.000	86.379212	18.0964449	176.049484	132.048337	6.63204090	207.251278	36	19.8171745	5.34427385	167.008558
5	12:33:50	24.75	85.100	27.830	12649.000	29.000	86.784109	18.1812709	176.874705	132.667305	6.66312817	208.222755	36	19.8171745	5.36932480	167.791400
5	12:34:05	25.00	84.820	27.860	12660.000	29.000	86.540893	18.1303171	176.379006	132.295499	6.64445447	207.639202	36	19.8171745	5.35427703	167.321157
5	12:34:20	25.25	84.490	27.900	12672.000	29.000	86.217901	18.0626502	175.720715	131.801739	6.61965568	206.864240	36	19.8171745	5.33429351	166.696672
5	12:34:35	25.50	84.670	27.880	12686.000	29.000	86.379212	18.0964449	176.049484	132.048337	6.63204090	207.251278	36	19.8171745	5.34427385	167.008558
5	12:34:50	25.75	84.670	27.880	12669.000	29.000	86.379212	18.0964449	176.049484	132.048337	6.63204090	207.251278	36	19.8171745	5.34427385	167.008558
5	12:35:05	26.00	84.670	27.880	12718.000	29.000	86.379212	18.0964449	176.049484	132.048337	6.63204090	207.251278	36	19.8171745	5.34427385	167.008558
5	12:35:20	26.25	84.510	27.900	12705.000	29.000	86.217901	18.0626502	175.720715	131.801739	6.61965568	206.864240	36	19.8171745	5.33429351	166.696672
5	12:35:35	26.50	83.160	28.070	12697.000	29.000	84.861506	17.7784855	172.956246	129.728212	6.51551413	203.609816	36	19.8171745	5.25037350	164.074172
5	12:35:51	26.75	83.950	27.970	12726.000	29.000	85.656202	17.9449743	174.575917	130.943068	6.57652947	205.516546	36	19.8171745	5.29954128	165.610665
5	12:36:05	27.00	84.570	27.890	12719.000	29.000	86.298510	18.0795379	175.885005	131.924968	6.62584475	207.057648	36	19.8171745	5.33928083	166.852526
5	12:36:20	27.25	84.480	27.910	12716.000	29.000	86.137383	18.0457817	175.556611	131.678651	6.61347368	206.671052	36	19.8171745	5.32931189	166.540997
5	12:36:35	27.50	83.610	28.020	12707.000	29.000	85.257724	17.8614932	173.763779	130.333912	6.54593504	204.560470	36	19.8171745	5.27488748	164.840234
5	12:36:50	27.75	83.500	28.030	12749.000	29.000	85.178300	17.8448539	173.601905	130.212497	6.53983702	204.369907	36	19.8171745	5.26997353	164.686673
5	12:37:05	28.00	83.560	28.020	12749.000	29.000	85.257724	17.8614932	173.763779	130.333912	6.54593504	204.560470	36	19.8171745	5.27488748	164.840234
5	12:37:20	28.25	83.790	27.990	12765.000	29.000	85.496539	17.9115248	174.250507	130.698989	6.56427080	205.133462	36	19.8171745	5.28966291	165.301966
5	12:37:36	28.50	82.810	28.120	12746.000	29.000	84.467531	17.6959477	172.153286	129.125940	6.48526542	202.664544	36	19.8171745	5.22599829	163.312447
5	12:37:50	28.75	83.750	28.000	12773.000	29.000	85.416843	17.8948286	174.088079	130.577158	6.55815192	204.942248	36	19.8171745	5.28473216	165.147880
5	12:38:05	29.00	82.610	28.150	12771.000	29.000	84.232215	17.6466491	171.673689	128.766212	6.46719833	202.099948	36	19.8171745	5.21143935	162.857480
5	12:38:20	29.25	83.170	28.070	12772.000	29.000	84.861506	17.7784855	172.956246	129.728212	6.51551413	203.609816	36	19.8171745	5.25037350	164.074172
5	12:38:35	29.50	83.330	28.050	12808.000	29.000	85.019723	17.8116320	173.278709	129.970079	6.52766176	203.989430	36	19.8171745	5.26016238	164.380074
5	12:38:50	29.75	82.440	28.170	12808.000	29.000	84.075782	17.6138763	171.354862	128.527071	6.45518764	201.724614	36	19.8171745	5.20176083	162.555026
5	12:39:05	30.00	83.330	28.050	12780.000	29.000	85.019723	17.8116320	173.278709	129.970079	6.52766176	203.989430	36	19.8171745	5.26016238	164.380074
5	12:39:20	30.25	81.780	28.250	12825.000	29.000	83.453573	17.4835235	170.086737	127.575897	6.40741554	200.231736	36	19.8171745	5.16326480	161.352025
5	12:39:35	30.50	81.490	28.290	12827.000	29.000	83.144568	17.4187870	169.456955	127.103520	6.38369073	199.490335	36	19.8171745	5.14414672	160.754585
5	12:39:50	30.75	81.620	28.280	12818.000	29.000	83.221689	17.4349438	169.614135	127.221415	6.38961191	199.675372	36	19.8171745	5.14891817	160.903693
5	12:40:05	31.00	82.470	28.160	12843.000	29.000	84.153954	17.6302534	171.514185	128.646574	6.46118959	201.912175	36	19.8171745	5.20659735	162.706167
5	12:40:20	31.25	81.750	28.260	12841.000	29.000	83.376191	17.4673120	169.929026	127.457603	6.40147431	200.046072	36	19.8171745	5.15847720	161.202412
5	12:40:35	31.50	81.910	28.240	12848.000	29.000	83.531042	17.4997532	170.244627	127.694324	6.41336348	200.417609	36	19.8171745	5.16805781	161.501807
5	12:40:50	31.75	81.980	28.230	12858.000	29.000	83.608598	17.5160013	170.402695	127.812886	6.41931813	200.603692	36	19.8171745	5.17285623	161.651757
5	12:41:05	32.00	81.780	28.250	12882.000	29.000	83.453573	17.4835235	170.086737	127.575897	6.40741554	200.231736	36	19.8171745	5.16326480	161.352025
5	12:41:20	32.25	82.550	28.150	12858.000	29.000	84.232215	17.6466491	171.673689	128.766212	6.46719833	202.099948	36	19.8171745	5.21143935	162.857480
5	12:41:35	32.50	81.720	28.260	12863.000	29.000	83.376191	17.4673120	169.929026	127.457603	6.40147431	200.046072	36	19.8171745	5.15847720	161.202412
5	12:41:50	32.75	81.270	28.320	12897.000	29.000	82.913727	17.3704257	168.986477	126.750632	6.36596714	198.936473	36	19.8171745	5.12986459	160.308268
5	12:42:05	33.00	81.050	28.350	12886.000	29.000	82.683663	17.3222274	168.517585	126.398932	6.34830327	198.384477	36	19.8171745	5.11563057	159.863455
5	12:42:21	33.25	81.370	28.310	12886.000	29.000	82.990587	17.3865280	169.143127	126.868129	6.37186836	199.120886	36	19.8171745	5.13461994	160.456873
5	12:42:35	33.50	81.010	28.360	12892.000	29.000	82.607147	17.3061974	168.361638	126.281963	6.34242854	198.200892	36	19.8171745	5.11089656	159.715517
5	12:42:51	33.75	80.190	28.470	12951.000	29.000	81.771117	17.1310490	166.657725	125.003919	6.27823963	196.194988	36	19.8171745	5.05917144	158.099107
5	12:43:06	34.00	80.980	28.360	12921.000	29.000	82.607147	17.3061974	168.361638	126.281963	6.34242854	198.200892	36	19.8171745	5.11089656	159.715517
5	12:43:21	34.25	82.430	28.170	12945.000	29.000	84.075782	17.6138763	171.354862	128.527071	6.45518764	201.724614	36	19.8171745	5.20176083	162.555026
5	12:43:35	34.50	81.690	28.270	12948.000	29.000	83.298896	17.4511188	169.771491	127.339442	6.39553977	199.860618	36	19.8171745	5.15369499	161.052968
5	12:43:51	34.75	81.190	28.330	12953.000	29.000	82.836953	17.3543416	168.830004	126.633267	6.36007256	198.752268	36	19.8171745	5.12511458	160.159831
5	12:44:05	35.00	81.070	28.350	12954.000	29.000	82.683663	17.3222274	168.517585	126.398932	6.34830327	198.384477	36	19.8171745	5.11563057	159.863455
5	12:44:20	35.25	80.520	28.420	12962.000	29.000	82.149853	17.2103942	167.429627	125.582895	6.30731830	197.103697	36	19.8171745	5.08260380	158.831369
5	12:44:35	35.50	81.810	28.250	12983.000	29.000	83.453573	17.4835235	170.086737	127.575897	6.40741554	200.231736	36	19.8171745	5.16326480	161.352025
5	12:44:50	35.75	81.130	28.340	12976.000	29.000	82.760265	17.3382755	168.673707	126.516034	6.35418461	198.568269	36	19.8171745	5.12036991	160.011560
5	12:45:06	36.00	79.960	28.500	12990.000	29.000	81.544891	17.0836546	166.196652	124.658085	6.26087036	195.652199	36	19.8171745	5.04517482	157.661713
5	12:45:21	36.25	79.990	28.490	12979.000	29.000	81.620215	17.0994351	166.350171	124.773234	6.26665364	195.832926	36	19.8171745	5.04983514	157.807348
5	12:45:35	36.50	80.450	28.430	12981.000	29.000	82.073936	17.1944896	167.274900	125.466840	6.30148953	196.921548	36	19.8171745	5.07790682	158.684588
5	12:45:50	36.75	80.320	28.450	13023.000	29.000	81.922357	17.1627338	166.965967	125.235120	6.28985156	196.557861	36	19.8171745	5.06852864	158.391520
5	12:46:05	37.00	80.280	28.450	12984.000	29.000	81.922357	17.1627338	166.965967	125.235120	6.28985156	196.557861	36	19.8171745	5.06852864	158.391520
5	12:46:21	37.25	79.650	28.540	13012.000	29.000	81.244432	17.0207086	165.584289	124.198773	6.23780172	194.931304	36	19.8171745	5.02658551	157.080797
5	12:46:35	37.50	80.310	28.450	12963.000	29.000	81.922357	17.1627338	166.965967	125.235120	6.28985156	196.557861	36	19.8171745	5.06852864	158.391520
5	12:46:50	37.75	80.050	28.490	12991.000	29.000	81.620215	17.0994351	166.350171	124.773234	6.26665364	195.832926	36	19.8171745	5.04983514	157.807348
5	12:47:05	38.00	79.550	28.550	13019.000	29.000	81.169527	17.0050160	165.431624	124.084265	6.23205064	194.751583	36	19.8171745	5.02195113	156.935973
5	12:47:20	38.25	78.450	28.700	13021.000	29.000	80.055902	16.7717115	163.161944	122.381861	6.14654849	192.079640	36	19.8171745	4.95305123	154.782851
5	12:47:35	38.50	80.310	28.450	13087.000	29.000	81.922357	17.1627338	166.965967	125.235120	6.28985156	196.557861	36	19.8171745	5.06852864	158.391520
5	12:47:50	38.75	79.100	28.610	13047.000	29.000	80.721846	16.9112267	164.519205	123.399892	6.19767846	193.677452	36	19.8171745	4.99425312	156.070410
5	12:48:05	39.00	78.580	28.690	13008.000	29.000	80.129567	16.7871444	163.312082	122.494474	6.15220439	192.256387	36	19.8171745	4.95760891	154.925278
5	12:48:20	39.25	78.260	28.730	13109.000	29.000	79.835395	16.7255153	162.712529	122.044771	6.12961836	191.550574	36	19.8171745	4.93940849	154.356515
5	12:48:36	39.50	79.140	28.610	12629.000	29.000	80.721846	16.9112267	164.519205	123.399892	6.19767846	193.677452	36	19.8171745	4.99425312	156.070410
