7530-458116
OS REV: 1.08 Sensor Cal: 1657263600 Averages: 30
Time (sec),  Bat (Volts),   T (deg C),  PAR (umol/(s m^2))  Ax (mg), Ay (mg), Az (mg)
1692045360, +3.46, +28.460,   +24.7, +1040.0,  +216.0,   +24.0
1692045960, +3.46, +28.460,   +13.2, +1040.0,  +216.0,   +28.0
1692046560, +3.46, +28.460,   +29.7, +1040.0,  +216.0,   +24.0
1692047160, +3.46, +28.468,   +17.0, +1043.0,  +217.0,   +22.0
1692047760, +3.46, +28.468,   +38.7, +1043.0,  +220.0,   +19.0
1692048360, +3.46, +28.452,   +44.9, +1040.0,  +220.0,   +28.0
1692048960, +3.46, +28.443,   +47.7, +1046.0,  +224.0,   +14.0
1692049560, +3.47, +28.443,   +43.7, +1040.0,  +217.0,   +28.0
1692050160, +3.47, +28.452,   +58.0, +1040.0,  +216.0,   +28.0
1692050760, +3.47, +28.443,   +27.5, +1046.0,  +220.0,   +16.0
1692051360, +3.47, +28.452,   +53.9, +1043.0,  +220.0,   +20.0
1692051960, +3.47, +28.452,   +66.5, +1036.0,  +212.0,   +39.0
1692052560, +3.47, +28.460,   +30.6, +1046.0,  +220.0,   +16.0
1692053160, +3.47, +28.443,   +23.3, +1043.0,  +216.0,   +24.0
1692053760, +3.47, +28.452,   +19.3, +1041.0,  +220.0,   +20.0
1692054360, +3.47, +28.452,   +78.6, +1040.0,  +216.0,   +28.0
1692054960, +3.47, +28.452,   +88.8, +1043.0,  +220.0,   +22.0
1692055560, +3.47, +28.460,   +88.2, +1043.0,  +216.0,   +24.0
1692056160, +3.47, +28.460,   +95.1, +1043.0,  +220.0,   +16.0
1692056760, +3.47, +28.460,   +85.1, +1043.0,  +216.0,   +20.0
1692057360, +3.47, +28.452,   +99.7, +1040.0,  +216.0,   +28.0
1692057960, +3.47, +28.460,   +99.3, +1044.0,  +224.0,   +22.0
1692058560, +3.47, +28.460,   +92.4, +1041.0,  +216.0,   +24.0
1692059160, +3.47, +28.443,   +92.4, +1048.0,  +220.0,   +14.0
1692059760, +3.47, +28.468,   +91.3, +1043.0,  +216.0,   +19.0
1692060360, +3.47, +28.468,   +91.3, +1040.0,  +216.0,   +28.0
1692060960, +3.47, +28.468,   +71.8, +1048.0,  +224.0,   +12.0
1692061560, +3.47, +28.468,   +83.0, +1039.0,  +216.0,   +28.0
1692062160, +3.47, +28.468,   +77.7, +1043.0,  +217.0,   +22.0
1692062760, +3.47, +28.468,   +74.6, +1040.0,  +216.0,   +28.0
1692063360, +3.47, +28.468,   +70.8, +1039.0,  +216.0,   +28.0
1692063960, +3.47, +28.460,   +65.0, +1040.0,  +216.0,   +30.0
1692064560, +3.47, +28.460,   +28.9, +1040.0,  +216.0,   +28.0
1692065160, +3.47, +28.460,   +16.1, +1043.0,  +216.0,   +20.0
1692065760, +3.47, +28.452,   +21.4, +1039.0,  +216.0,   +32.0
1692066360, +3.47, +28.460,   +23.8, +1046.0,  +217.0,   +19.0
1692066960, +3.47, +28.443,   +35.0, +1043.0,  +220.0,   +24.0
1692067560, +3.47, +28.419,   +37.1, +1036.0,  +216.0,   +35.0
1692068160, +3.47, +28.386,   +35.4, +1032.0,  +208.0,   +48.0
1692068760, +3.47, +28.386,   +27.6, +1031.0,  +208.0,   +48.0
1692069360, +3.47, +28.386,   +29.4, +1033.0,  +212.0,   +40.0
1692069960, +3.48, +28.386,   +27.4, +1031.0,  +208.0,   +48.0
1692070560, +3.48, +28.378,   +13.4, +1043.0,  +216.0,   +24.0
1692071160, +3.48, +28.378,    +5.9, +1052.0,  +225.0,    +0.0
1692071760, +3.47, +28.386,    +4.0, +1039.0,  +216.0,   +32.0
1692072360, +3.48, +28.386,    +9.8, +1040.0,  +216.0,   +24.0
1692072960, +3.48, +28.402,    +3.4, +1038.0,  +212.0,   +32.0
