7530-458116
OS REV: 1.08 Sensor Cal: 1657263600 Averages: 30
Time (sec),  Bat (Volts),   T (deg C),  PAR (umol/(s m^2))  Ax (mg), Ay (mg), Az (mg)
1695923700, +3.49, +28.050,    +6.3, +1008.0,  +200.0,   +64.0
1695924300, +3.49, +28.042,    +7.2, +1014.0,  +204.0,   +64.0
1695924900, +3.49, +28.042,    +8.5, +1022.0,  +208.0,   +56.0
1695925500, +3.49, +28.050,    +9.6, +1007.0,  +200.0,   +67.0
1695926100, +3.49, +28.042,   +11.0, +1016.0,  +204.0,   +64.0
1695926700, +3.49, +28.042,   +12.4, +1006.0,  +200.0,   +67.0
1695927300, +3.49, +28.050,   +13.9, +1016.0,  +204.0,   +64.0
1695927900, +3.49, +28.042,   +15.6, +1062.0,  +240.0,   -24.0
1695928500, +3.49, +28.017,   +17.3, +1017.0,  +208.0,   +62.0
1695929100, +3.49, +28.042,   +19.2, +1032.0,  +214.0,   +46.0
1695929700, +3.49, +28.042,   +22.2, +1019.0,  +206.0,   +60.0
1695930300, +3.49, +28.042,   +23.9, +1009.0,  +200.0,   +64.0
1695930900, +3.49, +28.050,   +25.1, +1011.0,  +204.0,   +64.0
1695931500, +3.49, +28.050,   +29.5, +1014.0,  +206.0,   +60.0
1695932100, +3.49, +28.042,   +32.9, +1006.0,  +204.0,   +67.0
1695932700, +3.49, +28.042,   +37.6, +1009.0,  +201.0,   +68.0
1695933300, +3.49, +28.058,   +43.0, +1011.0,  +204.0,   +64.0
1695933900, +3.49, +28.050,   +48.8, +1022.0,  +207.0,   +56.0
1695934500, +3.49, +28.042,   +54.4, +1015.0,  +206.0,   +62.0
1695935100, +3.49, +28.050,   +65.5, +1001.0,  +200.0,   +71.0
1695935700, +3.49, +28.058,   +71.9, +1014.0,  +204.0,   +64.0
1695936300, +3.49, +28.042,   +80.2, +1017.0,  +206.0,   +60.0
1695936900, +3.49, +28.050,   +91.4, +1016.0,  +206.0,   +62.0
1695937500, +3.50, +28.050,   +93.8, +1020.0,  +208.0,   +60.0
1695938100, +3.49, +28.042,   +43.4, +1016.0,  +206.0,   +64.0
1695938700, +3.50, +28.050,  +120.1, +1000.0,  +199.0,   +68.0
1695939300, +3.50, +28.050,  +114.6,  +985.0,  +192.0,   +71.0
1695939900, +3.49, +28.050,  +129.0, +1014.0,  +204.0,   +64.0
1695940500, +3.49, +28.058,  +129.6, +1014.0,  +207.0,   +64.0
