7530-458116
OS REV: 1.08 Sensor Cal: 1657263600 Averages: 30
Time (sec),  Bat (Volts),   T (deg C),  PAR (umol/(s m^2))  Ax (mg), Ay (mg), Az (mg)
1698558000, +3.49, +28.230,    -0.4, +1104.0,  +224.0,   -64.0
1698558600, +3.49, +28.230,    -0.4, +1064.0,  +184.0,   +64.0
1698559200, +3.49, +28.230,    -0.4, +1112.0,  +224.0,   -77.0
1698559800, +3.49, +28.222,    -0.3, +1102.0,  +216.0,   -40.0
1698560400, +3.49, +28.238,    -0.2, +1110.0,  +224.0,   -77.0
1698561000, +3.49, +28.222,    -0.4, +1107.0,  +224.0,   -64.0
1698561600, +3.49, +28.238,    -0.3, +1100.0,  +214.0,   -29.0
1698562200, +3.49, +28.230,    -0.4, +1036.0,  +168.0,   +96.0
1698562800, +3.49, +28.230,    -0.4, +1112.0,  +225.0,   -80.0
1698563400, +3.49, +28.238,    -0.3, +1095.0,  +211.0,   -20.0
1698564000, +3.49, +28.238,    -0.4, +1095.0,  +211.0,   -20.0
1698564600, +3.49, +28.230,    -0.3, +1107.0,  +220.0,   -60.0
1698565200, +3.49, +28.247,    -0.5, +1097.0,  +211.0,   -28.0
1698565800, +3.49, +28.247,    -0.3, +1103.0,  +216.0,   -40.0
1698566400, +3.49, +28.247,    -0.4, +1102.0,  +216.0,   -40.0
1698567000, +3.49, +28.247,    -0.4, +1080.0,  +196.0,   +32.0
1698567600, +3.49, +28.238,    -0.3, +1072.0,  +192.0,   +44.0
1698568200, +3.49, +28.238,    -0.4, +1104.0,  +216.0,   -48.0
1698568800, +3.49, +28.222,    -0.4, +1088.0,  +204.0,    +4.0
1698569400, +3.49, +28.230,    -0.4, +1011.0,  +160.0,  +103.0
1698570000, +3.49, +28.230,    -0.4, +1070.0,  +188.0,   +56.0
1698570600, +3.49, +28.230,    -0.4, +1092.0,  +208.0,   -12.0
1698571200, +3.49, +28.238,    -0.3, +1102.0,  +216.0,   -48.0
1698571800, +3.49, +28.238,    -0.4, +1100.0,  +216.0,   -40.0
1698572400, +3.49, +28.230,    -0.3, +1080.0,  +196.0,   +28.0
1698573000, +3.49, +28.230,    -0.3, +1091.0,  +206.0,    +0.0
1698573600, +3.49, +28.247,    -0.4, +1078.0,  +196.0,   +32.0
1698574200, +3.49, +28.247,    -0.3, +1088.0,  +200.0,    +7.0
1698574800, +3.49, +28.238,    -0.4, +1072.0,  +192.0,   +51.0
1698575400, +3.49, +28.247,    -0.3, +1099.0,  +216.0,   -32.0
1698576000, +3.49, +28.247,    -0.5, +1084.0,  +199.0,   +16.0
1698576600, +3.49, +28.255,    -0.4, +1080.0,  +196.0,   +22.0
1698577200, +3.49, +28.238,    -0.6, +1091.0,  +208.0,    -8.0
1698577800, +3.49, +28.247,    -0.4, +1112.0,  +224.0,   -80.0
1698578400, +3.49, +28.247,    -0.4, +1094.0,  +208.0,    -8.0
1698579000, +3.49, +28.247,    -0.4, +1113.0,  +224.0,   -84.0
1698579600, +3.49, +28.247,    -0.5, +1100.0,  +216.0,   -42.0
1698580200, +3.49, +28.247,    -0.4, +1116.0,  +224.0,   -88.0
1698580800, +3.49, +28.247,    -0.4, +1080.0,  +192.0,   +30.0
1698581400, +3.49, +28.255,    -0.4, +1110.0,  +224.0,   -76.0
1698582000, +3.49, +28.255,    -0.4, +1030.0,  +166.0,  +102.0
1698582600, +3.49, +28.247,    -0.3, +1104.0,  +216.0,   -44.0
1698583200, +3.49, +28.247,    -0.4, +1112.0,  +224.0,   -76.0
1698583800, +3.49, +28.263,    -0.3, +1107.0,  +224.0,   -64.0
1698584400, +3.49, +28.263,    -0.4, +1107.0,  +224.0,   -64.0
1698585000, +3.49, +28.279,    -0.5, +1086.0,  +200.0,   +14.0
1698585600, +3.49, +28.279,    -0.4, +1086.0,  +200.0,   +14.0
1698586200, +3.49, +28.279,    -0.4, +1107.0,  +224.0,   -68.0
1698586800, +3.49, +28.279,    -0.6, +1097.0,  +208.0,   -20.0
1698587400, +3.49, +28.279,    -0.4, +1116.0,  +224.0,   -93.0
1698588000, +3.49, +28.279,    -0.3, +1100.0,  +211.0,   -32.0
1698588600, +3.49, +28.263,    -0.4, +1104.0,  +217.0,   -56.0
1698589200, +3.49, +28.255,    -0.4, +1072.0,  +192.0,   +40.0
1698589800, +3.49, +28.230,    -0.3, +1086.0,  +199.0,   +12.0
1698590400, +3.49, +28.238,    -0.3, +1094.0,  +208.0,   -13.0
1698591000, +3.49, +28.255,    -0.4, +1110.0,  +224.0,   -76.0
