7530-458116
OS REV: 1.08 Sensor Cal: 1657263600 Averages: 30
Time (sec),  Bat (Volts),   T (deg C),  PAR (umol/(s m^2))  Ax (mg), Ay (mg), Az (mg)
1681683840, +3.51, +29.471,   +83.2,  +991.0,  +195.0,   +64.0
1681684440, +3.51, +29.390,   +63.5,  +988.0,  +192.0,   +65.0
1681685040, +3.51, +29.382,   +63.8,  +991.0,  +192.0,   +64.0
1681685640, +3.51, +29.349,   +69.5,  +988.0,  +195.0,   +64.0
1681686240, +3.51, +29.390,   +69.5,  +988.0,  +192.0,   +64.0
1681686840, +3.51, +29.382,   +71.2,  +988.0,  +192.0,   +67.0
1681687440, +3.51, +29.422,   +97.6,  +990.0,  +195.0,   +64.0
1681688040, +3.51, +29.463,   +78.3,  +990.0,  +193.0,   +64.0
1681688640, +3.51, +29.479,  +115.9,  +988.0,  +192.0,   +67.0
1681689240, +3.51, +29.487,  +110.4,  +988.0,  +195.0,   +67.0
1681689840, +3.51, +29.455,  +109.3,  +990.0,  +192.0,   +64.0
1681690440, +3.51, +29.349,   +97.0,  +988.0,  +192.0,   +67.0
1681691040, +3.51, +29.300,   +86.5,  +988.0,  +192.0,   +64.0
1681691640, +3.51, +29.325,   +92.2,  +988.0,  +192.0,   +64.0
1681692240, +3.51, +29.317,   +63.9,  +988.0,  +193.0,   +65.0
1681692840, +3.51, +29.325,   +87.3,  +985.0,  +193.0,   +64.0
1681693440, +3.51, +29.333,   +66.2,  +990.0,  +193.0,   +65.0
1681694040, +3.51, +29.398,   +88.4,  +988.0,  +192.0,   +65.0
1681694640, +3.51, +29.455,   +26.9, +1068.0,  +240.0,   -44.0
1681695240, +3.51, +29.487,   +25.7,  +988.0,  +192.0,   +64.0
1681695840, +3.51, +29.455,   +18.8,  +988.0,  +195.0,   +67.0
1681696440, +3.51, +29.430,   +35.0,  +988.0,  +193.0,   +67.0
1681697040, +3.51, +29.463,   +48.1,  +991.0,  +192.0,   +67.0
1681697640, +3.51, +29.495,   +27.1,  +991.0,  +192.0,   +64.0
1681698240, +3.51, +29.511,   +42.0,  +988.0,  +192.0,   +64.0
1681698840, +3.51, +29.528,   +50.3,  +990.0,  +192.0,   +64.0
1681699440, +3.51, +29.520,   +37.4,  +988.0,  +193.0,   +67.0
1681700040, +3.51, +29.463,   +17.8,  +988.0,  +193.0,   +64.0
1681700640, +3.51, +29.455,   +15.7,  +990.0,  +193.0,   +64.0
1681701240, +3.51, +29.487,   +21.3,  +992.0,  +193.0,   +65.0
1681701840, +3.51, +29.487,   +13.0,  +988.0,  +192.0,   +68.0
1681702440, +3.51, +29.503,   +22.2, +1065.0,  +240.0,   -48.0
1681703040, +3.51, +29.503,   +14.6,  +988.0,  +192.0,   +66.0
1681703640, +3.51, +29.520,    +5.5,  +987.0,  +192.0,   +64.0
1681704240, +3.51, +29.528,    +4.3,  +990.0,  +192.0,   +65.0
1681704840, +3.51, +29.520,    +4.3,  +988.0,  +192.0,   +67.0
1681705440, +3.51, +29.528,    +4.9,  +988.0,  +192.0,   +64.0
1681706040, +3.51, +29.536,    +4.1,  +990.0,  +192.0,   +67.0
1681706640, +3.51, +29.528,    +3.0,  +988.0,  +192.0,   +64.0
1681707240, +3.51, +29.503,    +1.7,  +988.0,  +193.0,   +67.0
1681707840, +3.51, +29.495,    +0.6,  +988.0,  +195.0,   +64.0
1681708440, +3.51, +29.520,    -0.0,  +988.0,  +193.0,   +64.0
1681709040, +3.51, +29.438,    -0.2,  +988.0,  +195.0,   +67.0
1681709640, +3.51, +29.406,    -0.5,  +988.0,  +193.0,   +64.0
1681710240, +3.51, +29.438,    -0.4,  +988.0,  +192.0,   +67.0
1681710840, +3.51, +29.414,    -0.4,  +990.0,  +192.0,   +64.0
1681711440, +3.51, +29.414,    -0.5,  +992.0,  +193.0,   +64.0
1681712040, +3.51, +29.414,    -0.4,  +988.0,  +195.0,   +62.0
1681712640, +3.51, +29.235,    -0.4, +1065.0,  +240.0,   -48.0
1681713240, +3.51, +29.243,    -0.4,  +990.0,  +193.0,   +64.0
1681713840, +3.51, +29.317,    -0.4,  +990.0,  +192.0,   +64.0
1681714440, +3.51, +29.382,    -0.5,  +988.0,  +192.0,   +67.0
1681715040, +3.51, +29.414,    -0.5,  +990.0,  +192.0,   +64.0
1681715640, +3.51, +29.438,    -0.5,  +990.0,  +192.0,   +64.0
1681716240, +3.51, +29.455,    -0.3,  +985.0,  +195.0,   +64.0
1681716840, +3.51, +29.455,    -0.4,  +990.0,  +192.0,   +65.0
1681717440, +3.51, +29.463,    -0.3,  +988.0,  +195.0,   +64.0
1681718040, +3.51, +29.471,    -0.5,  +990.0,  +195.0,   +64.0
1681718640, +3.51, +29.471,    -0.5,  +990.0,  +192.0,   +64.0
1681719240, +3.51, +29.471,    -0.5,  +988.0,  +193.0,   +65.0
1681719840, +3.51, +29.471,    -0.5,  +988.0,  +193.0,   +64.0
1681720440, +3.51, +29.463,    -0.4,  +988.0,  +193.0,   +64.0
1681721040, +3.51, +29.479,    -0.4,  +988.0,  +193.0,   +67.0
1681721640, +3.51, +29.333,    -0.3,  +988.0,  +195.0,   +64.0
1681722240, +3.51, +29.308,    -0.4,  +988.0,  +192.0,   +64.0
1681722840, +3.51, +29.373,    -0.4,  +988.0,  +192.0,   +64.0
1681723440, +3.51, +29.390,    -0.3,  +990.0,  +192.0,   +64.0
1681724040, +3.51, +29.406,    -0.3,  +988.0,  +193.0,   +64.0
1681724640, +3.51, +29.414,    -0.4,  +988.0,  +192.0,   +64.0
1681725240, +3.51, +29.455,    -0.3,  +988.0,  +195.0,   +64.0
1681725840, +3.51, +29.463,    -0.3,  +988.0,  +193.0,   +64.0
1681726440, +3.51, +29.487,    -0.4,  +988.0,  +192.0,   +70.0
1681727040, +3.51, +29.479,    -0.4,  +988.0,  +193.0,   +64.0
1681727640, +3.51, +29.487,    -0.3,  +988.0,  +192.0,   +67.0
1681728240, +3.51, +29.471,    -0.3,  +988.0,  +193.0,   +67.0
1681728840, +3.51, +29.390,    -0.3,  +988.0,  +196.0,   +64.0
1681729440, +3.51, +29.300,    -0.4,  +987.0,  +195.0,   +64.0
1681730040, +3.51, +29.300,    -0.3,  +990.0,  +192.0,   +64.0
1681730640, +3.51, +29.300,    -0.3,  +988.0,  +193.0,   +64.0
1681731240, +3.51, +29.235,    -0.4,  +988.0,  +192.0,   +64.0
1681731840, +3.51, +29.146,    -0.4,  +988.0,  +195.0,   +65.0
1681732440, +3.51, +29.097,    -0.3,  +988.0,  +195.0,   +65.0
1681733040, +3.51, +29.056,    -0.3,  +988.0,  +195.0,   +64.0
1681733640, +3.51, +29.048,    -0.5,  +985.0,  +195.0,   +64.0
1681734240, +3.51, +29.064,    -0.2,  +988.0,  +193.0,   +64.0
1681734840, +3.51, +29.146,    -0.5,  +988.0,  +193.0,   +64.0
1681735440, +3.51, +29.227,    -0.3,  +988.0,  +193.0,   +64.0
1681736040, +3.51, +29.357,    -0.5,  +988.0,  +193.0,   +64.0
1681736640, +3.51, +29.438,    -0.4,  +988.0,  +195.0,   +67.0
1681737240, +3.51, +29.479,    -0.4,  +988.0,  +192.0,   +64.0
1681737840, +3.51, +29.438,    -0.4,  +988.0,  +193.0,   +65.0
1681738440, +3.51, +29.463,    -0.4,  +988.0,  +193.0,   +64.0
1681739040, +3.51, +29.487,    -0.5,  +988.0,  +195.0,   +64.0
1681739640, +3.51, +29.487,    -0.4,  +991.0,  +192.0,   +64.0
1681740240, +3.51, +29.479,    -0.4,  +990.0,  +192.0,   +64.0
1681740840, +3.51, +29.495,    -0.5, +1067.0,  +243.0,   -52.0
1681741440, +3.51, +29.487,    -0.4,  +988.0,  +192.0,   +64.0
1681742040, +3.51, +29.447,    -0.4,  +988.0,  +193.0,   +64.0
1681742640, +3.51, +29.438,    -0.3,  +988.0,  +192.0,   +64.0
1681743240, +3.51, +29.438,    -0.3,  +988.0,  +193.0,   +64.0
1681743840, +3.51, +29.447,    -0.4,  +988.0,  +192.0,   +67.0
1681744440, +3.51, +29.463,    -0.5,  +991.0,  +192.0,   +64.0
1681745040, +3.51, +29.487,    -0.4,  +987.0,  +192.0,   +67.0
1681745640, +3.51, +29.503,    -0.4,  +988.0,  +193.0,   +64.0
1681746240, +3.51, +29.495,    -0.3,  +988.0,  +195.0,   +64.0
1681746840, +3.51, +29.495,    -0.3,  +990.0,  +192.0,   +64.0
1681747440, +3.51, +29.495,    -0.5,  +990.0,  +195.0,   +64.0
1681748040, +3.51, +29.479,    -0.3,  +988.0,  +192.0,   +64.0
1681748640, +3.51, +29.495,    -0.4,  +988.0,  +195.0,   +64.0
1681749240, +3.51, +29.503,    -0.4,  +988.0,  +193.0,   +67.0
1681749840, +3.51, +29.503,    -0.5,  +988.0,  +195.0,   +64.0
1681750440, +3.51, +29.503,    -0.4,  +988.0,  +192.0,   +64.0
1681751040, +3.51, +29.503,    -0.5,  +988.0,  +193.0,   +64.0
1681751640, +3.51, +29.495,    -0.5,  +988.0,  +193.0,   +64.0
1681752240, +3.51, +29.357,    -0.2,  +990.0,  +192.0,   +64.0
1681752840, +3.51, +29.357,    +0.2,  +990.0,  +192.0,   +64.0
1681753440, +3.51, +29.422,    +0.9,  +988.0,  +192.0,   +64.0
1681754040, +3.51, +29.471,    +1.8,  +990.0,  +192.0,   +64.0
1681754640, +3.51, +29.487,    +2.4,  +988.0,  +193.0,   +64.0
1681755240, +3.51, +29.487,    +4.9,  +988.0,  +192.0,   +64.0
1681755840, +3.51, +29.495,    +7.2,  +990.0,  +195.0,   +67.0
1681756440, +3.51, +29.487,    +6.0,  +988.0,  +193.0,   +64.0
1681757040, +3.51, +29.495,    +6.1,  +988.0,  +192.0,   +64.0
1681757640, +3.51, +29.487,    +6.7,  +988.0,  +193.0,   +64.0
1681758240, +3.51, +29.495,    +8.4,  +988.0,  +193.0,   +64.0
1681758840, +3.51, +29.495,   +13.0,  +988.0,  +195.0,   +64.0
1681759440, +3.51, +29.495,   +19.8,  +990.0,  +192.0,   +64.0
1681760040, +3.51, +29.487,   +33.3,  +988.0,  +192.0,   +67.0
1681760640, +3.51, +29.495,   +30.9,  +988.0,  +192.0,   +67.0
1681761240, +3.51, +29.487,   +21.7,  +990.0,  +192.0,   +67.0
1681761840, +3.51, +29.471,   +14.8,  +990.0,  +192.0,   +67.0
1681762440, +3.51, +29.487,   +12.0,  +988.0,  +192.0,   +64.0
1681763040, +3.51, +29.487,   +12.3,  +988.0,  +192.0,   +64.0
1681763640, +3.51, +29.495,   +16.3,  +990.0,  +193.0,   +64.0
1681764240, +3.51, +29.495,   +13.3,  +990.0,  +195.0,   +64.0
1681764840, +3.51, +29.487,   +10.8,  +988.0,  +192.0,   +64.0
1681765440, +3.51, +29.487,   +14.1,  +990.0,  +193.0,   +67.0
1681766040, +3.51, +29.487,    +5.7,  +990.0,  +192.0,   +67.0
1681766640, +3.51, +29.487,   +34.5,  +988.0,  +192.0,   +64.0
1681767240, +3.51, +29.479,   +21.8,  +988.0,  +192.0,   +64.0
1681767840, +3.51, +29.487,   +17.7,  +990.0,  +192.0,   +64.0
1681768440, +3.51, +29.495,   +23.9,  +988.0,  +192.0,   +64.0
1681769040, +3.51, +29.487,   +18.4,  +988.0,  +192.0,   +64.0
1681769640, +3.51, +29.487,   +18.2,  +990.0,  +192.0,   +64.0
1681770240, +3.51, +29.495,   +18.6,  +988.0,  +192.0,   +64.0
