7530-458116
OS REV: 1.08 Sensor Cal: 1657263600 Averages: 30
Time (sec),  Bat (Volts),   T (deg C),  PAR (umol/(s m^2))  Ax (mg), Ay (mg), Az (mg)
1695245220, +3.49, +28.115,   +71.2, +1040.0,  +216.0,   +30.0
1695245820, +3.49, +28.115,   +53.1, +1088.0,  +262.0,  -116.0
1695246420, +3.49, +28.107,   +35.8,  +992.0,  +192.0,   +70.0
1695247020, +3.49, +28.107,  +104.3, +1028.0,  +211.0,   +48.0
1695247620, +3.49, +28.115,   +58.8, +1027.0,  +207.0,   +48.0
1695248220, +3.49, +28.107,   +49.7, +1030.0,  +212.0,   +44.0
1695248820, +3.49, +28.124,   +91.7,  +993.0,  +193.0,   +68.0
1695249420, +3.49, +28.124,   +33.9, +1086.0,  +260.0,  -104.0
1695250020, +3.49, +28.132,   +31.6, +1096.0,  +252.0,  -136.0
1695250620, +3.49, +28.132,   +70.8, +1054.0,  +227.0,    +3.0
1695251220, +3.49, +28.140,   +86.4, +1008.0,  +200.0,   +64.0
1695251820, +3.49, +28.148,   +92.3, +1095.0,  +260.0,  -136.0
1695252420, +3.49, +28.156,   +93.9, +1032.0,  +214.0,   +40.0
1695253020, +3.49, +28.156,   +66.8, +1000.0,  +198.0,   +67.0
1695253620, +3.49, +28.165,   +58.0, +1095.0,  +236.0,  -116.0
1695254220, +3.49, +28.156,   +71.7, +1095.0,  +260.0,  -136.0
1695254820, +3.49, +28.173,  +147.1, +1072.0,  +244.0,   -56.0
1695255420, +3.49, +28.165,  +138.8, +1016.0,  +204.0,   +60.0
1695256020, +3.49, +28.173,   +64.9, +1052.0,  +225.0,    +4.0
1695256620, +3.49, +28.181,   +75.9, +1024.0,  +207.0,   +60.0
1695257220, +3.49, +28.181,   +50.0, +1027.0,  +207.0,   +48.0
1695257820, +3.49, +28.173,  +128.0, +1071.0,  +243.0,   -48.0
1695258420, +3.49, +28.181,  +123.5, +1063.0,  +240.0,   -32.0
1695259020, +3.49, +28.181,  +118.8, +1027.0,  +208.0,   +48.0
1695259620, +3.49, +28.181,  +102.6, +1051.0,  +224.0,    +8.0
1695260220, +3.49, +28.181,  +105.1, +1044.0,  +220.0,   +22.0
