7530-458116
OS REV: 1.08 Sensor Cal: 1657263600 Averages: 30
Time (sec),  Bat (Volts),   T (deg C),  PAR (umol/(s m^2))  Ax (mg), Ay (mg), Az (mg)
1677594840, +3.52, +28.689,    -0.4, +1036.0,  +252.0,   +12.0
1677595440, +3.52, +28.787,    -0.5, +1020.0,  +240.0,   +36.0
1677596040, +3.52, +28.836,    -0.4, +1040.0,  +256.0,    +0.0
1677596640, +3.52, +28.885,    -0.4,  +992.0,  +227.0,   +62.0
1677597240, +3.52, +28.852,    -0.4,  +984.0,  +224.0,   +60.0
1677597840, +3.52, +28.836,    -0.3,  +992.0,  +227.0,   +60.0
1677598440, +3.52, +28.819,    -0.3, +1028.0,  +248.0,   +28.0
1677599040, +3.52, +28.877,    -0.4,  +985.0,  +224.0,   +60.0
1677599640, +3.52, +28.909,    -0.4,  +998.0,  +231.0,   +56.0
1677600240, +3.52, +28.917,    -0.3, +1030.0,  +248.0,   +24.0
1677600840, +3.52, +28.934,    -0.4,  +985.0,  +224.0,   +60.0
1677601440, +3.52, +28.958,    -0.5, +1006.0,  +236.0,   +51.0
1677602040, +3.52, +28.966,    -0.5, +1004.0,  +231.0,   +56.0
1677602640, +3.52, +28.958,    -0.4,  +984.0,  +224.0,   +60.0
1677603240, +3.52, +28.958,    -0.4, +1008.0,  +233.0,   +52.0
1677603840, +3.52, +28.966,    -0.5,  +984.0,  +224.0,   +60.0
1677604440, +3.52, +28.966,    -0.3,  +992.0,  +230.0,   +56.0
1677605040, +3.52, +28.975,    +0.0, +1008.0,  +236.0,   +51.0
1677605640, +3.52, +28.991,    +0.8,  +984.0,  +224.0,   +57.0
1677606240, +3.52, +28.958,    +1.9, +1027.0,  +246.0,   +30.0
1677606840, +3.52, +28.950,    +2.9,  +992.0,  +227.0,   +60.0
1677607440, +3.52, +28.958,    +3.6,  +984.0,  +224.0,   +60.0
1677608040, +3.52, +28.975,    +5.5,  +992.0,  +228.0,   +60.0
1677608640, +3.52, +28.975,    +7.1,  +985.0,  +224.0,   +60.0
1677609240, +3.52, +28.983,    +8.6, +1031.0,  +248.0,   +22.0
1677609840, +3.52, +29.007,   +10.5,  +984.0,  +224.0,   +62.0
1677610440, +3.52, +29.040,   +12.1,  +992.0,  +227.0,   +56.0
1677611040, +3.52, +29.056,   +14.3,  +984.0,  +224.0,   +57.0
1677611640, +3.52, +29.072,   +16.8,  +983.0,  +224.0,   +56.0
1677612240, +3.52, +29.080,   +19.8,  +992.0,  +227.0,   +56.0
1677612840, +3.52, +29.064,   +22.5,  +984.0,  +224.0,   +56.0
1677613440, +3.52, +29.040,   +26.0,  +990.0,  +227.0,   +60.0
1677614040, +3.52, +29.040,   +28.6,  +984.0,  +227.0,   +60.0
1677614640, +3.52, +29.048,   +32.0,  +985.0,  +225.0,   +60.0
1677615240, +3.52, +29.040,   +35.2,  +979.0,  +222.0,   +64.0
1677615840, +3.52, +29.056,   +39.7,  +984.0,  +224.0,   +56.0
1677616440, +3.52, +29.056,   +43.4, +1048.0,  +262.0,   -15.0
1677617040, +3.52, +29.056,   +48.0,  +984.0,  +224.0,   +60.0
1677617640, +3.52, +29.064,   +52.0,  +984.0,  +224.0,   +56.0
1677618240, +3.52, +29.064,   +39.8,  +992.0,  +228.0,   +56.0
1677618840, +3.52, +29.072,   +58.8,  +988.0,  +224.0,   +60.0
1677619440, +3.52, +29.064,   +63.6,  +985.0,  +224.0,   +60.0
1677620040, +3.52, +29.072,   +67.6,  +980.0,  +224.0,   +57.0
1677620640, +3.52, +29.080,   +71.9,  +984.0,  +224.0,   +62.0
1677621240, +3.52, +29.072,   +75.7,  +984.0,  +224.0,   +56.0
1677621840, +3.52, +29.032,   +79.8,  +995.0,  +230.0,   +60.0
1677622440, +3.52, +28.975,   +84.8, +1008.0,  +233.0,   +48.0
1677623040, +3.52, +28.966,   +91.2, +1004.0,  +232.0,   +54.0
1677623640, +3.52, +28.958,   +92.7,  +984.0,  +224.0,   +60.0
1677624240, +3.52, +28.975,   +99.4, +1000.0,  +231.0,   +56.0
1677624840, +3.52, +28.983,  +104.1, +1016.0,  +240.0,   +40.0
1677625440, +3.52, +28.975,  +100.6,  +984.0,  +224.0,   +60.0
1677626040, +3.52, +28.983,  +108.5, +1016.0,  +240.0,   +40.0
1677626640, +3.52, +28.983,   +20.8, +1003.0,  +232.0,   +56.0
1677627240, +3.52, +28.958,   +53.8, +1043.0,  +259.0,    +0.0
1677627840, +3.52, +28.983,  +114.0,  +984.0,  +224.0,   +60.0
1677628440, +3.52, +28.999,   +21.7,  +983.0,  +224.0,   +57.0
1677629040, +3.52, +29.015,   +20.5, +1000.0,  +230.0,   +56.0
1677629640, +3.52, +29.080,   +13.2,  +984.0,  +224.0,   +62.0
1677630240, +3.52, +29.137,   +41.0,  +984.0,  +222.0,   +60.0
1677630840, +3.52, +29.162,   +15.6,  +982.0,  +224.0,   +60.0
1677631440, +3.52, +29.194,    +9.6,  +984.0,  +220.0,   +60.0
1677632040, +3.52, +29.203,    +6.1,  +984.0,  +224.0,   +56.0
1677632640, +3.52, +29.203,    +5.8,  +984.0,  +224.0,   +60.0
1677633240, +3.52, +29.260,    +5.7, +1086.0,  +288.0,  -148.0
1677633840, +3.52, +29.260,   +12.6,  +984.0,  +224.0,   +62.0
1677634440, +3.52, +29.235,    +9.2,  +979.0,  +223.0,   +60.0
1677635040, +3.52, +29.203,    +7.7,  +984.0,  +224.0,   +62.0
1677635640, +3.52, +29.227,    +8.4,  +979.0,  +224.0,   +56.0
1677636240, +3.52, +29.251,    +9.6,  +982.0,  +224.0,   +60.0
1677636840, +3.52, +29.260,    +6.0,  +979.0,  +222.0,   +56.0
1677637440, +3.52, +29.251,    +5.6, +1080.0,  +259.0,  -120.0
1677638040, +3.52, +29.251,    +8.3, +1080.0,  +248.0,  -100.0
1677638640, +3.52, +29.260,    +8.1,  +984.0,  +224.0,   +60.0
1677639240, +3.52, +29.260,    +6.7,  +982.0,  +224.0,   +56.0
1677639840, +3.52, +29.268,    +5.0,  +979.0,  +224.0,   +56.0
1677640440, +3.52, +29.276,    +5.4,  +982.0,  +224.0,   +56.0
1677641040, +3.52, +29.268,    +6.1,  +982.0,  +222.0,   +60.0
1677641640, +3.52, +29.276,    +8.6,  +982.0,  +224.0,   +57.0
1677642240, +3.52, +29.268,    +9.4, +1080.0,  +240.0,   -93.0
1677642840, +3.52, +29.260,   +16.1,  +983.0,  +220.0,   +62.0
1677643440, +3.52, +29.080,   +15.0,  +979.0,  +224.0,   +60.0
1677644040, +3.52, +29.097,   +10.4,  +984.0,  +224.0,   +56.0
1677644640, +3.52, +28.999,    +7.2,  +988.0,  +224.0,   +56.0
1677645240, +3.52, +29.137,    +9.9,  +984.0,  +224.0,   +60.0
1677645840, +3.52, +29.211,    +7.1,  +983.0,  +222.0,   +63.0
1677646440, +3.52, +29.235,    +6.3,  +984.0,  +220.0,   +60.0
1677647040, +3.52, +29.268,    +4.7,  +982.0,  +224.0,   +56.0
1677647640, +3.52, +29.276,    +3.2,  +982.0,  +220.0,   +60.0
1677648240, +3.52, +29.276,    +1.9, +1086.0,  +292.0,  -144.0
1677648840, +3.52, +29.284,    +0.8,  +983.0,  +224.0,   +60.0
1677649440, +3.52, +29.268,    -0.0, +1084.0,  +273.0,  -136.0
1677650040, +3.52, +29.284,    -0.3, +1080.0,  +241.0,   -69.0
1677650640, +3.52, +29.276,    -0.4, +1084.0,  +284.0,  -148.0
1677651240, +3.52, +29.284,    -0.3, +1080.0,  +252.0,   -89.0
1677651840, +3.52, +29.284,    -0.4, +1086.0,  +288.0,  -152.0
1677652440, +3.52, +29.292,    -0.4,  +982.0,  +224.0,   +56.0
1677653040, +3.52, +29.300,    -0.3, +1084.0,  +280.0,  -144.0
1677653640, +3.52, +29.162,    -0.3,  +984.0,  +224.0,   +60.0
1677654240, +3.52, +29.186,    -0.5,  +988.0,  +227.0,   +60.0
1677654840, +3.52, +29.064,    -0.4,  +982.0,  +222.0,   +62.0
1677655440, +3.52, +29.080,    -0.3,  +985.0,  +224.0,   +60.0
1677656040, +3.52, +29.186,    -0.5,  +984.0,  +224.0,   +56.0
1677656640, +3.52, +29.235,    -0.3,  +984.0,  +224.0,   +60.0
1677657240, +3.52, +29.072,    -0.3,  +985.0,  +224.0,   +56.0
1677657840, +3.52, +29.056,    -0.3, +1016.0,  +240.0,   +44.0
1677658440, +3.52, +29.121,    -0.2,  +982.0,  +222.0,   +62.0
1677659040, +3.52, +29.170,    -0.3,  +984.0,  +224.0,   +62.0
1677659640, +3.52, +29.203,    -0.4,  +979.0,  +224.0,   +62.0
1677660240, +3.52, +29.194,    -0.4,  +984.0,  +220.0,   +60.0
1677660840, +3.52, +29.219,    -0.4,  +982.0,  +224.0,   +57.0
1677661440, +3.52, +29.211,    -0.3, +1086.0,  +281.0,  -144.0
1677662040, +3.52, +29.211,    -0.4,  +979.0,  +224.0,   +60.0
1677662640, +3.52, +29.203,    -0.4,  +984.0,  +224.0,   +57.0
1677663240, +3.52, +29.219,    -0.5,  +984.0,  +224.0,   +60.0
1677663840, +3.52, +29.219,    -0.4,  +977.0,  +224.0,   +60.0
1677664440, +3.52, +29.203,    -0.4,  +984.0,  +220.0,   +63.0
1677665040, +3.52, +28.713,    -0.5, +1059.0,  +272.0,   -52.0
1677665640, +3.52, +28.419,    -0.2, +1048.0,  +257.0,   -16.0
1677666240, +3.52, +28.337,    -0.5, +1072.0,  +291.0,  -112.0
1677666840, +3.52, +28.329,    -0.5, +1068.0,  +284.0,   -90.0
1677667440, +3.52, +28.337,    -0.5, +1070.0,  +284.0,   -96.0
1677668040, +3.52, +28.353,    -0.3, +1068.0,  +284.0,   -90.0
1677668640, +3.52, +28.394,    -0.5, +1070.0,  +284.0,  -100.0
1677669240, +3.52, +28.476,    -0.5, +1059.0,  +272.0,   -58.0
1677669840, +3.52, +28.501,    -0.5, +1048.0,  +260.0,   -16.0
1677670440, +3.52, +28.795,    -0.4, +1024.0,  +243.0,   +35.0
1677671040, +3.52, +29.015,    -0.3,  +995.0,  +224.0,   +56.0
1677671640, +3.52, +28.975,    -0.3,  +988.0,  +224.0,   +60.0
1677672240, +3.52, +29.048,    -0.4,  +984.0,  +224.0,   +56.0
1677672840, +3.52, +28.885,    -0.5, +1008.0,  +232.0,   +48.0
1677673440, +3.52, +28.770,    -0.4, +1038.0,  +252.0,    +7.0
1677674040, +3.52, +28.795,    -0.4, +1048.0,  +263.0,   -16.0
1677674640, +3.52, +28.877,    -0.3, +1001.0,  +231.0,   +56.0
1677675240, +3.52, +28.909,    -0.5,  +984.0,  +224.0,   +60.0
1677675840, +3.52, +28.893,    -0.4,  +984.0,  +224.0,   +60.0
1677676440, +3.52, +28.983,    -0.4, +1036.0,  +248.0,   +16.0
1677677040, +3.52, +29.015,    -0.3,  +988.0,  +224.0,   +56.0
1677677640, +3.52, +29.048,    -0.5,  +984.0,  +224.0,   +56.0
1677678240, +3.52, +29.023,    -0.5,  +982.0,  +224.0,   +60.0
1677678840, +3.52, +29.121,    -0.4,  +983.0,  +222.0,   +60.0
1677679440, +3.52, +29.154,    -0.3,  +984.0,  +224.0,   +60.0
1677680040, +3.52, +29.137,    -0.4,  +983.0,  +220.0,   +56.0
1677680640, +3.52, +29.186,    -0.5, +1075.0,  +239.0,   -73.0
1677681240, +3.52, +29.211,    -0.4,  +984.0,  +224.0,   +62.0
