7530-458116
OS REV: 1.08 Sensor Cal: 1657263600 Averages: 30
Time (sec),  Bat (Volts),   T (deg C),  PAR (umol/(s m^2))  Ax (mg), Ay (mg), Az (mg)
1678377840, +3.52, +29.235,    -0.4, +1089.0,  +275.0,  -142.0
1678378440, +3.52, +29.227,    -0.4, +1080.0,  +280.0,  -109.0
1678379040, +3.52, +29.227,    -0.4, +1084.0,  +280.0,  -128.0
1678379640, +3.52, +29.219,    -0.4, +1081.0,  +284.0,  -128.0
1678380240, +3.52, +29.227,    -0.4, +1088.0,  +276.0,  -144.0
1678380840, +3.52, +29.235,    -0.3, +1091.0,  +272.0,  -136.0
1678381440, +3.52, +29.235,    -0.3, +1086.0,  +248.0,  -104.0
1678382040, +3.52, +29.251,    -0.3, +1078.0,  +278.0,  -106.0
1678382640, +3.52, +29.260,    -0.1, +1070.0,  +270.0,   -68.0
1678383240, +3.52, +29.260,    +0.6, +1078.0,  +280.0,  -108.0
1678383840, +3.52, +29.260,    +2.0, +1084.0,  +284.0,  -128.0
1678384440, +3.52, +29.268,    +3.8, +1075.0,  +275.0,   -90.0
1678385040, +3.52, +29.268,    +3.8, +1072.0,  +272.0,   -84.0
1678385640, +3.52, +29.284,    +8.1,  +990.0,  +211.0,   +64.0
1678386240, +3.52, +29.268,    +9.2, +1088.0,  +248.0,  -116.0
1678386840, +3.52, +29.276,   +11.3, +1072.0,  +272.0,   -80.0
1678387440, +3.52, +29.243,   +13.7, +1084.0,  +284.0,  -128.0
1678388040, +3.52, +29.227,   +15.3, +1088.0,  +256.0,  -122.0
1678388640, +3.52, +29.219,   +15.3, +1091.0,  +278.0,  -144.0
1678389240, +3.52, +29.170,   +17.1, +1091.0,  +264.0,  -136.0
1678389840, +3.52, +29.162,   +18.0, +1088.0,  +272.0,  -142.0
1678390440, +3.52, +29.162,   +18.4, +1091.0,  +268.0,  -136.0
1678391040, +3.52, +29.211,   +20.5,  +984.0,  +211.0,   +67.0
1678391640, +3.52, +29.219,   +21.6, +1068.0,  +270.0,   -64.0
1678392240, +3.52, +29.203,   +22.7, +1084.0,  +284.0,  -132.0
1678392840, +3.52, +29.186,   +24.3,  +984.0,  +216.0,   +64.0
1678393440, +3.52, +29.194,   +24.8, +1088.0,  +284.0,  -142.0
1678394040, +3.52, +29.203,   +20.1, +1084.0,  +284.0,  -128.0
1678394640, +3.52, +29.227,   +18.1, +1081.0,  +280.0,  -128.0
1678395240, +3.52, +29.243,   +28.8, +1083.0,  +280.0,  -121.0
1678395840, +3.52, +29.235,   +33.1, +1087.0,  +284.0,  -141.0
1678396440, +3.52, +29.243,   +34.1, +1089.0,  +280.0,  -144.0
1678397040, +3.52, +29.243,   +36.9, +1080.0,  +280.0,  -110.0
1678397640, +3.52, +29.243,   +33.2, +1073.0,  +275.0,   -84.0
1678398240, +3.52, +29.243,   +39.7, +1088.0,  +256.0,  -120.0
1678398840, +3.52, +29.235,   +42.8, +1072.0,  +270.0,   -80.0
1678399440, +3.52, +29.235,   +39.7, +1091.0,  +272.0,  -144.0
1678400040, +3.52, +29.235,   +42.8,  +988.0,  +214.0,   +64.0
1678400640, +3.52, +29.235,   +44.6, +1089.0,  +259.0,  -128.0
1678401240, +3.52, +29.235,   +43.2, +1091.0,  +280.0,  -148.0
1678401840, +3.52, +29.243,   +44.1, +1091.0,  +264.0,  -136.0
1678402440, +3.52, +29.251,   +43.1,  +984.0,  +214.0,   +64.0
1678403040, +3.52, +29.251,   +30.8, +1088.0,  +286.0,  -144.0
1678403640, +3.52, +29.235,   +47.4, +1089.0,  +264.0,  -140.0
1678404240, +3.52, +29.251,   +48.7, +1080.0,  +280.0,  -112.0
1678404840, +3.52, +29.235,   +22.1, +1091.0,  +280.0,  -148.0
1678405440, +3.52, +29.227,   +23.7, +1081.0,  +280.0,  -114.0
1678406040, +3.52, +29.235,   +46.9, +1087.0,  +248.0,  -112.0
1678406640, +3.52, +29.227,   +71.8, +1081.0,  +235.0,   -81.0
1678407240, +3.52, +29.219,   +84.2, +1086.0,  +248.0,  -116.0
1678407840, +3.52, +29.219,   +10.5, +1091.0,  +280.0,  -144.0
1678408440, +3.52, +29.219,   +28.2, +1088.0,  +276.0,  -144.0
1678409040, +3.52, +29.203,   +14.7, +1086.0,  +243.0,  -114.0
1678409640, +3.52, +29.203,   +72.3, +1089.0,  +280.0,  -144.0
1678410240, +3.52, +29.211,   +52.5, +1084.0,  +230.0,   -81.0
1678410840, +3.52, +29.121,   +83.3,  +987.0,  +211.0,   +64.0
1678411440, +3.52, +28.942,   +72.5,  +988.0,  +211.0,   +62.0
1678412040, +3.52, +28.885,   +20.7,  +984.0,  +214.0,   +64.0
1678412640, +3.52, +28.795,   +76.4,  +987.0,  +212.0,   +62.0
1678413240, +3.52, +28.713,   +41.0,  +999.0,  +220.0,   +64.0
1678413840, +3.52, +28.640,   +80.3, +1008.0,  +224.0,   +60.0
1678414440, +3.52, +28.542,   +45.7, +1028.0,  +232.0,   +38.0
1678415040, +3.52, +28.501,   +53.2, +1008.0,  +224.0,   +56.0
1678415640, +3.52, +28.427,   +39.8, +1046.0,  +248.0,    +0.0
1678416240, +3.52, +28.411,   +15.0, +1030.0,  +232.0,   +38.0
1678416840, +3.52, +28.419,    +9.0, +1046.0,  +244.0,    +6.0
1678417440, +3.52, +28.443,   +11.0, +1043.0,  +243.0,    +6.0
1678418040, +3.52, +28.550,    +7.7, +1004.0,  +220.0,   +60.0
1678418640, +3.52, +28.648,    +6.9,  +998.0,  +217.0,   +64.0
1678419240, +3.52, +28.648,    +6.0,  +988.0,  +211.0,   +64.0
1678419840, +3.52, +28.632,    +6.1,  +999.0,  +216.0,   +60.0
1678420440, +3.52, +28.664,    +5.9,  +988.0,  +214.0,   +62.0
1678421040, +3.52, +28.656,    +6.1, +1000.0,  +216.0,   +60.0
1678421640, +3.52, +28.648,    +7.1, +1008.0,  +224.0,   +56.0
1678422240, +3.52, +28.419,    +6.8, +1038.0,  +240.0,   +20.0
1678422840, +3.52, +28.452,    +6.1, +1043.0,  +240.0,   +12.0
1678423440, +3.52, +28.484,    +5.2, +1032.0,  +236.0,   +32.0
1678424040, +3.52, +28.427,    +3.2, +1064.0,  +263.0,   -48.0
1678424640, +3.52, +28.452,    +1.9, +1035.0,  +236.0,   +28.0
1678425240, +3.52, +28.427,    +1.5, +1032.0,  +236.0,   +25.0
1678425840, +3.52, +28.443,    +0.8, +1047.0,  +243.0,    +6.0
1678426440, +3.52, +28.460,    +0.1, +1031.0,  +232.0,   +38.0
1678427040, +3.52, +28.345,    -0.2, +1068.0,  +268.0,   -64.0
1678427640, +3.52, +28.189,    -0.4, +1072.0,  +272.0,   -80.0
1678428240, +3.52, +28.181,    -0.4, +1068.0,  +270.0,   -64.0
1678428840, +3.52, +28.304,    -0.4, +1047.0,  +246.0,    +0.0
1678429440, +3.52, +28.337,    -0.4, +1048.0,  +248.0,   -10.0
1678430040, +3.52, +28.288,    -0.5, +1064.0,  +259.0,   -45.0
1678430640, +3.52, +28.238,    -0.3, +1063.0,  +262.0,   -48.0
1678431240, +3.52, +28.279,    -0.3, +1054.0,  +248.0,   -13.0
1678431840, +3.52, +28.279,    -0.4, +1070.0,  +268.0,   -64.0
1678432440, +3.52, +28.279,    -0.3, +1068.0,  +263.0,   -52.0
1678433040, +3.52, +28.312,    -0.4, +1070.0,  +268.0,   -64.0
1678433640, +3.52, +28.394,    -0.5, +1072.0,  +270.0,   -72.0
1678434240, +3.52, +28.501,    -0.3, +1032.0,  +238.0,   +30.0
1678434840, +3.52, +28.754,    -0.5,  +991.0,  +212.0,   +64.0
1678435440, +3.52, +28.852,    -0.4,  +985.0,  +212.0,   +62.0
1678436040, +3.52, +28.811,    -0.3, +1001.0,  +220.0,   +62.0
1678436640, +3.52, +28.852,    -0.3,  +985.0,  +211.0,   +64.0
1678437240, +3.52, +29.023,    -0.3, +1088.0,  +278.0,  -144.0
1678437840, +3.52, +28.999,    -0.3,  +992.0,  +214.0,   +64.0
1678438440, +3.52, +29.048,    -0.3, +1080.0,  +227.0,   -65.0
1678439040, +3.52, +28.803,    -0.3, +1000.0,  +220.0,   +64.0
1678439640, +3.52, +28.811,    -0.4, +1008.0,  +217.0,   +60.0
1678440240, +3.52, +28.713,    -0.4,  +985.0,  +211.0,   +64.0
1678440840, +3.52, +28.640,    -0.3, +1000.0,  +216.0,   +64.0
1678441440, +3.52, +28.550,    -0.5, +1024.0,  +228.0,   +44.0
1678442040, +3.52, +28.509,    -0.3, +1036.0,  +232.0,   +28.0
1678442640, +3.52, +28.558,    -0.3,  +999.0,  +216.0,   +62.0
1678443240, +3.52, +28.599,    -0.4,  +990.0,  +211.0,   +64.0
1678443840, +3.52, +28.607,    -0.4,  +990.0,  +211.0,   +64.0
1678444440, +3.52, +28.689,    -0.3,  +990.0,  +211.0,   +64.0
1678445040, +3.52, +28.770,    -0.4,  +988.0,  +211.0,   +64.0
1678445640, +3.52, +28.836,    -0.5,  +990.0,  +211.0,   +64.0
1678446240, +3.52, +28.901,    -0.3,  +984.0,  +209.0,   +64.0
1678446840, +3.52, +28.966,    -0.4,  +993.0,  +216.0,   +64.0
1678447440, +3.52, +28.983,    -0.5,  +984.0,  +211.0,   +62.0
1678448040, +3.52, +28.926,    -0.5,  +984.0,  +212.0,   +64.0
1678448640, +3.52, +28.787,    -0.4,  +985.0,  +211.0,   +62.0
1678449240, +3.52, +28.844,    -0.4, +1087.0,  +244.0,  -112.0
1678449840, +3.52, +28.926,    -0.5,  +988.0,  +209.0,   +64.0
1678450440, +3.52, +28.934,    -0.4,  +988.0,  +211.0,   +63.0
1678451040, +3.52, +28.836,    -0.4, +1089.0,  +264.0,  -136.0
1678451640, +3.52, +28.885,    -0.2,  +985.0,  +208.0,   +65.0
1678452240, +3.52, +28.958,    -0.4,  +984.0,  +212.0,   +63.0
1678452840, +3.52, +29.056,    -0.4, +1072.0,  +270.0,   -80.0
1678453440, +3.52, +29.015,    -0.5, +1084.0,  +240.0,   -85.0
1678454040, +3.52, +28.999,    -0.4, +1086.0,  +284.0,  -136.0
1678454640, +3.52, +29.048,    -0.4, +1091.0,  +264.0,  -140.0
1678455240, +3.52, +29.072,    -0.2,  +985.0,  +211.0,   +63.0
1678455840, +3.52, +29.146,    -0.3, +1095.0,  +275.0,  -144.0
1678456440, +3.52, +29.178,    -0.5, +1089.0,  +270.0,  -144.0
1678457040, +3.52, +29.194,    -0.3, +1091.0,  +280.0,  -141.0
1678457640, +3.52, +29.203,    -0.4, +1079.0,  +276.0,  -104.0
1678458240, +3.52, +29.186,    -0.3, +1086.0,  +280.0,  -136.0
1678458840, +3.52, +29.170,    -0.4, +1092.0,  +264.0,  -141.0
1678459440, +3.52, +29.154,    -0.3,  +987.0,  +209.0,   +64.0
1678460040, +3.52, +29.154,    -0.4, +1072.0,  +268.0,   -72.0
1678460640, +3.52, +29.146,    -0.3, +1091.0,  +272.0,  -148.0
1678461240, +3.52, +29.154,    -0.4,  +985.0,  +208.0,   +63.0
1678461840, +3.52, +29.154,    -0.5,  +984.0,  +208.0,   +64.0
1678462440, +3.52, +29.146,    -0.4, +1091.0,  +278.0,  -144.0
1678463040, +3.52, +29.146,    -0.4, +1084.0,  +278.0,  -122.0
1678463640, +3.52, +29.146,    -0.4, +1088.0,  +278.0,  -144.0
1678464240, +3.52, +29.137,    -0.4, +1091.0,  +248.0,  -126.0
