7530-458116
OS REV: 1.08 Sensor Cal: 1657263600 Averages: 30
Time (sec),  Bat (Volts),   T (deg C),  PAR (umol/(s m^2))  Ax (mg), Ay (mg), Az (mg)
1690122840, +3.50, +28.263,    -0.4, +1031.0,  +214.0,   +44.0
1690123440, +3.50, +28.271,    -0.4, +1039.0,  +216.0,   +38.0
1690124040, +3.50, +28.279,    -0.4, +1032.0,  +216.0,   +40.0
1690124640, +3.50, +28.288,    -0.5, +1036.0,  +216.0,   +44.0
1690125240, +3.50, +28.271,    -0.5, +1032.0,  +212.0,   +44.0
1690125840, +3.50, +28.247,    -0.4, +1036.0,  +212.0,   +44.0
1690126440, +3.50, +28.206,    -0.3, +1032.0,  +212.0,   +48.0
1690127040, +3.50, +28.173,    -0.2, +1036.0,  +216.0,   +36.0
1690127640, +3.50, +28.132,    -0.3, +1036.0,  +216.0,   +38.0
1690128240, +3.50, +28.173,    -0.2, +1036.0,  +216.0,   +35.0
1690128840, +3.50, +28.181,    -0.4, +1039.0,  +220.0,   +28.0
1690129440, +3.50, +28.173,    -0.3, +1032.0,  +214.0,   +46.0
1690130040, +3.50, +28.214,    -0.4, +1036.0,  +216.0,   +36.0
1690130640, +3.50, +28.230,    -0.4, +1036.0,  +214.0,   +38.0
1690131240, +3.50, +28.222,    -0.4, +1039.0,  +216.0,   +34.0
1690131840, +3.50, +28.222,    -0.3, +1033.0,  +216.0,   +40.0
1690132440, +3.50, +28.230,    -0.4, +1032.0,  +216.0,   +40.0
1690133040, +3.50, +28.238,    -0.4, +1036.0,  +216.0,   +38.0
1690133640, +3.50, +28.255,    -0.3, +1036.0,  +216.0,   +38.0
1690134240, +3.50, +28.247,    -0.0, +1036.0,  +212.0,   +40.0
1690134840, +3.50, +28.247,    +1.0, +1036.0,  +216.0,   +39.0
1690135440, +3.50, +28.238,    +2.1, +1036.0,  +216.0,   +38.0
1690136040, +3.50, +28.206,    +3.5, +1039.0,  +214.0,   +38.0
1690136640, +3.50, +28.206,    +4.7, +1033.0,  +216.0,   +44.0
1690137240, +3.50, +28.197,    +6.2, +1038.0,  +214.0,   +38.0
1690137840, +3.50, +28.197,    +7.0, +1032.0,  +214.0,   +44.0
1690138440, +3.50, +28.206,    +8.1, +1036.0,  +216.0,   +40.0
1690139040, +3.50, +28.206,    +9.5, +1032.0,  +212.0,   +40.0
1690139640, +3.50, +28.214,    +9.9, +1036.0,  +216.0,   +40.0
1690140240, +3.50, +28.197,   +11.6, +1036.0,  +212.0,   +40.0
1690140840, +3.50, +28.214,   +13.6, +1036.0,  +216.0,   +35.0
1690141440, +3.50, +28.197,   +14.8, +1036.0,  +216.0,   +38.0
1690142040, +3.50, +28.206,   +14.7, +1033.0,  +216.0,   +39.0
1690142640, +3.50, +28.222,   +17.7, +1036.0,  +212.0,   +39.0
1690143240, +3.50, +28.214,   +19.7, +1035.0,  +212.0,   +44.0
1690143840, +3.50, +28.222,   +20.3, +1039.0,  +216.0,   +36.0
1690144440, +3.50, +28.222,   +23.8, +1036.0,  +216.0,   +39.0
1690145040, +3.50, +28.230,   +24.4, +1033.0,  +214.0,   +39.0
1690145640, +3.50, +28.230,   +31.2, +1036.0,  +216.0,   +39.0
1690146240, +3.50, +28.230,   +28.1, +1036.0,  +216.0,   +38.0
1690146840, +3.50, +28.247,   +35.6, +1036.0,  +216.0,   +40.0
1690147440, +3.50, +28.247,   +47.8, +1036.0,  +216.0,   +38.0
1690148040, +3.50, +28.255,   +20.1, +1036.0,  +216.0,   +40.0
1690148640, +3.50, +28.247,   +40.0, +1038.0,  +216.0,   +35.0
1690149240, +3.50, +28.263,   +20.1, +1036.0,  +216.0,   +38.0
1690149840, +3.50, +28.263,   +71.4, +1032.0,  +212.0,   +48.0
1690150440, +3.50, +28.279,   +69.7, +1036.0,  +212.0,   +44.0
1690151040, +3.50, +28.271,   +93.7, +1031.0,  +214.0,   +41.0
1690151640, +3.50, +28.263,   +85.2, +1032.0,  +216.0,   +40.0
1690152240, +3.50, +28.271,   +90.4, +1036.0,  +216.0,   +39.0
1690152840, +3.50, +28.263,   +85.8, +1032.0,  +212.0,   +40.0
1690153440, +3.50, +28.255,   +70.5, +1036.0,  +216.0,   +39.0
1690154040, +3.50, +28.255,   +80.0, +1036.0,  +216.0,   +38.0
1690154640, +3.50, +28.263,   +58.4, +1036.0,  +214.0,   +40.0
1690155240, +3.50, +28.263,   +27.3, +1033.0,  +216.0,   +40.0
1690155840, +3.50, +28.263,   +78.5, +1032.0,  +216.0,   +39.0
1690156440, +3.50, +28.271,  +107.3, +1038.0,  +214.0,   +35.0
1690157040, +3.50, +28.312,   +55.7, +1036.0,  +214.0,   +40.0
1690157640, +3.50, +28.353,  +111.2, +1033.0,  +214.0,   +39.0
1690158240, +3.50, +28.345,   +91.6, +1031.0,  +211.0,   +48.0
1690158840, +3.50, +28.370,   +98.4, +1036.0,  +216.0,   +36.0
1690159440, +3.50, +28.361,   +94.4, +1032.0,  +212.0,   +44.0
1690160040, +3.50, +28.353,   +93.4, +1032.0,  +214.0,   +44.0
1690160640, +3.50, +28.337,   +93.4, +1035.0,  +216.0,   +40.0
1690161240, +3.50, +28.329,   +87.6, +1036.0,  +212.0,   +38.0
1690161840, +3.50, +28.329,   +86.4, +1036.0,  +216.0,   +39.0
1690162440, +3.50, +28.320,   +83.6, +1036.0,  +216.0,   +40.0
1690163040, +3.50, +28.337,   +77.0, +1036.0,  +216.0,   +38.0
1690163640, +3.50, +28.345,   +71.9, +1036.0,  +212.0,   +44.0
1690164240, +3.50, +28.337,   +66.0, +1032.0,  +214.0,   +44.0
1690164840, +3.50, +28.345,   +62.1, +1032.0,  +216.0,   +38.0
1690165440, +3.50, +28.345,   +53.8, +1036.0,  +214.0,   +38.0
1690166040, +3.50, +28.320,   +48.3, +1032.0,  +216.0,   +40.0
1690166640, +3.50, +28.263,   +43.6, +1038.0,  +212.0,   +40.0
1690167240, +3.50, +28.247,   +40.5, +1036.0,  +211.0,   +44.0
1690167840, +3.50, +28.238,   +35.4, +1033.0,  +214.0,   +39.0
1690168440, +3.50, +28.214,   +31.0, +1036.0,  +214.0,   +44.0
1690169040, +3.50, +28.206,   +27.5, +1033.0,  +216.0,   +40.0
1690169640, +3.50, +28.214,   +23.0, +1036.0,  +216.0,   +40.0
1690170240, +3.50, +28.214,   +19.3, +1036.0,  +216.0,   +36.0
1690170840, +3.50, +28.222,   +15.7, +1032.0,  +216.0,   +40.0
1690171440, +3.50, +28.230,   +13.1, +1038.0,  +214.0,   +40.0
1690172040, +3.50, +28.263,    +9.6, +1031.0,  +214.0,   +44.0
1690172640, +3.50, +28.279,    +7.4, +1032.0,  +214.0,   +38.0
1690173240, +3.50, +28.255,    +4.7, +1036.0,  +216.0,   +36.0
1690173840, +3.50, +28.214,    +2.7, +1032.0,  +216.0,   +39.0
1690174440, +3.50, +28.214,    +1.7, +1036.0,  +216.0,   +39.0
1690175040, +3.50, +28.230,    +0.8, +1036.0,  +216.0,   +38.0
1690175640, +3.50, +28.238,    +0.0, +1036.0,  +216.0,   +40.0
1690176240, +3.50, +28.230,    -0.4, +1036.0,  +216.0,   +40.0
1690176840, +3.50, +28.222,    -0.5, +1033.0,  +211.0,   +48.0
1690177440, +3.50, +28.066,    -0.4, +1032.0,  +212.0,   +48.0
1690178040, +3.50, +27.968,    -0.4, +1036.0,  +214.0,   +40.0
1690178640, +3.50, +27.606,    -0.4, +1033.0,  +212.0,   +40.0
1690179240, +3.50, +27.688,    -0.4, +1038.0,  +216.0,   +35.0
1690179840, +3.50, +27.482,    -0.5, +1041.0,  +220.0,   +24.0
1690180440, +3.50, +27.474,    -0.3, +1040.0,  +216.0,   +32.0
1690181040, +3.50, +27.770,    -0.4, +1039.0,  +216.0,   +32.0
1690181640, +3.50, +27.935,    -0.4, +1036.0,  +216.0,   +38.0
1690182240, +3.50, +28.025,    -0.4, +1039.0,  +216.0,   +32.0
1690182840, +3.50, +28.115,    -0.4, +1039.0,  +216.0,   +36.0
1690183440, +3.50, +28.189,    -0.4, +1033.0,  +212.0,   +40.0
1690184040, +3.50, +28.025,    -0.3, +1036.0,  +216.0,   +39.0
1690184640, +3.50, +28.009,    -0.5, +1036.0,  +216.0,   +40.0
1690185240, +3.50, +28.042,    -0.4, +1036.0,  +214.0,   +40.0
1690185840, +3.50, +28.025,    -0.3, +1036.0,  +216.0,   +40.0
1690186440, +3.50, +28.033,    -0.3, +1036.0,  +216.0,   +38.0
1690187040, +3.50, +28.107,    -0.4, +1038.0,  +211.0,   +40.0
1690187640, +3.50, +28.165,    -0.3, +1039.0,  +214.0,   +36.0
1690188240, +3.50, +28.181,    -0.3, +1036.0,  +216.0,   +38.0
1690188840, +3.50, +28.197,    -0.4, +1033.0,  +212.0,   +44.0
1690189440, +3.50, +28.222,    -0.4, +1035.0,  +214.0,   +40.0
1690190040, +3.50, +28.263,    -0.3, +1032.0,  +212.0,   +48.0
1690190640, +3.50, +28.296,    -0.3, +1032.0,  +214.0,   +48.0
1690191240, +3.50, +28.304,    -0.4, +1033.0,  +211.0,   +44.0
1690191840, +3.50, +28.271,    -0.4, +1035.0,  +216.0,   +44.0
1690192440, +3.50, +28.255,    -0.3, +1032.0,  +212.0,   +44.0
1690193040, +3.50, +28.197,    -0.4, +1036.0,  +216.0,   +40.0
1690193640, +3.50, +28.173,    -0.4, +1038.0,  +216.0,   +36.0
1690194240, +3.50, +28.148,    -0.4, +1039.0,  +216.0,   +38.0
1690194840, +3.50, +28.156,    -0.4, +1033.0,  +212.0,   +44.0
1690195440, +3.50, +28.156,    -0.4, +1036.0,  +216.0,   +35.0
1690196040, +3.50, +28.173,    -0.4, +1038.0,  +212.0,   +38.0
1690196640, +3.50, +28.206,    -0.4, +1032.0,  +211.0,   +48.0
1690197240, +3.50, +28.222,    -0.3, +1033.0,  +214.0,   +40.0
1690197840, +3.50, +28.230,    -0.4, +1032.0,  +212.0,   +40.0
1690198440, +3.50, +28.247,    -0.4, +1031.0,  +211.0,   +48.0
1690199040, +3.50, +28.255,    -0.4, +1032.0,  +214.0,   +39.0
1690199640, +3.50, +28.247,    -0.5, +1032.0,  +211.0,   +48.0
1690200240, +3.50, +28.263,    -0.3, +1033.0,  +211.0,   +44.0
1690200840, +3.50, +28.263,    -0.4, +1032.0,  +211.0,   +44.0
1690201440, +3.50, +28.255,    -0.5, +1033.0,  +211.0,   +44.0
1690202040, +3.50, +28.271,    -0.4, +1031.0,  +211.0,   +44.0
1690202640, +3.50, +28.279,    -0.5, +1038.0,  +212.0,   +39.0
1690203240, +3.50, +28.279,    -0.5, +1032.0,  +214.0,   +44.0
1690203840, +3.50, +28.271,    -0.4, +1036.0,  +214.0,   +40.0
1690204440, +3.50, +28.279,    -0.4, +1036.0,  +216.0,   +39.0
1690205040, +3.50, +28.279,    -0.4, +1038.0,  +216.0,   +39.0
1690205640, +3.50, +28.288,    -0.4, +1030.0,  +211.0,   +48.0
1690206240, +3.50, +28.288,    -0.3, +1032.0,  +212.0,   +44.0
1690206840, +3.50, +28.288,    -0.5, +1036.0,  +214.0,   +40.0
1690207440, +3.50, +28.288,    -0.4, +1036.0,  +211.0,   +44.0
1690208040, +3.50, +28.279,    -0.4, +1033.0,  +212.0,   +40.0
1690208640, +3.50, +28.279,    -0.4, +1032.0,  +211.0,   +46.0
1690209240, +3.50, +28.271,    -0.4, +1033.0,  +216.0,   +40.0
