7530-458116
OS REV: 1.08 Sensor Cal: 1657263600 Averages: 30
Time (sec),  Bat (Volts),   T (deg C),  PAR (umol/(s m^2))  Ax (mg), Ay (mg), Az (mg)
1699557720, +3.47, +28.427,   +25.7, +1144.0,  +208.0,   -98.0
1699558320, +3.47, +28.386,   +27.3, +1142.0,  +211.0,   -97.0
1699558920, +3.47, +28.394,   +38.5, +1143.0,  +207.0,  -105.0
1699559520, +3.47, +28.419,   +27.4, +1144.0,  +212.0,   -97.0
1699560120, +3.47, +28.427,   +26.2, +1004.0,  +161.0,   +97.0
1699560720, +3.47, +28.443,   +29.1, +1142.0,  +214.0,  -101.0
1699561320, +3.47, +28.468,   +29.9, +1144.0,  +209.0,  -105.0
1699561920, +3.47, +28.476,   +38.5, +1148.0,  +211.0,  -105.0
1699562520, +3.47, +28.484,   +48.7, +1145.0,  +211.0,  -101.0
1699563120, +3.46, +28.509,   +50.9, +1145.0,  +207.0,  -105.0
1699563720, +3.46, +28.517,   +47.2, +1144.0,  +216.0,  -113.0
1699564320, +3.46, +28.517,   +38.5, +1144.0,  +211.0,  -101.0
1699564920, +3.46, +28.517,   +42.6, +1139.0,  +207.0,   -97.0
1699565520, +3.46, +28.525,   +77.7, +1148.0,  +212.0,  -105.0
1699566120, +3.46, +28.525,   +81.9, +1139.0,  +201.0,  -104.0
1699566720, +3.46, +28.517,   +51.8, +1080.0,  +198.0,   +30.0
1699567320, +3.46, +28.525,   +57.0, +1086.0,  +200.0,   +16.0
1699567920, +3.46, +28.509,   +47.4, +1080.0,  +195.0,   +30.0
1699568520, +3.46, +28.517,   +47.6, +1075.0,  +192.0,   +40.0
1699569120, +3.46, +28.509,   +60.5, +1136.0,  +206.0,  -109.0
1699569720, +3.46, +28.517,   +78.5, +1080.0,  +195.0,   +28.0
1699570320, +3.46, +28.517,  +118.6, +1081.0,  +198.0,   +24.0
1699570920, +3.46, +28.517,   +98.2, +1070.0,  +192.0,   +51.0
1699571520, +3.46, +28.517,   +69.4, +1136.0,  +204.0,   -95.0
1699572120, +3.46, +28.517,   +92.4, +1142.0,  +207.0,  -103.0
1699572720, +3.46, +28.525,   +93.3, +1080.0,  +195.0,   +32.0
1699573320, +3.46, +28.517,  +111.5, +1063.0,  +184.0,   +64.0
1699573920, +3.46, +28.517,  +140.0, +1062.0,  +182.0,   +70.0
1699574520, +3.46, +28.525,  +144.6, +1067.0,  +188.0,   +56.0
1699575120, +3.46, +28.525,  +142.8, +1062.0,  +184.0,   +67.0
1699575720, +3.46, +28.533,   +50.8, +1072.0,  +192.0,   +48.0
1699576320, +3.46, +28.525,  +138.2, +1067.0,  +184.0,   +56.0
1699576920, +3.46, +28.525,   +91.3, +1055.0,  +176.0,   +78.0
1699577520, +3.46, +28.509,   +19.8, +1064.0,  +184.0,   +60.0
1699578120, +3.46, +28.517,  +119.8, +1075.0,  +192.0,   +40.0
1699578720, +3.46, +28.517,   +60.9, +1072.0,  +192.0,   +48.0
1699579320, +3.46, +28.517,  +111.3, +1072.0,  +192.0,   +48.0
1699579920, +3.46, +28.517,  +107.9, +1055.0,  +180.0,   +78.0
1699580520, +3.46, +28.517,   +47.0, +1057.0,  +180.0,   +68.0
1699581120, +3.46, +28.517,   +92.3, +1124.0,  +224.0,  -104.0
1699581720, +3.46, +28.517,   +94.2, +1048.0,  +176.0,   +88.0
1699582320, +3.46, +28.525,   +65.8, +1115.0,  +224.0,   -80.0
1699582920, +3.46, +28.525,   +15.9, +1118.0,  +224.0,   -96.0
1699583520, +3.46, +28.509,   +73.1, +1055.0,  +176.0,   +80.0
1699584120, +3.46, +28.492,   +13.8, +1094.0,  +206.0,    +0.0
1699584720, +3.47, +28.476,   +30.0, +1008.0,  +159.0,  +103.0
1699585320, +3.47, +28.468,   +50.4, +1020.0,  +163.0,  +103.0
1699585920, +3.46, +28.460,   +42.9, +1142.0,  +200.0,   -97.0
1699586520, +3.46, +28.460,   +19.4, +1057.0,  +179.0,   +72.0
1699587120, +3.47, +28.468,   +33.5, +1072.0,  +192.0,   +48.0
1699587720, +3.47, +28.476,    +8.6, +1072.0,  +192.0,   +44.0
1699588320, +3.46, +28.468,    +9.0, +1086.0,  +198.0,   +19.0
1699588920, +3.46, +28.443,    +7.1, +1064.0,  +188.0,   +60.0
1699589520, +3.46, +28.394,   +10.9, +1144.0,  +239.0,   -97.0
1699590120, +3.46, +28.378,   +14.7, +1004.0,  +160.0,   +96.0
