7530-458116
OS REV: 1.08 Sensor Cal: 1657263600 Averages: 30
Time (sec),  Bat (Volts),   T (deg C),  PAR (umol/(s m^2))  Ax (mg), Ay (mg), Az (mg)
1696662600, +3.47, +28.156,    -0.5, +1063.0,  +188.0,   +54.0
1696663200, +3.47, +28.148,    -0.3, +1056.0,  +184.0,   +64.0
1696663800, +3.47, +28.156,    -0.4, +1065.0,  +192.0,   +51.0
1696664400, +3.47, +28.140,    -0.4, +1063.0,  +188.0,   +56.0
1696665000, +3.47, +28.124,    -0.5, +1068.0,  +192.0,   +48.0
1696665600, +3.48, +28.115,    -0.3, +1059.0,  +184.0,   +62.0
1696666200, +3.47, +28.124,    -0.4, +1064.0,  +192.0,   +54.0
1696666800, +3.47, +28.124,    -0.4, +1060.0,  +188.0,   +60.0
1696667400, +3.47, +28.124,    -0.4, +1065.0,  +188.0,   +48.0
1696668000, +3.47, +28.115,    -0.3, +1080.0,  +200.0,   +16.0
1696668600, +3.47, +28.115,    -0.4, +1136.0,  +216.0,  -100.0
1696669200, +3.47, +28.115,    -0.4, +1075.0,  +196.0,   +28.0
1696669800, +3.47, +28.115,    -0.3, +1068.0,  +192.0,   +48.0
1696670400, +3.47, +28.115,    -0.3, +1064.0,  +188.0,   +48.0
1696671000, +3.47, +28.107,    -0.4, +1075.0,  +198.0,   +28.0
1696671600, +3.47, +28.107,    -0.3, +1080.0,  +199.0,   +16.0
1696672200, +3.47, +28.115,    -0.4, +1084.0,  +204.0,    +6.0
1696672800, +3.47, +28.115,    -0.3, +1075.0,  +195.0,   +32.0
1696673400, +3.47, +28.124,    -0.4, +1070.0,  +192.0,   +40.0
1696674000, +3.47, +28.115,    -0.4, +1132.0,  +214.0,   -97.0
1696674600, +3.47, +28.124,    -0.4, +1078.0,  +200.0,   +24.0
1696675200, +3.47, +28.132,    -0.4, +1084.0,  +204.0,    +8.0
