7530-458116
OS REV: 1.08 Sensor Cal: 1657263600 Averages: 30
Time (sec),  Bat (Volts),   T (deg C),  PAR (umol/(s m^2))  Ax (mg), Ay (mg), Az (mg)
1695658620, +3.46, +28.025,    -0.3, +1041.0,  +222.0,   +28.0
1695659220, +3.47, +28.025,    -0.3, +1024.0,  +208.0,   +56.0
1695659820, +3.47, +28.025,    -0.3, +1096.0,  +259.0,  -143.0
1695660420, +3.47, +28.017,    -0.4, +1057.0,  +231.0,    -8.0
1695661020, +3.47, +28.009,    -0.3, +1038.0,  +216.0,   +36.0
1695661620, +3.47, +28.017,    +0.1, +1031.0,  +212.0,   +48.0
1695662220, +3.47, +28.025,    +1.0, +1024.0,  +211.0,   +52.0
1695662820, +3.47, +28.017,    +2.5, +1096.0,  +263.0,  -136.0
1695663420, +3.47, +28.017,    +4.3, +1032.0,  +216.0,   +44.0
1695664020, +3.47, +28.025,    +6.1, +1075.0,  +252.0,   -72.0
1695664620, +3.47, +28.025,    +7.9, +1094.0,  +264.0,  -136.0
1695665220, +3.47, +28.017,    +8.5, +1091.0,  +264.0,  -128.0
1695665820, +3.47, +28.009,   +10.1, +1059.0,  +232.0,   -13.0
1695666420, +3.47, +28.017,   +14.9, +1096.0,  +260.0,  -136.0
1695667020, +3.47, +28.009,   +10.9, +1024.0,  +208.0,   +54.0
1695667620, +3.48, +28.025,   +14.0, +1031.0,  +211.0,   +48.0
1695668220, +3.48, +28.017,   +13.4, +1039.0,  +220.0,   +30.0
1695668820, +3.48, +28.025,   +14.4, +1028.0,  +212.0,   +48.0
