7530-458116
OS REV: 1.08 Sensor Cal: 1657263600 Averages: 30
Time (sec),  Bat (Volts),   T (deg C),  PAR (umol/(s m^2))  Ax (mg), Ay (mg), Az (mg)
1700778960, +3.49, +28.460,  +121.2, +1048.0,  +176.0,   +96.0
1700779560, +3.49, +28.476,  +132.7, +1033.0,  +167.0,  +104.0
1700780160, +3.49, +28.460,  +113.8, +1107.0,  +224.0,   -56.0
1700780760, +3.49, +28.468,   +76.8, +1075.0,  +192.0,   +44.0
1700781360, +3.48, +28.452,  +116.9, +1075.0,  +192.0,   +35.0
1700781960, +3.48, +28.468,  +104.0, +1078.0,  +195.0,   +38.0
1700782560, +3.48, +28.533,   +80.5, +1078.0,  +196.0,   +39.0
1700783160, +3.48, +28.582,   +65.4, +1078.0,  +195.0,   +38.0
1700783760, +3.48, +28.566,   +60.2, +1072.0,  +192.0,   +49.0
1700784360, +3.48, +28.517,   +55.4, +1078.0,  +193.0,   +35.0
1700784960, +3.48, +28.533,   +49.8, +1068.0,  +184.0,   +62.0
1700785560, +3.48, +28.582,   +38.5, +1064.0,  +184.0,   +64.0
1700786160, +3.48, +28.550,   +54.1, +1064.0,  +184.0,   +67.0
1700786760, +3.48, +28.517,   +91.7, +1057.0,  +180.0,   +76.0
1700787360, +3.48, +28.525,   +62.6, +1062.0,  +180.0,   +71.0
1700787960, +3.48, +28.533,   +88.8, +1062.0,  +182.0,   +72.0
1700788560, +3.48, +28.574,   +99.4, +1052.0,  +176.0,   +88.0
1700789160, +3.48, +28.607,  +105.8, +1048.0,  +176.0,   +88.0
1700789760, +3.48, +28.656,   +98.7, +1052.0,  +176.0,   +86.0
1700790360, +3.48, +28.664,   +91.6, +1057.0,  +180.0,   +76.0
1700790960, +3.48, +28.672,   +89.4, +1048.0,  +176.0,   +88.0
1700791560, +3.48, +28.681,   +76.3, +1039.0,  +172.0,   +96.0
1700792160, +3.48, +28.672,   +65.4, +1043.0,  +174.0,   +96.0
1700792760, +3.48, +28.632,   +62.7, +1027.0,  +163.0,  +108.0
1700793360, +3.48, +28.599,   +53.7, +1054.0,  +176.0,   +86.0
1700793960, +3.48, +28.615,   +51.6, +1087.0,  +200.0,   +16.0
1700794560, +3.48, +28.648,   +46.8, +1039.0,  +168.0,  +104.0
1700795160, +3.48, +28.615,   +38.7, +1116.0,  +225.0,   -90.0
1700795760, +3.48, +28.615,   +32.6, +1120.0,  +224.0,   -96.0
1700796360, +3.48, +28.623,   +27.5, +1025.0,  +161.0,  +108.0
1700796960, +3.48, +28.632,   +22.5, +1120.0,  +224.0,   -96.0
1700797560, +3.48, +28.640,   +19.4, +1096.0,  +208.0,   -16.0
1700798160, +3.48, +28.632,   +16.7, +1110.0,  +224.0,   -64.0
1700798760, +3.48, +28.632,   +13.9, +1070.0,  +185.0,   +64.0
1700799360, +3.48, +28.640,   +11.3, +1123.0,  +224.0,  -100.0
1700799960, +3.48, +28.640,    +9.0, +1123.0,  +206.0,   -80.0
1700800560, +3.48, +28.664,    +7.4, +1076.0,  +192.0,   +48.0
1700801160, +3.48, +28.672,    +5.4, +1064.0,  +184.0,   +64.0
1700801760, +3.48, +28.697,    +4.1, +1046.0,  +176.0,   +92.0
1700802360, +3.48, +28.713,    +2.7, +1088.0,  +199.0,   +16.0
1700802960, +3.48, +28.705,    +1.6, +1116.0,  +224.0,   -88.0
1700803560, +3.48, +28.689,    +0.4, +1104.0,  +216.0,   -45.0
1700804160, +3.48, +28.689,    +0.0, +1043.0,  +172.0,   +96.0
1700804760, +3.48, +28.705,    -0.3, +1027.0,  +166.0,  +110.0
1700805360, +3.48, +28.705,    -0.6, +1020.0,  +160.0,  +112.0
1700805960, +3.48, +28.705,    -0.4, +1120.0,  +200.0,   -72.0
1700806560, +3.48, +28.713,    -0.3, +1120.0,  +216.0,   -93.0
1700807160, +3.48, +28.607,    -0.4, +1027.0,  +166.0,  +108.0
1700807760, +3.48, +28.533,    -0.4, +1024.0,  +163.0,  +108.0
1700808360, +3.48, +28.525,    -0.4, +1040.0,  +169.0,  +102.0
1700808960, +3.48, +28.533,    -0.3, +1110.0,  +224.0,   -64.0
1700809560, +3.48, +28.542,    -0.4, +1068.0,  +184.0,   +67.0
1700810160, +3.48, +28.582,    -0.4, +1024.0,  +163.0,  +108.0
1700810760, +3.48, +28.607,    -0.5, +1046.0,  +172.0,   +96.0
1700811360, +3.48, +28.640,    -0.4, +1011.0,  +156.0,  +110.0
1700811960, +3.48, +28.672,    -0.4, +1020.0,  +163.0,  +112.0
1700812560, +3.48, +28.697,    -0.4, +1120.0,  +196.0,   -64.0
1700813160, +3.48, +28.705,    -0.4, +1014.0,  +160.0,  +112.0
1700813760, +3.48, +28.681,    -0.5, +1102.0,  +211.0,   -32.0
1700814360, +3.48, +28.632,    -0.4, +1052.0,  +176.0,   +88.0
1700814960, +3.49, +28.632,    -0.4, +1032.0,  +168.0,  +103.0
1700815560, +3.48, +28.640,    -0.4, +1107.0,  +224.0,   -64.0
1700816160, +3.49, +28.664,    -0.4, +1031.0,  +164.0,  +104.0
1700816760, +3.49, +28.672,    -0.3, +1014.0,  +160.0,  +112.0
1700817360, +3.49, +28.672,    -0.4, +1008.0,  +158.0,  +112.0
1700817960, +3.49, +28.656,    -0.4, +1072.0,  +192.0,   +51.0
1700818560, +3.49, +28.640,    -0.3, +1094.0,  +208.0,    -8.0
1700819160, +3.49, +28.623,    -0.4, +1123.0,  +224.0,  -100.0
1700819760, +3.49, +28.607,    -0.4, +1084.0,  +200.0,   +16.0
1700820360, +3.49, +28.599,    -0.4, +1040.0,  +168.0,  +102.0
1700820960, +3.49, +28.599,    -0.3, +1039.0,  +169.0,  +103.0
1700821560, +3.49, +28.599,    -0.4, +1118.0,  +209.0,   -84.0
1700822160, +3.49, +28.615,    -0.4, +1046.0,  +174.0,   +96.0
1700822760, +3.49, +28.591,    -0.4, +1118.0,  +192.0,   -62.0
1700823360, +3.49, +28.566,    -0.3, +1116.0,  +172.0,    -9.0
1700823960, +3.49, +28.533,    -0.4, +1008.0,  +159.0,  +108.0
1700824560, +3.49, +28.435,    -0.4, +1009.0,  +156.0,  +112.0
1700825160, +3.49, +28.468,    -0.4, +1008.0,  +158.0,  +112.0
1700825760, +3.49, +28.525,    -0.5, +1008.0,  +159.0,  +108.0
1700826360, +3.49, +28.525,    -0.4, +1011.0,  +158.0,  +112.0
1700826960, +3.49, +28.517,    -0.3, +1008.0,  +158.0,  +112.0
1700827560, +3.49, +28.542,    -0.4, +1008.0,  +159.0,  +110.0
1700828160, +3.49, +28.574,    -0.4, +1008.0,  +159.0,  +108.0
1700828760, +3.49, +28.591,    -0.4, +1120.0,  +206.0,   -80.0
1700829360, +3.49, +28.582,    -0.4, +1025.0,  +163.0,  +110.0
1700829960, +3.49, +28.599,    -0.4, +1120.0,  +195.0,   -68.0
1700830560, +3.49, +28.623,    -0.3, +1120.0,  +200.0,   -72.0
1700831160, +3.49, +28.632,    -0.4, +1118.0,  +208.0,   -80.0
1700831760, +3.49, +28.632,    -0.3, +1116.0,  +184.0,   -40.0
1700832360, +3.49, +28.632,    -0.4, +1091.0,  +200.0,    +8.0
1700832960, +3.49, +28.640,    -0.4, +1120.0,  +200.0,   -72.0
1700833560, +3.49, +28.648,    -0.3, +1120.0,  +208.0,   -80.0
1700834160, +3.49, +28.648,    -0.5, +1120.0,  +196.0,   -64.0
1700834760, +3.49, +28.656,    -0.4, +1120.0,  +220.0,   -92.0
1700835360, +3.49, +28.664,    -0.4, +1120.0,  +220.0,   -90.0
1700835960, +3.49, +28.656,    -0.3, +1110.0,  +224.0,   -56.0
1700836560, +3.49, +28.648,    -0.4, +1120.0,  +192.0,   -60.0
1700837160, +3.49, +28.640,    -0.4, +1120.0,  +208.0,   -80.0
1700837760, +3.49, +28.632,    -0.4, +1118.0,  +224.0,   -88.0
1700838360, +3.49, +28.623,    -0.3, +1112.0,  +164.0,   -25.0
1700838960, +3.49, +28.632,    -0.4, +1008.0,  +158.0,  +112.0
1700839560, +3.49, +28.623,    -0.5, +1120.0,  +204.0,   -79.0
1700840160, +3.49, +28.615,    -0.4, +1120.0,  +199.0,   -72.0
1700840760, +3.49, +28.632,    -0.3, +1120.0,  +216.0,   -90.0
1700841360, +3.49, +28.648,    -0.3, +1118.0,  +220.0,   -88.0
1700841960, +3.49, +28.640,    -0.3, +1118.0,  +192.0,   -62.0
1700842560, +3.49, +28.648,    -0.5, +1120.0,  +198.0,   -72.0
1700843160, +3.49, +28.632,    -0.5, +1009.0,  +158.0,  +112.0
1700843760, +3.49, +28.648,    -0.1, +1008.0,  +159.0,  +110.0
1700844360, +3.49, +28.623,    -0.0, +1008.0,  +158.0,  +112.0
1700844960, +3.49, +28.623,    +0.9, +1120.0,  +192.0,   -64.0
1700845560, +3.49, +28.632,    +2.1, +1120.0,  +216.0,   -88.0
1700846160, +3.49, +28.648,    +3.1, +1121.0,  +216.0,   -88.0
1700846760, +3.49, +28.648,    +3.9, +1120.0,  +192.0,   -64.0
1700847360, +3.49, +28.656,    +4.9, +1120.0,  +199.0,   -76.0
1700847960, +3.49, +28.656,    +6.4, +1120.0,  +208.0,   -80.0
1700848560, +3.49, +28.672,    +9.4, +1112.0,  +224.0,   -79.0
1700849160, +3.49, +28.681,   +11.1, +1118.0,  +220.0,   -90.0
1700849760, +3.49, +28.681,   +13.2, +1120.0,  +216.0,   -88.0
1700850360, +3.49, +28.681,   +15.1, +1116.0,  +188.0,   -64.0
1700850960, +3.49, +28.648,   +16.7, +1120.0,  +208.0,   -80.0
1700851560, +3.49, +28.648,   +19.2, +1120.0,  +200.0,   -76.0
1700852160, +3.49, +28.640,   +22.1, +1120.0,  +212.0,   -88.0
1700852760, +3.49, +28.648,   +24.5, +1118.0,  +224.0,   -88.0
1700853360, +3.49, +28.648,   +29.5, +1120.0,  +204.0,   -78.0
1700853960, +3.49, +28.648,   +30.4, +1120.0,  +216.0,   -88.0
1700854560, +3.49, +28.664,   +36.7, +1120.0,  +204.0,   -77.0
1700855160, +3.49, +28.664,   +32.6, +1118.0,  +192.0,   -64.0
1700855760, +3.49, +28.672,   +32.3, +1120.0,  +211.0,   -84.0
1700856360, +3.49, +28.681,   +48.0, +1120.0,  +216.0,   -90.0
1700856960, +3.49, +28.672,   +22.8, +1120.0,  +216.0,   -88.0
1700857560, +3.49, +28.672,   +48.1, +1120.0,  +220.0,   -90.0
1700858160, +3.49, +28.672,   +25.0, +1121.0,  +208.0,   -80.0
1700858760, +3.49, +28.656,   +56.5, +1116.0,  +176.0,   -23.0
1700859360, +3.49, +28.640,   +60.5, +1120.0,  +216.0,   -90.0
1700859960, +3.49, +28.623,   +29.8, +1120.0,  +204.0,   -74.0
1700860560, +3.49, +28.656,   +72.2, +1120.0,  +212.0,   -84.0
1700861160, +3.49, +28.664,   +27.4, +1120.0,  +200.0,   -72.0
1700861760, +3.49, +28.484,   +89.5, +1120.0,  +198.0,   -64.0
1700862360, +3.49, +28.394,  +100.5, +1009.0,  +158.0,  +112.0
1700862960, +3.49, +28.484,   +45.9, +1011.0,  +160.0,  +112.0
1700863560, +3.49, +28.484,   +42.4, +1022.0,  +163.0,  +110.0
1700864160, +3.49, +28.402,   +19.6, +1027.0,  +163.0,  +108.0
1700864760, +3.49, +28.427,   +18.5, +1112.0,  +176.0,   -15.0
1700865360, +3.49, +28.501,   +18.4, +1031.0,  +164.0,  +108.0
