7530-458116
OS REV: 1.08 Sensor Cal: 1657263600 Averages: 30
Time (sec),  Bat (Volts),   T (deg C),  PAR (umol/(s m^2))  Ax (mg), Ay (mg), Az (mg)
1693231020, +3.46, +28.148,    -0.4, +1048.0,  +224.0,   +12.0
1693231620, +3.46, +28.156,    -0.3, +1048.0,  +224.0,    +3.0
1693232220, +3.46, +28.173,    -0.4, +1103.0,  +240.0,  -105.0
1693232820, +3.46, +28.181,    -0.4, +1040.0,  +220.0,   +24.0
1693233420, +3.46, +28.189,    -0.3, +1059.0,  +232.0,   -26.0
1693234020, +3.46, +28.181,    -0.3, +1054.0,  +228.0,    -8.0
1693234620, +3.47, +28.181,    -0.4, +1036.0,  +214.0,   +40.0
1693235220, +3.47, +28.173,    -0.3, +1008.0,  +199.0,   +70.0
1693235820, +3.47, +28.173,    -0.3, +1009.0,  +200.0,   +68.0
1693236420, +3.47, +28.165,    -0.4, +1016.0,  +204.0,   +64.0
1693237020, +3.47, +28.173,    -0.3, +1024.0,  +207.0,   +56.0
1693237620, +3.47, +28.181,    -0.4, +1016.0,  +204.0,   +60.0
1693238220, +3.47, +28.181,    -0.4,  +999.0,  +192.0,   +72.0
1693238820, +3.47, +28.181,    -0.3, +1017.0,  +206.0,   +60.0
1693239420, +3.47, +28.189,    -0.4, +1020.0,  +206.0,   +60.0
1693240020, +3.47, +28.181,    -0.4, +1017.0,  +204.0,   +62.0
1693240620, +3.47, +28.173,    -0.4, +1008.0,  +196.0,   +70.0
1693241220, +3.48, +28.173,    -0.3, +1024.0,  +207.0,   +52.0
1693241820, +3.48, +28.165,    -0.3, +1020.0,  +206.0,   +56.0
1693242420, +3.48, +28.173,    -0.3, +1020.0,  +204.0,   +56.0
1693243020, +3.48, +28.173,    -0.4, +1016.0,  +204.0,   +60.0
