7530-458116
OS REV: 1.08 Sensor Cal: 1657263600 Averages: 30
Time (sec),  Bat (Volts),   T (deg C),  PAR (umol/(s m^2))  Ax (mg), Ay (mg), Az (mg)
1700169900, +3.49, +28.983,  +112.0, +1116.0,  +224.0,   -90.0
1700170500, +3.48, +28.983,  +135.3, +1113.0,  +224.0,   -88.0
1700171100, +3.48, +28.975,   +67.2, +1112.0,  +224.0,   -80.0
1700171700, +3.48, +28.991,  +152.0, +1115.0,  +224.0,   -84.0
1700172300, +3.48, +28.983,  +166.7, +1116.0,  +224.0,   -90.0
1700172900, +3.48, +28.975,  +161.4, +1120.0,  +216.0,   -96.0
1700173500, +3.48, +28.966,  +165.1, +1112.0,  +224.0,   -88.0
1700174100, +3.48, +28.966,  +172.3, +1116.0,  +220.0,   -94.0
1700174700, +3.48, +28.966,  +174.9, +1120.0,  +206.0,   -80.0
1700175300, +3.49, +28.983,  +177.7, +1111.0,  +220.0,   -64.0
1700175900, +3.49, +28.991,  +179.7, +1116.0,  +224.0,   -82.0
1700176500, +3.49, +28.999,  +182.7, +1112.0,  +224.0,   -77.0
1700177100, +3.49, +29.007,  +180.0, +1112.0,  +224.0,   -80.0
1700177700, +3.49, +28.983,  +182.2, +1120.0,  +220.0,   -96.0
1700178300, +3.49, +28.811,  +106.2, +1115.0,  +224.0,   -88.0
1700178900, +3.49, +28.705,  +178.9, +1120.0,  +198.0,   -64.0
1700179500, +3.49, +28.672,  +163.5, +1120.0,  +212.0,   -88.0
1700180100, +3.49, +28.664,  +163.7, +1116.0,  +224.0,   -88.0
1700180700, +3.49, +28.681,  +158.9, +1120.0,  +216.0,   -90.0
1700181300, +3.49, +28.656,  +160.9, +1120.0,  +216.0,   -94.0
1700181900, +3.49, +28.672,   +29.8, +1120.0,  +220.0,   -96.0
1700182500, +3.49, +28.656,  +144.2, +1112.0,  +224.0,   -84.0
1700183100, +3.49, +28.656,  +137.8, +1116.0,  +224.0,   -90.0
1700183700, +3.49, +28.648,  +135.0, +1121.0,  +216.0,   -88.0
1700184300, +3.49, +28.664,  +127.2, +1120.0,  +216.0,   -90.0
1700184900, +3.49, +28.664,  +122.7, +1120.0,  +208.0,   -84.0
1700185500, +3.49, +28.721,  +117.2, +1120.0,  +200.0,   -77.0
1700186100, +3.49, +28.754,  +106.9, +1120.0,  +216.0,   -90.0
1700186700, +3.49, +28.607,   +69.2, +1116.0,  +176.0,   -25.0
1700187300, +3.49, +28.443,   +84.5, +1015.0,  +159.0,  +108.0
1700187900, +3.49, +28.443,   +77.2, +1012.0,  +158.0,  +110.0
1700188500, +3.49, +28.435,   +73.3, +1024.0,  +161.0,  +108.0
1700189100, +3.49, +28.370,   +68.3, +1011.0,  +156.0,  +112.0
1700189700, +3.49, +28.378,   +72.2, +1024.0,  +163.0,  +110.0
1700190300, +3.49, +28.402,   +52.9, +1028.0,  +163.0,  +105.0
1700190900, +3.49, +28.460,   +26.3, +1046.0,  +174.0,   +92.0
1700191500, +3.49, +28.501,   +19.2, +1008.0,  +158.0,  +108.0
1700192100, +3.49, +28.517,   +19.1, +1014.0,  +159.0,  +112.0
1700192700, +3.49, +28.558,   +16.7, +1036.0,  +167.0,  +102.0
1700193300, +3.49, +28.550,   +13.3, +1031.0,  +164.0,  +104.0
1700193900, +3.49, +28.525,   +15.6, +1016.0,  +160.0,  +110.0
1700194500, +3.49, +28.542,   +22.3, +1027.0,  +163.0,  +108.0
1700195100, +3.49, +28.582,    +9.6, +1036.0,  +168.0,  +103.0
1700195700, +3.49, +28.615,   +12.3, +1118.0,  +204.0,   -80.0
1700196300, +3.49, +28.623,    +8.8, +1116.0,  +225.0,   -90.0
1700196900, +3.49, +28.623,    +4.1, +1123.0,  +224.0,  -108.0
1700197500, +3.49, +28.623,    +2.4, +1103.0,  +220.0,   -48.0
1700198100, +3.49, +28.607,    +1.7, +1020.0,  +160.0,  +108.0
1700198700, +3.49, +28.615,    +0.6, +1011.0,  +156.0,  +108.0
1700199300, +3.49, +28.623,    -0.2, +1110.0,  +220.0,   -64.0
1700199900, +3.49, +28.632,    -0.3, +1118.0,  +224.0,   -93.0
1700200500, +3.49, +28.607,    -0.3, +1097.0,  +208.0,   -24.0
1700201100, +3.49, +28.607,    -0.3, +1052.0,  +176.0,   +88.0
1700201700, +3.49, +28.591,    -0.5, +1056.0,  +176.0,   +80.0
1700202300, +3.49, +28.591,    -0.4, +1120.0,  +224.0,   -94.0
1700202900, +3.49, +28.607,    -0.4, +1049.0,  +176.0,   +88.0
1700203500, +3.49, +28.607,    -0.4, +1116.0,  +224.0,   -92.0
