7530-458116
OS REV: 1.08 Sensor Cal: 1657263600 Averages: 30
Time (sec),  Bat (Volts),   T (deg C),  PAR (umol/(s m^2))  Ax (mg), Ay (mg), Az (mg)
1698994200, +3.46, +28.411,    -0.4, +1110.0,  +224.0,   -64.0
1698994800, +3.46, +28.411,    -0.4, +1071.0,  +184.0,   +48.0
1698995400, +3.46, +28.402,    -0.3, +1041.0,  +172.0,   +96.0
1698996000, +3.46, +28.402,    -0.4, +1025.0,  +163.0,  +103.0
1698996600, +3.46, +28.411,    -0.5, +1072.0,  +188.0,   +51.0
1698997200, +3.47, +28.419,    -0.5, +1120.0,  +198.0,   -74.0
1698997800, +3.47, +28.411,    -0.4, +1008.0,  +159.0,  +104.0
1698998400, +3.47, +28.419,    -0.4, +1027.0,  +166.0,  +103.0
1698999000, +3.47, +28.419,    -0.4, +1120.0,  +184.0,   -53.0
1698999600, +3.47, +28.427,    -0.3, +1120.0,  +199.0,   -80.0
1699000200, +3.47, +28.419,    -0.4, +1080.0,  +195.0,   +30.0
1699000800, +3.47, +28.419,    -0.3, +1112.0,  +224.0,   -84.0
1699001400, +3.47, +28.419,    -0.5, +1112.0,  +224.0,   -80.0
1699002000, +3.47, +28.427,    -0.3, +1100.0,  +214.0,   -32.0
1699002600, +3.47, +28.427,    -0.3, +1056.0,  +179.0,   +76.0
1699003200, +3.47, +28.427,    -0.4, +1059.0,  +177.0,   +76.0
1699003800, +3.47, +28.427,    -0.3, +1103.0,  +216.0,   -44.0
1699004400, +3.47, +28.427,    -0.4, +1056.0,  +178.0,   +76.0
1699005000, +3.47, +28.427,    -0.3, +1064.0,  +184.0,   +64.0
1699005600, +3.47, +28.427,    -0.4, +1072.0,  +188.0,   +56.0
1699006200, +3.47, +28.435,    -0.4, +1075.0,  +192.0,   +40.0
1699006800, +3.47, +28.435,    -0.3, +1062.0,  +182.0,   +72.0
1699007400, +3.47, +28.427,    -0.4, +1048.0,  +176.0,   +88.0
1699008000, +3.47, +28.435,    -0.4, +1118.0,  +228.0,   -96.0
1699008600, +3.47, +28.427,    -0.3, +1096.0,  +211.0,   -24.0
1699009200, +3.47, +28.419,    -0.3, +1112.0,  +224.0,   -77.0
1699009800, +3.47, +28.427,    -0.3, +1116.0,  +226.0,   -92.0
1699010400, +3.47, +28.427,    -0.5, +1116.0,  +224.0,   -96.0
1699011000, +3.47, +28.419,    -0.4, +1032.0,  +168.0,   +99.0
1699011600, +3.47, +28.419,    -0.4, +1043.0,  +172.0,   +92.0
1699012200, +3.48, +28.427,    -0.4, +1008.0,  +156.0,  +104.0
1699012800, +3.48, +28.411,    -0.4, +1056.0,  +179.0,   +76.0
1699013400, +3.48, +28.411,    -0.4, +1052.0,  +176.0,   +83.0
1699014000, +3.48, +28.411,    -0.4, +1120.0,  +200.0,   -80.0
1699014600, +3.48, +28.411,    -0.3, +1030.0,  +166.0,  +102.0
1699015200, +3.48, +28.419,    -0.4, +1017.0,  +161.0,  +104.0
1699015800, +3.48, +28.419,    -0.4, +1032.0,  +168.0,   +99.0
1699016400, +3.48, +28.411,    -0.3, +1025.0,  +164.0,  +103.0
1699017000, +3.48, +28.402,    -0.3, +1120.0,  +208.0,   -88.0
1699017600, +3.48, +28.411,    -0.3, +1038.0,  +169.0,   +96.0
1699018200, +3.48, +28.394,    -0.4, +1096.0,  +208.0,   -16.0
1699018800, +3.48, +28.394,    -0.4, +1120.0,  +192.0,   -64.0
1699019400, +3.48, +28.386,    -0.4, +1120.0,  +224.0,  -100.0
1699020000, +3.48, +28.394,    -0.2, +1112.0,  +224.0,   -80.0
1699020600, +3.48, +28.386,    -0.3, +1104.0,  +220.0,   -58.0
1699021200, +3.48, +28.378,    -0.4, +1116.0,  +224.0,   -88.0
1699021800, +3.48, +28.386,    -0.4, +1116.0,  +224.0,   -88.0
1699022400, +3.48, +28.386,    -0.4, +1100.0,  +216.0,   -40.0
1699023000, +3.48, +28.386,    -0.5, +1120.0,  +220.0,   -96.0
1699023600, +3.48, +28.370,    -0.4, +1118.0,  +224.0,   -96.0
1699024200, +3.48, +28.370,    -0.5, +1102.0,  +220.0,   -50.0
1699024800, +3.48, +28.370,    -0.4, +1040.0,  +176.0,   +96.0
1699025400, +3.48, +28.378,    -0.5, +1112.0,  +224.0,   -80.0
1699026000, +3.48, +28.378,    -0.4, +1112.0,  +224.0,   -80.0
1699026600, +3.48, +28.378,    -0.3, +1073.0,  +192.0,   +44.0
