Chamber	Time	Logtime_min	OxyPercent_airsat	Phase	Amp	TempC	per_air-sat	per_oxygen	pO2_hPa	pO2_Torr	cO2_mg_L	cO2_umol_L	Salinity	chlorinity	SalCorcO2_mg_L	SalCorcO2_umol_L
7	9:59:35	0.00	92.560	27.100	15224.000	29.000	92.969808	19.4771748	189.481778	142.123414	7.13805502	223.064219	36	19.8171745	5.75203340	179.751044
7	9:59:35	0.01	91.470	27.230	15205.000	29.000	91.829428	19.2382652	187.157570	140.380110	7.05049871	220.328085	36	19.8171745	5.68147822	177.546194
7	9:59:49	0.23	92.700	27.080	15223.000	29.000	93.146802	19.5142549	189.842509	142.393985	7.15164427	223.488883	36	19.8171745	5.76298398	180.093249
7	10:00:04	0.50	92.110	27.150	15262.000	29.000	92.529140	19.3848549	188.583653	141.449763	7.10422134	222.006917	36	19.8171745	5.72476934	178.899042
7	10:00:19	0.74	90.390	27.350	15223.000	29.000	90.792064	19.0209375	185.043319	138.794287	6.97085178	217.839118	36	19.8171745	5.61729661	175.540519
7	10:00:34	0.98	92.490	27.110	15203.000	29.000	92.881467	19.4586674	189.301731	141.988367	7.13127237	222.852261	36	19.8171745	5.74656777	179.580243
7	10:00:49	1.23	92.560	27.100	15248.000	29.000	92.969808	19.4771748	189.481778	142.123414	7.13805502	223.064219	36	19.8171745	5.75203340	179.751044
7	10:01:04	1.48	91.610	27.210	15185.000	29.000	92.003742	19.2747839	187.512838	140.646584	7.06388219	220.746318	36	19.8171745	5.69226298	177.883218
7	10:01:19	1.73	91.570	27.210	15195.000	29.000	92.003742	19.2747839	187.512838	140.646584	7.06388219	220.746318	36	19.8171745	5.69226298	177.883218
7	10:01:34	1.98	91.830	27.180	15202.000	29.000	92.265979	19.3297226	188.047304	141.047467	7.08401629	221.375509	36	19.8171745	5.70848757	178.390236
7	10:01:50	2.25	91.740	27.190	15196.000	29.000	92.178464	19.3113882	187.868940	140.913683	7.07729705	221.165533	36	19.8171745	5.70307303	178.221032
7	10:02:04	2.49	91.410	27.230	15225.000	29.000	91.829428	19.2382652	187.157570	140.380110	7.05049871	220.328085	36	19.8171745	5.68147822	177.546194
7	10:02:20	2.75	91.330	27.240	15202.000	29.000	91.742425	19.2200379	186.980248	140.247107	7.04381872	220.119335	36	19.8171745	5.67609530	177.377978
7	10:02:34	2.98	91.930	27.170	15218.000	29.000	92.353597	19.3480785	188.225877	141.181408	7.09074341	221.585731	36	19.8171745	5.71390846	178.559639
7	10:02:49	3.23	90.950	27.290	15222.000	29.000	91.308929	19.1292206	186.096740	139.584420	7.01053570	219.079240	36	19.8171745	5.64927496	176.539843
7	10:03:04	3.48	91.200	27.260	15175.000	29.000	91.568722	19.1836473	186.626225	139.981567	7.03048216	219.702567	36	19.8171745	5.66534835	177.042136
7	10:03:19	3.73	91.970	27.170	15202.000	29.000	92.353597	19.3480785	188.225877	141.181408	7.09074341	221.585731	36	19.8171745	5.71390846	178.559639
7	10:03:35	4.00	91.320	27.240	15227.000	29.000	91.742425	19.2200379	186.980248	140.247107	7.04381872	220.119335	36	19.8171745	5.67609530	177.377978
7	10:03:49	4.23	92.250	27.140	15210.000	29.000	92.617067	19.4032755	188.762856	141.584177	7.11097219	222.217881	36	19.8171745	5.73020935	179.069042
7	10:04:03	4.48	91.190	27.260	15235.000	29.000	91.568722	19.1836473	186.626225	139.981567	7.03048216	219.702567	36	19.8171745	5.66534835	177.042136
7	10:04:19	4.73	90.780	27.310	15228.000	29.000	91.136238	19.0930420	185.744780	139.320427	6.99727684	218.664901	36	19.8171745	5.63859063	176.205957
7	10:04:34	4.98	90.830	27.300	15159.000	29.000	91.222533	19.1111207	185.920657	139.452346	7.00390240	218.871950	36	19.8171745	5.64392968	176.372802
7	10:04:48	5.23	91.720	27.200	15164.000	29.000	92.091052	19.2930753	187.690785	140.780055	7.07058569	220.955803	36	19.8171745	5.69766484	178.052026
7	10:05:03	5.48	92.450	27.110	15198.000	29.000	92.881467	19.4586674	189.301731	141.988367	7.13127237	222.852261	36	19.8171745	5.74656777	179.580243
7	10:05:18	5.73	91.300	27.250	15229.000	29.000	91.655523	19.2018320	186.803133	140.114259	7.03714654	219.910829	36	19.8171745	5.67071868	177.209959
7	10:05:34	5.98	91.010	27.280	15199.000	29.000	91.395425	19.1473416	186.273029	139.716647	7.01717675	219.286773	36	19.8171745	5.65462650	176.707078
7	10:05:48	6.23	90.290	27.360	15189.000	29.000	90.706272	19.0029639	184.868464	138.663134	6.96426475	217.633273	36	19.8171745	5.61198861	175.374644
7	10:06:04	6.49	91.770	27.190	15179.000	29.000	92.178464	19.3113882	187.868940	140.913683	7.07729705	221.165533	36	19.8171745	5.70307303	178.221032
7	10:06:18	6.73	91.330	27.240	15166.000	29.000	91.742425	19.2200379	186.980248	140.247107	7.04381872	220.119335	36	19.8171745	5.67609530	177.377978
7	10:06:34	6.98	91.060	27.270	15180.000	29.000	91.482023	19.1654838	186.449523	139.849030	7.02382556	219.494549	36	19.8171745	5.65998429	176.874509
7	10:06:49	7.23	92.330	27.130	15230.000	29.000	92.705097	19.4217178	188.942270	141.718749	7.11773097	222.429093	36	19.8171745	5.73565575	179.239242
7	10:07:05	7.50	92.460	27.110	15196.000	29.000	92.881467	19.4586674	189.301731	141.988367	7.13127237	222.852261	36	19.8171745	5.74656777	179.580243
7	10:07:19	7.73	90.960	27.280	15202.000	29.000	91.395425	19.1473416	186.273029	139.716647	7.01717675	219.286773	36	19.8171745	5.65462650	176.707078
7	10:07:34	7.99	91.440	27.230	15188.000	29.000	91.829428	19.2382652	187.157570	140.380110	7.05049871	220.328085	36	19.8171745	5.68147822	177.546194
7	10:07:49	8.23	92.030	27.160	15177.000	29.000	92.441317	19.3664559	188.404660	141.315507	7.09747842	221.796201	36	19.8171745	5.71933571	178.729241
7	10:08:03	8.48	91.590	27.210	15226.000	29.000	92.003742	19.2747839	187.512838	140.646584	7.06388219	220.746318	36	19.8171745	5.69226298	177.883218
7	10:08:18	8.73	92.550	27.100	15221.000	29.000	92.969808	19.4771748	189.481778	142.123414	7.13805502	223.064219	36	19.8171745	5.75203340	179.751044
7	10:08:33	8.98	92.730	27.080	15217.000	29.000	93.146802	19.5142549	189.842509	142.393985	7.15164427	223.488883	36	19.8171745	5.76298398	180.093249
7	10:08:49	9.23	91.970	27.170	15186.000	29.000	92.353597	19.3480785	188.225877	141.181408	7.09074341	221.585731	36	19.8171745	5.71390846	178.559639
7	10:09:03	9.48	91.310	27.240	15178.000	29.000	91.742425	19.2200379	186.980248	140.247107	7.04381872	220.119335	36	19.8171745	5.67609530	177.377978
7	10:09:19	9.73	91.250	27.250	15206.000	29.000	91.655523	19.2018320	186.803133	140.114259	7.03714654	219.910829	36	19.8171745	5.67071868	177.209959
7	10:09:33	9.98	90.880	27.290	15250.000	29.000	91.308929	19.1292206	186.096740	139.584420	7.01053570	219.079240	36	19.8171745	5.64927496	176.539843
7	10:09:49	10.23	92.460	27.110	15240.000	29.000	92.881467	19.4586674	189.301731	141.988367	7.13127237	222.852261	36	19.8171745	5.74656777	179.580243
7	10:10:04	10.48	90.820	27.300	15215.000	29.000	91.222533	19.1111207	185.920657	139.452346	7.00390240	218.871950	36	19.8171745	5.64392968	176.372802
7	10:10:19	10.73	92.820	27.070	15186.000	29.000	93.235455	19.5328278	190.023193	142.529510	7.15845090	223.701591	36	19.8171745	5.76846895	180.264655
7	10:10:33	10.98	92.020	27.160	15215.000	29.000	92.441317	19.3664559	188.404660	141.315507	7.09747842	221.796201	36	19.8171745	5.71933571	178.729241
7	10:10:49	11.23	91.450	27.230	15191.000	29.000	91.829428	19.2382652	187.157570	140.380110	7.05049871	220.328085	36	19.8171745	5.68147822	177.546194
7	10:11:03	11.48	91.430	27.230	15215.000	29.000	91.829428	19.2382652	187.157570	140.380110	7.05049871	220.328085	36	19.8171745	5.68147822	177.546194
7	10:11:19	11.75	91.720	27.200	15160.000	29.000	92.091052	19.2930753	187.690785	140.780055	7.07058569	220.955803	36	19.8171745	5.69766484	178.052026
7	10:11:34	11.98	91.640	27.210	15210.000	29.000	92.003742	19.2747839	187.512838	140.646584	7.06388219	220.746318	36	19.8171745	5.69226298	177.883218
7	10:11:49	12.23	92.710	27.080	15225.000	29.000	93.146802	19.5142549	189.842509	142.393985	7.15164427	223.488883	36	19.8171745	5.76298398	180.093249
7	10:12:04	12.48	91.040	27.280	15229.000	29.000	91.395425	19.1473416	186.273029	139.716647	7.01717675	219.286773	36	19.8171745	5.65462650	176.707078
7	10:12:19	12.73	92.660	27.090	15183.000	29.000	93.058253	19.4957040	189.662037	142.258620	7.14484565	223.276426	36	19.8171745	5.75750547	179.922046
7	10:12:34	12.98	92.300	27.130	15169.000	29.000	92.705097	19.4217178	188.942270	141.718749	7.11773097	222.429093	36	19.8171745	5.73565575	179.239242
7	10:12:50	13.25	90.470	27.340	15210.000	29.000	90.877958	19.0389321	185.218377	138.925592	6.97744649	218.045203	36	19.8171745	5.62261081	175.706588
7	10:13:05	13.50	92.020	27.160	15201.000	29.000	92.441317	19.3664559	188.404660	141.315507	7.09747842	221.796201	36	19.8171745	5.71933571	178.729241
7	10:13:19	13.73	90.310	27.360	15205.000	29.000	90.706272	19.0029639	184.868464	138.663134	6.96426475	217.633273	36	19.8171745	5.61198861	175.374644
7	10:13:34	13.98	90.870	27.300	15170.000	29.000	91.222533	19.1111207	185.920657	139.452346	7.00390240	218.871950	36	19.8171745	5.64392968	176.372802
7	10:13:49	14.23	91.510	27.220	15201.000	29.000	91.916534	19.2565139	187.335100	140.513269	7.05718653	220.537079	36	19.8171745	5.68686744	177.714608
7	10:14:04	14.49	90.640	27.320	15223.000	29.000	91.050044	19.0749843	185.569107	139.188662	6.99065901	218.458094	36	19.8171745	5.63325780	176.039306
7	10:14:20	14.75	90.240	27.370	15190.000	29.000	90.620578	18.9850112	184.693813	138.532135	6.95768539	217.427668	36	19.8171745	5.60668679	175.208962
7	10:14:34	14.98	92.590	27.100	15206.000	29.000	92.969808	19.4771748	189.481778	142.123414	7.13805502	223.064219	36	19.8171745	5.75203340	179.751044
7	10:14:48	15.23	90.540	27.330	15177.000	29.000	90.963951	19.0569477	185.393640	139.057050	6.98404890	218.251528	36	19.8171745	5.62793120	175.872850
7	10:15:04	15.48	92.570	27.100	15210.000	29.000	92.969808	19.4771748	189.481778	142.123414	7.13805502	223.064219	36	19.8171745	5.75203340	179.751044
7	10:15:19	15.73	90.610	27.330	15164.000	29.000	90.963951	19.0569477	185.393640	139.057050	6.98404890	218.251528	36	19.8171745	5.62793120	175.872850
7	10:15:34	15.99	91.570	27.210	15162.000	29.000	92.003742	19.2747839	187.512838	140.646584	7.06388219	220.746318	36	19.8171745	5.69226298	177.883218
7	10:15:48	16.23	91.110	27.270	15166.000	29.000	91.482023	19.1654838	186.449523	139.849030	7.02382556	219.494549	36	19.8171745	5.65998429	176.874509
7	10:16:03	16.48	92.170	27.150	15226.000	29.000	92.529140	19.3848549	188.583653	141.449763	7.10422134	222.006917	36	19.8171745	5.72476934	178.899042
7	10:16:18	16.73	91.860	27.180	15191.000	29.000	92.265979	19.3297226	188.047304	141.047467	7.08401629	221.375509	36	19.8171745	5.70848757	178.390236
7	10:16:34	16.98	91.220	27.250	15187.000	29.000	91.655523	19.2018320	186.803133	140.114259	7.03714654	219.910829	36	19.8171745	5.67071868	177.209959
7	10:16:49	17.23	92.240	27.140	15220.000	29.000	92.617067	19.4032755	188.762856	141.584177	7.11097219	222.217881	36	19.8171745	5.73020935	179.069042
7	10:17:04	17.48	91.270	27.250	15176.000	29.000	91.655523	19.2018320	186.803133	140.114259	7.03714654	219.910829	36	19.8171745	5.67071868	177.209959
7	10:17:18	17.73	93.230	27.020	15162.000	29.000	93.680290	19.6260208	190.929812	143.209532	7.19260457	224.768893	36	19.8171745	5.79599088	181.124715
7	10:17:33	17.98	91.350	27.240	15181.000	29.000	91.742425	19.2200379	186.980248	140.247107	7.04381872	220.119335	36	19.8171745	5.67609530	177.377978
7	10:17:48	18.23	92.610	27.100	15184.000	29.000	92.969808	19.4771748	189.481778	142.123414	7.13805502	223.064219	36	19.8171745	5.75203340	179.751044
7	10:18:04	18.48	90.610	27.330	15181.000	29.000	90.963951	19.0569477	185.393640	139.057050	6.98404890	218.251528	36	19.8171745	5.62793120	175.872850
7	10:18:19	18.73	92.490	27.110	15193.000	29.000	92.881467	19.4586674	189.301731	141.988367	7.13127237	222.852261	36	19.8171745	5.74656777	179.580243
7	10:18:35	19.00	93.470	27.000	15207.000	29.000	93.858960	19.6634521	191.293959	143.482665	7.20632251	225.197579	36	19.8171745	5.80704516	181.470161
7	10:18:48	19.23	91.860	27.180	15199.000	29.000	92.265979	19.3297226	188.047304	141.047467	7.08401629	221.375509	36	19.8171745	5.70848757	178.390236
7	10:19:03	19.48	92.230	27.140	15322.000	29.000	92.617067	19.4032755	188.762856	141.584177	7.11097219	222.217881	36	19.8171745	5.73020935	179.069042
7	10:19:19	19.74	92.820	27.070	15343.000	29.000	93.235455	19.5328278	190.023193	142.529510	7.15845090	223.701591	36	19.8171745	5.76846895	180.264655
7	10:19:33	19.98	91.970	27.170	15389.000	29.000	92.353597	19.3480785	188.225877	141.181408	7.09074341	221.585731	36	19.8171745	5.71390846	178.559639
7	10:19:48	20.23	92.290	27.130	15243.000	29.000	92.705097	19.4217178	188.942270	141.718749	7.11773097	222.429093	36	19.8171745	5.73565575	179.239242
7	10:20:05	20.50	92.410	27.120	15258.000	29.000	92.793230	19.4401817	189.121895	141.853479	7.12449769	222.640553	36	19.8171745	5.74110855	179.409642
7	10:20:20	20.75	91.910	27.180	15244.000	29.000	92.265979	19.3297226	188.047304	141.047467	7.08401629	221.375509	36	19.8171745	5.70848757	178.390236
7	10:20:34	20.98	91.240	27.250	15234.000	29.000	91.655523	19.2018320	186.803133	140.114259	7.03714654	219.910829	36	19.8171745	5.67071868	177.209959
7	10:20:49	21.23	92.750	27.080	15231.000	29.000	93.146802	19.5142549	189.842509	142.393985	7.15164427	223.488883	36	19.8171745	5.76298398	180.093249
7	10:21:05	21.50	91.210	27.260	15256.000	29.000	91.568722	19.1836473	186.626225	139.981567	7.03048216	219.702567	36	19.8171745	5.66534835	177.042136
7	10:21:19	21.73	91.710	27.200	15250.000	29.000	92.091052	19.2930753	187.690785	140.780055	7.07058569	220.955803	36	19.8171745	5.69766484	178.052026
7	10:21:34	21.98	91.930	27.170	15256.000	29.000	92.353597	19.3480785	188.225877	141.181408	7.09074341	221.585731	36	19.8171745	5.71390846	178.559639
7	10:21:50	22.25	91.930	27.170	15251.000	29.000	92.353597	19.3480785	188.225877	141.181408	7.09074341	221.585731	36	19.8171745	5.71390846	178.559639
7	10:22:04	22.48	91.790	27.190	15262.000	29.000	92.178464	19.3113882	187.868940	140.913683	7.07729705	221.165533	36	19.8171745	5.70307303	178.221032
7	10:22:20	22.75	92.040	27.160	15261.000	29.000	92.441317	19.3664559	188.404660	141.315507	7.09747842	221.796201	36	19.8171745	5.71933571	178.729241
7	10:22:34	22.98	91.700	27.200	15240.000	29.000	92.091052	19.2930753	187.690785	140.780055	7.07058569	220.955803	36	19.8171745	5.69766484	178.052026
7	10:22:49	23.23	91.880	27.180	15218.000	29.000	92.265979	19.3297226	188.047304	141.047467	7.08401629	221.375509	36	19.8171745	5.70848757	178.390236
7	10:23:05	23.50	91.900	27.180	15248.000	29.000	92.265979	19.3297226	188.047304	141.047467	7.08401629	221.375509	36	19.8171745	5.70848757	178.390236
7	10:23:19	23.73	92.750	27.080	15220.000	29.000	93.146802	19.5142549	189.842509	142.393985	7.15164427	223.488883	36	19.8171745	5.76298398	180.093249
7	10:23:35	24.00	92.100	27.150	15254.000	29.000	92.529140	19.3848549	188.583653	141.449763	7.10422134	222.006917	36	19.8171745	5.72476934	178.899042
7	10:23:50	24.25	90.790	27.300	15266.000	29.000	91.222533	19.1111207	185.920657	139.452346	7.00390240	218.871950	36	19.8171745	5.64392968	176.372802
7	10:24:05	24.50	92.910	27.060	15289.000	29.000	93.324212	19.5514225	190.204090	142.665194	7.16526555	223.914548	36	19.8171745	5.77396037	180.436262
7	10:24:19	24.73	91.890	27.180	15255.000	29.000	92.265979	19.3297226	188.047304	141.047467	7.08401629	221.375509	36	19.8171745	5.70848757	178.390236
7	10:24:35	25.00	91.830	27.180	15248.000	29.000	92.265979	19.3297226	188.047304	141.047467	7.08401629	221.375509	36	19.8171745	5.70848757	178.390236
7	10:24:49	25.23	92.130	27.150	15226.000	29.000	92.529140	19.3848549	188.583653	141.449763	7.10422134	222.006917	36	19.8171745	5.72476934	178.899042
7	10:25:04	25.48	92.120	27.150	15245.000	29.000	92.529140	19.3848549	188.583653	141.449763	7.10422134	222.006917	36	19.8171745	5.72476934	178.899042
7	10:25:20	25.75	91.770	27.190	15256.000	29.000	92.178464	19.3113882	187.868940	140.913683	7.07729705	221.165533	36	19.8171745	5.70307303	178.221032
7	10:25:34	25.98	92.250	27.140	15243.000	29.000	92.617067	19.4032755	188.762856	141.584177	7.11097219	222.217881	36	19.8171745	5.73020935	179.069042
7	10:25:49	26.23	92.290	27.130	15258.000	29.000	92.705097	19.4217178	188.942270	141.718749	7.11773097	222.429093	36	19.8171745	5.73565575	179.239242
7	10:26:05	26.50	92.120	27.150	15227.000	29.000	92.529140	19.3848549	188.583653	141.449763	7.10422134	222.006917	36	19.8171745	5.72476934	178.899042
7	10:26:20	26.75	92.090	27.150	15260.000	29.000	92.529140	19.3848549	188.583653	141.449763	7.10422134	222.006917	36	19.8171745	5.72476934	178.899042
7	10:26:34	26.98	91.530	27.220	15238.000	29.000	91.916534	19.2565139	187.335100	140.513269	7.05718653	220.537079	36	19.8171745	5.68686744	177.714608
7	10:26:49	27.23	91.140	27.260	15252.000	29.000	91.568722	19.1836473	186.626225	139.981567	7.03048216	219.702567	36	19.8171745	5.66534835	177.042136
7	10:27:04	27.48	91.670	27.200	15232.000	29.000	92.091052	19.2930753	187.690785	140.780055	7.07058569	220.955803	36	19.8171745	5.69766484	178.052026
7	10:27:19	27.73	90.920	27.290	15246.000	29.000	91.308929	19.1292206	186.096740	139.584420	7.01053570	219.079240	36	19.8171745	5.64927496	176.539843
7	10:27:34	27.98	91.840	27.180	15268.000	29.000	92.265979	19.3297226	188.047304	141.047467	7.08401629	221.375509	36	19.8171745	5.70848757	178.390236
7	10:27:49	28.23	91.690	27.200	15269.000	29.000	92.091052	19.2930753	187.690785	140.780055	7.07058569	220.955803	36	19.8171745	5.69766484	178.052026
7	10:28:05	28.50	92.960	27.060	15253.000	29.000	93.324212	19.5514225	190.204090	142.665194	7.16526555	223.914548	36	19.8171745	5.77396037	180.436262
7	10:28:19	28.73	92.220	27.140	15251.000	29.000	92.617067	19.4032755	188.762856	141.584177	7.11097219	222.217881	36	19.8171745	5.73020935	179.069042
7	10:28:34	28.98	92.190	27.140	15238.000	29.000	92.617067	19.4032755	188.762856	141.584177	7.11097219	222.217881	36	19.8171745	5.73020935	179.069042
7	10:28:49	29.23	92.610	27.100	15235.000	29.000	92.969808	19.4771748	189.481778	142.123414	7.13805502	223.064219	36	19.8171745	5.75203340	179.751044
7	10:29:05	29.50	93.000	27.050	15246.000	29.000	93.413075	19.5700391	190.385200	142.801038	7.17208823	224.127757	36	19.8171745	5.77945826	180.608071
7	10:29:19	29.73	92.210	27.140	15220.000	29.000	92.617067	19.4032755	188.762856	141.584177	7.11097219	222.217881	36	19.8171745	5.73020935	179.069042
7	10:29:34	29.98	92.760	27.080	15281.000	29.000	93.146802	19.5142549	189.842509	142.393985	7.15164427	223.488883	36	19.8171745	5.76298398	180.093249
7	10:29:49	30.23	91.300	27.250	15246.000	29.000	91.655523	19.2018320	186.803133	140.114259	7.03714654	219.910829	36	19.8171745	5.67071868	177.209959
7	10:30:04	30.48	92.250	27.140	15238.000	29.000	92.617067	19.4032755	188.762856	141.584177	7.11097219	222.217881	36	19.8171745	5.73020935	179.069042
7	10:30:19	30.73	90.750	27.310	15286.000	29.000	91.136238	19.0930420	185.744780	139.320427	6.99727684	218.664901	36	19.8171745	5.63859063	176.205957
7	10:30:35	31.00	92.330	27.130	15277.000	29.000	92.705097	19.4217178	188.942270	141.718749	7.11773097	222.429093	36	19.8171745	5.73565575	179.239242
7	10:30:49	31.23	91.680	27.200	15280.000	29.000	92.091052	19.2930753	187.690785	140.780055	7.07058569	220.955803	36	19.8171745	5.69766484	178.052026
7	10:31:04	31.48	91.320	27.240	15266.000	29.000	91.742425	19.2200379	186.980248	140.247107	7.04381872	220.119335	36	19.8171745	5.67609530	177.377978
7	10:31:19	31.73	91.570	27.210	15252.000	29.000	92.003742	19.2747839	187.512838	140.646584	7.06388219	220.746318	36	19.8171745	5.69226298	177.883218
7	10:31:35	32.00	92.530	27.100	15239.000	29.000	92.969808	19.4771748	189.481778	142.123414	7.13805502	223.064219	36	19.8171745	5.75203340	179.751044
7	10:31:49	32.23	92.850	27.070	15273.000	29.000	93.235455	19.5328278	190.023193	142.529510	7.15845090	223.701591	36	19.8171745	5.76846895	180.264655
7	10:32:04	32.48	92.310	27.130	15284.000	29.000	92.705097	19.4217178	188.942270	141.718749	7.11773097	222.429093	36	19.8171745	5.73565575	179.239242
7	10:32:19	32.73	91.390	27.230	15239.000	29.000	91.829428	19.2382652	187.157570	140.380110	7.05049871	220.328085	36	19.8171745	5.68147822	177.546194
7	10:32:34	32.98	91.770	27.190	15252.000	29.000	92.178464	19.3113882	187.868940	140.913683	7.07729705	221.165533	36	19.8171745	5.70307303	178.221032
7	10:32:49	33.23	91.790	27.190	15289.000	29.000	92.178464	19.3113882	187.868940	140.913683	7.07729705	221.165533	36	19.8171745	5.70307303	178.221032
7	10:33:05	33.50	92.400	27.120	15240.000	29.000	92.793230	19.4401817	189.121895	141.853479	7.12449769	222.640553	36	19.8171745	5.74110855	179.409642
7	10:33:20	33.75	91.440	27.230	15271.000	29.000	91.829428	19.2382652	187.157570	140.380110	7.05049871	220.328085	36	19.8171745	5.68147822	177.546194
7	10:33:35	34.00	91.420	27.230	15293.000	29.000	91.829428	19.2382652	187.157570	140.380110	7.05049871	220.328085	36	19.8171745	5.68147822	177.546194
7	10:33:49	34.23	91.200	27.260	15261.000	29.000	91.568722	19.1836473	186.626225	139.981567	7.03048216	219.702567	36	19.8171745	5.66534835	177.042136
7	10:34:05	34.50	93.220	27.030	15239.000	29.000	93.591113	19.6073382	190.748061	143.073207	7.18575773	224.554929	36	19.8171745	5.79047351	180.952297
7	10:34:20	34.75	92.450	27.110	15267.000	29.000	92.881467	19.4586674	189.301731	141.988367	7.13127237	222.852261	36	19.8171745	5.74656777	179.580243
7	10:34:35	35.00	90.780	27.310	15283.000	29.000	91.136238	19.0930420	185.744780	139.320427	6.99727684	218.664901	36	19.8171745	5.63859063	176.205957
7	10:34:49	35.23	91.330	27.240	15243.000	29.000	91.742425	19.2200379	186.980248	140.247107	7.04381872	220.119335	36	19.8171745	5.67609530	177.377978
7	10:35:04	35.48	91.770	27.190	15257.000	29.000	92.178464	19.3113882	187.868940	140.913683	7.07729705	221.165533	36	19.8171745	5.70307303	178.221032
7	10:35:19	35.73	92.130	27.150	15267.000	29.000	92.529140	19.3848549	188.583653	141.449763	7.10422134	222.006917	36	19.8171745	5.72476934	178.899042
7	10:35:34	35.98	90.800	27.300	15258.000	29.000	91.222533	19.1111207	185.920657	139.452346	7.00390240	218.871950	36	19.8171745	5.64392968	176.372802
7	10:35:50	36.25	92.020	27.160	15254.000	29.000	92.441317	19.3664559	188.404660	141.315507	7.09747842	221.796201	36	19.8171745	5.71933571	178.729241
7	10:36:04	36.48	91.360	27.240	15273.000	29.000	91.742425	19.2200379	186.980248	140.247107	7.04381872	220.119335	36	19.8171745	5.67609530	177.377978
7	10:36:19	36.73	91.740	27.190	15240.000	29.000	92.178464	19.3113882	187.868940	140.913683	7.07729705	221.165533	36	19.8171745	5.70307303	178.221032
7	10:36:35	37.00	91.710	27.200	15272.000	29.000	92.091052	19.2930753	187.690785	140.780055	7.07058569	220.955803	36	19.8171745	5.69766484	178.052026
7	10:36:49	37.23	91.960	27.170	15264.000	29.000	92.353597	19.3480785	188.225877	141.181408	7.09074341	221.585731	36	19.8171745	5.71390846	178.559639
7	10:37:04	37.48	92.040	27.160	15244.000	29.000	92.441317	19.3664559	188.404660	141.315507	7.09747842	221.796201	36	19.8171745	5.71933571	178.729241
7	10:37:20	37.75	91.570	27.210	15266.000	29.000	92.003742	19.2747839	187.512838	140.646584	7.06388219	220.746318	36	19.8171745	5.69226298	177.883218
7	10:37:34	37.98	91.120	27.270	15271.000	29.000	91.482023	19.1654838	186.449523	139.849030	7.02382556	219.494549	36	19.8171745	5.65998429	176.874509
7	10:37:49	38.23	91.730	27.200	15262.000	29.000	92.091052	19.2930753	187.690785	140.780055	7.07058569	220.955803	36	19.8171745	5.69766484	178.052026
7	10:38:04	38.49	91.390	27.230	15243.000	29.000	91.829428	19.2382652	187.157570	140.380110	7.05049871	220.328085	36	19.8171745	5.68147822	177.546194
