Chamber	Time	Logtime_min	OxyPercent_airsat	Phase	Amp	TempC	per_air-sat	per_oxygen	pO2_hPa	pO2_Torr	cO2_mg_L	cO2_umol_L	Salinity	chlorinity	SalCorcO2_mg_L	SalCorcO2_umol_L
5	9:59:32	0.00	81.670	28.270	13306.000	29.000	83.298896	17.4511188	169.771491	127.339442	6.39553977	199.860618	36	19.8171745	5.15369499	161.052968
5	9:59:34	0.02	82.580	28.150	13318.000	29.000	84.232215	17.6466491	171.673689	128.766212	6.46719833	202.099948	36	19.8171745	5.21143935	162.857480
5	9:59:48	0.25	83.090	28.080	13303.000	29.000	84.782532	17.7619404	172.795290	129.607484	6.50945065	203.420333	36	19.8171745	5.24548739	163.921481
5	10:00:02	0.50	81.500	28.290	13301.000	29.000	83.144568	17.4187870	169.456955	127.103520	6.38369073	199.490335	36	19.8171745	5.14414672	160.754585
5	10:00:18	0.75	82.000	28.220	13295.000	29.000	83.686242	17.5322678	170.560942	127.931581	6.42527951	200.789985	36	19.8171745	5.17766006	161.801877
5	10:00:33	1.00	80.950	28.360	13267.000	29.000	82.607147	17.3061974	168.361638	126.281963	6.34242854	198.200892	36	19.8171745	5.11089656	159.715517
5	10:00:48	1.25	83.390	28.040	13261.000	29.000	85.098966	17.8282335	173.440215	130.091219	6.53374593	204.179560	36	19.8171745	5.26506517	164.533286
5	10:01:03	1.50	82.440	28.170	13275.000	29.000	84.075782	17.6138763	171.354862	128.527071	6.45518764	201.724614	36	19.8171745	5.20176083	162.555026
5	10:01:18	1.75	82.620	28.140	13253.000	29.000	84.310565	17.6630634	171.833374	128.885985	6.47321387	202.287934	36	19.8171745	5.21628684	163.008964
5	10:01:33	2.00	83.020	28.090	13205.000	29.000	84.703648	17.7454142	172.634515	129.486893	6.50339405	203.231064	36	19.8171745	5.24060682	163.768963
5	10:01:48	2.25	83.370	28.050	13214.000	29.000	85.019723	17.8116320	173.278709	129.970079	6.52766176	203.989430	36	19.8171745	5.26016238	164.380074
5	10:02:03	2.50	83.680	28.010	13214.000	29.000	85.337238	17.8781514	173.925837	130.455466	6.55204001	204.751250	36	19.8171745	5.27980702	164.993969
5	10:02:17	2.75	83.230	28.060	13247.000	29.000	84.940569	17.7950493	173.117386	129.849077	6.52158449	203.799515	36	19.8171745	5.25526516	164.227036
5	10:02:33	3.00	82.820	28.120	13208.000	29.000	84.467531	17.6959477	172.153286	129.125940	6.48526542	202.664544	36	19.8171745	5.22599829	163.312447
5	10:02:48	3.25	82.750	28.130	13179.000	29.000	84.389003	17.6794962	171.993239	129.005895	6.47923623	202.476132	36	19.8171745	5.22113982	163.160619
5	10:03:03	3.50	83.400	28.040	13196.000	29.000	85.098966	17.8282335	173.440215	130.091219	6.53374593	204.179560	36	19.8171745	5.26506517	164.533286
5	10:03:17	3.75	84.570	27.890	13155.000	29.000	86.298510	18.0795379	175.885005	131.924968	6.62584475	207.057648	36	19.8171745	5.33928083	166.852526
5	10:03:33	4.00	85.630	27.760	13111.000	29.000	87.354876	18.3008466	178.037985	133.539840	6.70695064	209.592207	36	19.8171745	5.40463810	168.894941
5	10:03:48	4.25	84.680	27.880	13142.000	29.000	86.379212	18.0964449	176.049484	132.048337	6.63204090	207.251278	36	19.8171745	5.34427385	167.008558
5	10:04:02	4.50	84.390	27.920	13123.000	29.000	86.056957	18.0289325	175.392696	131.555704	6.60729873	206.478085	36	19.8171745	5.32433596	166.385499
5	10:04:17	4.75	85.580	27.770	13127.000	29.000	87.273057	18.2837055	177.871230	133.414762	6.70066872	209.395897	36	19.8171745	5.39957596	168.736749
5	10:04:32	5.00	84.650	27.880	13092.000	29.000	86.379212	18.0964449	176.049484	132.048337	6.63204090	207.251278	36	19.8171745	5.34427385	167.008558
5	10:04:47	5.25	86.480	27.660	13109.000	29.000	88.178261	18.4733457	179.716126	134.798552	6.77016864	211.567770	36	19.8171745	5.45558084	170.486901
5	10:05:02	5.50	85.350	27.800	13107.000	29.000	87.028163	18.2324001	177.372110	133.040391	6.68186616	208.808318	36	19.8171745	5.38442437	168.263261
5	10:05:18	5.75	85.450	27.780	13086.000	29.000	87.191332	18.2665841	177.704666	133.289829	6.69439401	209.199813	36	19.8171745	5.39451964	168.578739
5	10:05:33	6.00	84.850	27.860	13042.000	29.000	86.540893	18.1303171	176.379006	132.295499	6.64445447	207.639202	36	19.8171745	5.35427703	167.321157
5	10:05:47	6.25	86.400	27.670	13029.000	29.000	88.095495	18.4560063	179.547441	134.672028	6.76381405	211.369189	36	19.8171745	5.45046014	170.326879
5	10:06:02	6.50	86.900	27.600	13069.000	29.000	88.676864	18.5778031	180.732329	135.560769	6.80845050	212.764078	36	19.8171745	5.48642937	171.450918
5	10:06:17	6.75	86.410	27.660	13038.000	29.000	88.178261	18.4733457	179.716126	134.798552	6.77016864	211.567770	36	19.8171745	5.45558084	170.486901
5	10:06:32	7.00	85.630	27.760	13032.000	29.000	87.354876	18.3008466	178.037985	133.539840	6.70695064	209.592207	36	19.8171745	5.40463810	168.894941
5	10:06:47	7.25	85.160	27.820	13028.000	29.000	86.865367	18.1982944	177.040317	132.791525	6.66936701	208.417719	36	19.8171745	5.37435222	167.948507
5	10:07:03	7.50	85.980	27.720	13031.000	29.000	87.683094	18.3696082	178.706926	134.041588	6.73215061	210.379707	36	19.8171745	5.42494490	169.529528
5	10:07:18	7.75	86.300	27.680	12962.000	29.000	88.012825	18.4386869	179.378951	134.545649	6.75746677	211.170837	36	19.8171745	5.44534533	170.167042
5	10:07:33	8.00	86.180	27.690	13000.000	29.000	87.930250	18.4213874	179.210654	134.419416	6.75112680	210.972712	36	19.8171745	5.44023642	170.007388
5	10:07:48	8.25	87.750	27.500	12988.000	29.000	89.515591	18.7535163	182.441738	136.842935	6.87284642	214.776451	36	19.8171745	5.53832131	173.072541
5	10:08:02	8.50	87.040	27.590	12957.000	29.000	88.760301	18.5952831	180.902381	135.688319	6.81485663	212.964270	36	19.8171745	5.49159160	171.612237
5	10:08:17	8.75	87.850	27.490	12991.000	29.000	89.599999	18.7711998	182.613770	136.971970	6.87932712	214.978973	36	19.8171745	5.54354363	173.235738
5	10:08:32	9.00	88.210	27.440	12916.000	29.000	90.023512	18.8599257	183.476931	137.619396	6.91184366	215.995114	36	19.8171745	5.56974631	174.054572
5	10:08:47	9.25	87.960	27.480	12930.000	29.000	89.684505	18.7889038	182.786001	137.101155	6.88581534	215.181730	36	19.8171745	5.54877201	173.399125
5	10:09:03	9.50	89.190	27.330	12937.000	29.000	90.963951	19.0569477	185.393640	139.057050	6.98404890	218.251528	36	19.8171745	5.62793120	175.872850
5	10:09:17	9.75	87.210	27.570	12907.000	29.000	88.927464	18.6303037	181.243077	135.943863	6.82769111	213.365347	36	19.8171745	5.50193397	171.935436
5	10:09:32	10.00	88.950	27.360	12928.000	29.000	90.706272	19.0029639	184.868464	138.663134	6.96426475	217.633273	36	19.8171745	5.61198861	175.374644
5	10:09:47	10.25	89.090	27.340	12854.000	29.000	90.877958	19.0389321	185.218377	138.925592	6.97744649	218.045203	36	19.8171745	5.62261081	175.706588
5	10:10:02	10.50	88.060	27.460	12855.000	29.000	89.853811	18.8243735	183.131065	137.359974	6.89881439	215.587950	36	19.8171745	5.55924699	173.726468
5	10:10:17	10.75	89.910	27.240	12836.000	29.000	91.742425	19.2200379	186.980248	140.247107	7.04381872	220.119335	36	19.8171745	5.67609530	177.377978
5	10:10:32	11.00	89.140	27.330	12877.000	29.000	90.963951	19.0569477	185.393640	139.057050	6.98404890	218.251528	36	19.8171745	5.62793120	175.872850
5	10:10:47	11.25	89.150	27.330	12830.000	29.000	90.963951	19.0569477	185.393640	139.057050	6.98404890	218.251528	36	19.8171745	5.62793120	175.872850
5	10:11:02	11.50	88.160	27.450	12843.000	29.000	89.938612	18.8421393	183.303897	137.489610	6.90532524	215.791414	36	19.8171745	5.56449360	173.890425
5	10:11:18	11.75	89.830	27.250	12799.000	29.000	91.655523	19.2018320	186.803133	140.114259	7.03714654	219.910829	36	19.8171745	5.67071868	177.209959
5	10:11:33	12.00	90.050	27.230	12813.000	29.000	91.829428	19.2382652	187.157570	140.380110	7.05049871	220.328085	36	19.8171745	5.68147822	177.546194
5	10:11:48	12.25	90.520	27.170	12808.000	29.000	92.353597	19.3480785	188.225877	141.181408	7.09074341	221.585731	36	19.8171745	5.71390846	178.559639
5	10:12:03	12.50	90.380	27.190	12742.000	29.000	92.178464	19.3113882	187.868940	140.913683	7.07729705	221.165533	36	19.8171745	5.70307303	178.221032
5	10:12:18	12.75	90.150	27.210	12813.000	29.000	92.003742	19.2747839	187.512838	140.646584	7.06388219	220.746318	36	19.8171745	5.69226298	177.883218
5	10:12:33	13.00	89.980	27.230	12767.000	29.000	91.829428	19.2382652	187.157570	140.380110	7.05049871	220.328085	36	19.8171745	5.68147822	177.546194
5	10:12:48	13.25	90.400	27.190	12759.000	29.000	92.178464	19.3113882	187.868940	140.913683	7.07729705	221.165533	36	19.8171745	5.70307303	178.221032
5	10:13:03	13.50	91.000	27.120	12761.000	29.000	92.793230	19.4401817	189.121895	141.853479	7.12449769	222.640553	36	19.8171745	5.74110855	179.409642
5	10:13:18	13.75	91.810	27.020	12749.000	29.000	93.680290	19.6260208	190.929812	143.209532	7.19260457	224.768893	36	19.8171745	5.79599088	181.124715
5	10:13:33	14.00	91.460	27.060	12737.000	29.000	93.324212	19.5514225	190.204090	142.665194	7.16526555	223.914548	36	19.8171745	5.77396037	180.436262
5	10:13:48	14.25	91.130	27.100	12721.000	29.000	92.969808	19.4771748	189.481778	142.123414	7.13805502	223.064219	36	19.8171745	5.75203340	179.751044
5	10:14:03	14.50	90.190	27.210	12737.000	29.000	92.003742	19.2747839	187.512838	140.646584	7.06388219	220.746318	36	19.8171745	5.69226298	177.883218
5	10:14:17	14.75	90.930	27.120	12732.000	29.000	92.793230	19.4401817	189.121895	141.853479	7.12449769	222.640553	36	19.8171745	5.74110855	179.409642
5	10:14:33	15.00	91.790	27.030	12744.000	29.000	93.591113	19.6073382	190.748061	143.073207	7.18575773	224.554929	36	19.8171745	5.79047351	180.952297
5	10:14:48	15.25	91.630	27.040	12710.000	29.000	93.502041	19.5886777	190.566523	142.937042	7.17891895	224.341217	36	19.8171745	5.78496264	180.780083
5	10:15:02	15.50	91.900	27.010	12674.000	29.000	93.769572	19.6447254	191.111778	143.346018	7.19945950	224.983109	36	19.8171745	5.80151476	181.297336
5	10:15:18	15.75	92.260	26.970	12671.000	29.000	94.127757	19.7197650	191.841794	143.893576	7.22696025	225.842508	36	19.8171745	5.82367559	181.989862
5	10:15:33	16.00	92.970	26.890	12707.000	29.000	94.849226	19.8709129	193.312221	144.996490	7.28235338	227.573543	36	19.8171745	5.86831284	183.384776
5	10:15:47	16.25	92.030	27.000	12679.000	29.000	93.858960	19.6634521	191.293959	143.482665	7.20632251	225.197579	36	19.8171745	5.80704516	181.470161
5	10:16:02	16.50	92.450	26.950	12629.000	29.000	94.307485	19.7574180	192.208097	144.168327	7.24075942	226.273732	36	19.8171745	5.83479533	182.337354
5	10:16:17	16.75	93.320	26.850	12661.000	29.000	95.212533	19.9470256	194.052675	145.551878	7.31024739	228.445231	36	19.8171745	5.89079057	184.087205
5	10:16:33	17.00	92.790	26.910	12660.000	29.000	94.668218	19.8329917	192.943308	144.719782	7.26845589	227.139247	36	19.8171745	5.85711388	183.034809
5	10:16:47	17.25	93.800	26.800	12638.000	29.000	95.669097	20.0426759	194.983200	146.249831	7.34530161	229.540675	36	19.8171745	5.91903818	184.969943
5	10:17:02	17.50	93.420	26.840	12632.000	29.000	95.303629	19.9661102	194.238339	145.691138	7.31724159	228.663800	36	19.8171745	5.89642668	184.263334
5	10:17:18	17.75	93.810	26.800	12623.000	29.000	95.669097	20.0426759	194.983200	146.249831	7.34530161	229.540675	36	19.8171745	5.91903818	184.969943
5	10:17:32	18.00	92.760	26.910	12592.000	29.000	94.668218	19.8329917	192.943308	144.719782	7.26845589	227.139247	36	19.8171745	5.85711388	183.034809
5	10:17:47	18.25	95.260	26.640	12611.000	29.000	97.148498	20.3526103	197.998366	148.511398	7.45888732	233.090229	36	19.8171745	6.01056855	187.830267
5	10:18:03	18.50	93.800	26.800	12575.000	29.000	95.669097	20.0426759	194.983200	146.249831	7.34530161	229.540675	36	19.8171745	5.91903818	184.969943
5	10:18:18	18.75	94.130	26.760	12588.000	29.000	96.036308	20.1196065	195.731611	146.811188	7.37349536	230.421730	36	19.8171745	5.94175745	185.679920
5	10:18:33	19.00	94.540	26.720	12577.000	29.000	96.405271	20.1969042	196.483595	147.375223	7.40182367	231.306990	36	19.8171745	5.96458516	186.393286
5	10:18:48	19.25	94.470	26.720	12599.000	29.000	96.405271	20.1969042	196.483595	147.375223	7.40182367	231.306990	36	19.8171745	5.96458516	186.393286
5	10:19:02	19.50	94.210	26.750	12336.000	29.000	96.128384	20.1388964	195.919272	146.951945	7.38056479	230.642650	36	19.8171745	5.94745419	185.857943
5	10:19:17	19.75	95.140	26.650	12369.000	29.000	97.055206	20.3330656	197.808227	148.368782	7.45172452	232.866391	36	19.8171745	6.00479658	187.649893
5	10:19:33	20.00	93.860	26.790	12481.000	29.000	95.760736	20.0618742	195.169969	146.389920	7.35233748	229.760546	36	19.8171745	5.92470787	185.147121
5	10:19:48	20.25	94.420	26.730	12441.000	29.000	96.312865	20.1775452	196.295263	147.233962	7.39472893	231.085279	36	19.8171745	5.95886803	186.214626
5	10:20:03	20.50	95.190	26.640	12448.000	29.000	97.148498	20.3526103	197.998366	148.511398	7.45888732	233.090229	36	19.8171745	6.01056855	187.830267
5	10:20:18	20.75	94.700	26.700	12430.000	29.000	96.590413	20.2356915	196.860933	147.658251	7.41603855	231.751205	36	19.8171745	5.97603988	186.751246
5	10:20:33	21.00	94.160	26.760	12461.000	29.000	96.036308	20.1196065	195.731611	146.811188	7.37349536	230.421730	36	19.8171745	5.94175745	185.679920
5	10:20:48	21.25	95.290	26.630	12444.000	29.000	97.241902	20.3721784	198.188732	148.654185	7.46605869	233.314334	36	19.8171745	6.01634743	188.010857
5	10:21:03	21.50	94.660	26.700	12426.000	29.000	96.590413	20.2356915	196.860933	147.658251	7.41603855	231.751205	36	19.8171745	5.97603988	186.751246
5	10:21:18	21.75	94.040	26.770	12435.000	29.000	95.944341	20.1003395	195.544175	146.670598	7.36643434	230.201073	36	19.8171745	5.93606750	185.502109
5	10:21:33	22.00	94.760	26.690	12471.000	29.000	96.683149	20.2551198	197.049940	147.800018	7.42315871	231.973710	36	19.8171745	5.98177750	186.930547
5	10:21:48	22.25	94.590	26.710	12449.000	29.000	96.497786	20.2162863	196.672151	147.516652	7.40892687	231.528965	36	19.8171745	5.97030910	186.572159
5	10:22:03	22.50	94.830	26.680	12484.000	29.000	96.775997	20.2745714	197.239172	147.941954	7.43028738	232.196481	36	19.8171745	5.98752196	187.110061
5	10:22:18	22.75	94.190	26.760	12482.000	29.000	96.036308	20.1196065	195.731611	146.811188	7.37349536	230.421730	36	19.8171745	5.94175745	185.679920
5	10:22:33	23.00	95.040	26.660	12480.000	29.000	96.962025	20.3135442	197.618316	148.226336	7.44457027	232.642821	36	19.8171745	5.99903149	187.469734
5	10:22:48	23.25	94.670	26.700	12467.000	29.000	96.590413	20.2356915	196.860933	147.658251	7.41603855	231.751205	36	19.8171745	5.97603988	186.751246
5	10:23:03	23.50	94.520	26.720	12499.000	29.000	96.405271	20.1969042	196.483595	147.375223	7.40182367	231.306990	36	19.8171745	5.96458516	186.393286
5	10:23:18	23.75	94.730	26.700	12494.000	29.000	96.590413	20.2356915	196.860933	147.658251	7.41603855	231.751205	36	19.8171745	5.97603988	186.751246
5	10:23:33	24.00	94.180	26.760	12495.000	29.000	96.036308	20.1196065	195.731611	146.811188	7.37349536	230.421730	36	19.8171745	5.94175745	185.679920
5	10:23:48	24.25	94.010	26.770	12514.000	29.000	95.944341	20.1003395	195.544175	146.670598	7.36643434	230.201073	36	19.8171745	5.93606750	185.502109
5	10:24:03	24.50	95.070	26.660	12517.000	29.000	96.962025	20.3135442	197.618316	148.226336	7.44457027	232.642821	36	19.8171745	5.99903149	187.469734
5	10:24:18	24.75	95.100	26.650	12527.000	29.000	97.055206	20.3330656	197.808227	148.368782	7.45172452	232.866391	36	19.8171745	6.00479658	187.649893
5	10:24:33	25.00	93.580	26.820	12564.000	29.000	95.486146	20.0043476	194.610327	145.970153	7.33125493	229.101717	36	19.8171745	5.90771900	184.616219
5	10:24:48	25.25	94.120	26.760	12547.000	29.000	96.036308	20.1196065	195.731611	146.811188	7.37349536	230.421730	36	19.8171745	5.94175745	185.679920
5	10:25:03	25.50	92.950	26.890	12562.000	29.000	94.849226	19.8709129	193.312221	144.996490	7.28235338	227.573543	36	19.8171745	5.86831284	183.384776
5	10:25:17	25.75	92.910	26.900	12581.000	29.000	94.758669	19.8519411	193.127655	144.858054	7.27540052	227.356266	36	19.8171745	5.86271004	183.209689
5	10:25:33	26.00	93.530	26.830	12605.000	29.000	95.394833	19.9852176	194.424222	145.830562	7.32424410	228.882628	36	19.8171745	5.90206949	184.439672
5	10:25:48	26.25	93.360	26.850	12612.000	29.000	95.212533	19.9470256	194.052675	145.551878	7.31024739	228.445231	36	19.8171745	5.89079057	184.087205
5	10:26:03	26.50	93.210	26.860	12638.000	29.000	95.121544	19.9279636	193.867232	145.412784	7.30326148	228.226921	36	19.8171745	5.88516114	183.911286
5	10:26:17	26.75	92.450	26.950	12642.000	29.000	94.307485	19.7574180	192.208097	144.168327	7.24075942	226.273732	36	19.8171745	5.83479533	182.337354
5	10:26:33	27.00	92.740	26.920	12675.000	29.000	94.577875	19.8140647	192.759179	144.581673	7.26151948	226.922484	36	19.8171745	5.85152433	182.860135
5	10:26:48	27.25	92.590	26.930	12685.000	29.000	94.487638	19.7951601	192.575267	144.443728	7.25459127	226.705977	36	19.8171745	5.84594140	182.685669
5	10:27:03	27.50	92.120	26.990	12698.000	29.000	93.948453	19.6822009	191.476355	143.619474	7.21319364	225.412301	36	19.8171745	5.81258209	181.643190
5	10:27:18	27.75	91.890	27.010	12736.000	29.000	93.769572	19.6447254	191.111778	143.346018	7.19945950	224.983109	36	19.8171745	5.80151476	181.297336
5	10:27:33	28.00	91.730	27.030	12743.000	29.000	93.591113	19.6073382	190.748061	143.073207	7.18575773	224.554929	36	19.8171745	5.79047351	180.952297
5	10:27:47	28.25	90.890	27.130	12751.000	29.000	92.705097	19.4217178	188.942270	141.718749	7.11773097	222.429093	36	19.8171745	5.73565575	179.239242
5	10:28:03	28.50	91.630	27.040	12774.000	29.000	93.502041	19.5886777	190.566523	142.937042	7.17891895	224.341217	36	19.8171745	5.78496264	180.780083
5	10:28:18	28.75	91.070	27.110	12780.000	29.000	92.881467	19.4586674	189.301731	141.988367	7.13127237	222.852261	36	19.8171745	5.74656777	179.580243
5	10:28:33	29.00	90.630	27.160	12792.000	29.000	92.441317	19.3664559	188.404660	141.315507	7.09747842	221.796201	36	19.8171745	5.71933571	178.729241
5	10:28:48	29.25	91.200	27.090	12839.000	29.000	93.058253	19.4957040	189.662037	142.258620	7.14484565	223.276426	36	19.8171745	5.75750547	179.922046
5	10:29:03	29.50	90.750	27.150	12818.000	29.000	92.529140	19.3848549	188.583653	141.449763	7.10422134	222.006917	36	19.8171745	5.72476934	178.899042
5	10:29:18	29.75	90.340	27.190	12863.000	29.000	92.178464	19.3113882	187.868940	140.913683	7.07729705	221.165533	36	19.8171745	5.70307303	178.221032
5	10:29:33	30.00	90.130	27.220	12881.000	29.000	91.916534	19.2565139	187.335100	140.513269	7.05718653	220.537079	36	19.8171745	5.68686744	177.714608
5	10:29:48	30.25	90.590	27.160	12909.000	29.000	92.441317	19.3664559	188.404660	141.315507	7.09747842	221.796201	36	19.8171745	5.71933571	178.729241
5	10:30:03	30.50	89.450	27.300	12888.000	29.000	91.222533	19.1111207	185.920657	139.452346	7.00390240	218.871950	36	19.8171745	5.64392968	176.372802
5	10:30:18	30.75	90.570	27.170	12900.000	29.000	92.353597	19.3480785	188.225877	141.181408	7.09074341	221.585731	36	19.8171745	5.71390846	178.559639
5	10:30:33	31.00	89.860	27.250	12947.000	29.000	91.655523	19.2018320	186.803133	140.114259	7.03714654	219.910829	36	19.8171745	5.67071868	177.209959
5	10:30:48	31.25	90.110	27.220	12922.000	29.000	91.916534	19.2565139	187.335100	140.513269	7.05718653	220.537079	36	19.8171745	5.68686744	177.714608
5	10:31:03	31.50	89.950	27.240	12946.000	29.000	91.742425	19.2200379	186.980248	140.247107	7.04381872	220.119335	36	19.8171745	5.67609530	177.377978
5	10:31:18	31.75	89.880	27.250	12965.000	29.000	91.655523	19.2018320	186.803133	140.114259	7.03714654	219.910829	36	19.8171745	5.67071868	177.209959
5	10:31:32	32.00	89.450	27.300	12982.000	29.000	91.222533	19.1111207	185.920657	139.452346	7.00390240	218.871950	36	19.8171745	5.64392968	176.372802
5	10:31:48	32.25	88.500	27.410	12997.000	29.000	90.278802	18.9134091	183.997239	138.009660	6.93144442	216.607638	36	19.8171745	5.58554112	174.548160
5	10:32:03	32.50	89.490	27.290	13013.000	29.000	91.308929	19.1292206	186.096740	139.584420	7.01053570	219.079240	36	19.8171745	5.64927496	176.539843
5	10:32:18	32.75	88.530	27.410	13032.000	29.000	90.278802	18.9134091	183.997239	138.009660	6.93144442	216.607638	36	19.8171745	5.58554112	174.548160
5	10:32:33	33.00	88.380	27.420	13069.000	29.000	90.193606	18.8955605	183.823601	137.879421	6.92490324	216.403226	36	19.8171745	5.58027006	174.383440
5	10:32:48	33.25	88.120	27.460	13059.000	29.000	89.853811	18.8243735	183.131065	137.359974	6.89881439	215.587950	36	19.8171745	5.55924699	173.726468
5	10:33:02	33.50	87.720	27.500	13101.000	29.000	89.515591	18.7535163	182.441738	136.842935	6.87284642	214.776451	36	19.8171745	5.53832131	173.072541
5	10:33:18	33.75	88.370	27.430	13102.000	29.000	90.108510	18.8777327	183.650165	137.749333	6.91836965	216.199052	36	19.8171745	5.57500513	174.218910
5	10:33:33	34.00	88.180	27.450	13110.000	29.000	89.938612	18.8421393	183.303897	137.489610	6.90532524	215.791414	36	19.8171745	5.56449360	173.890425
5	10:33:48	34.25	87.410	27.540	13152.000	29.000	89.178935	18.6829869	181.755599	136.328287	6.84699859	213.968706	36	19.8171745	5.51749244	172.421639
5	10:34:02	34.50	86.700	27.630	13145.000	29.000	88.427131	18.5254840	180.223348	135.179001	6.78927644	212.164889	36	19.8171745	5.47097841	170.968075
5	10:34:17	34.75	86.360	27.670	13154.000	29.000	88.095495	18.4560063	179.547441	134.672028	6.76381405	211.369189	36	19.8171745	5.45046014	170.326879
5	10:34:33	35.00	87.150	27.570	13188.000	29.000	88.927464	18.6303037	181.243077	135.943863	6.82769111	213.365347	36	19.8171745	5.50193397	171.935436
5	10:34:48	35.25	86.980	27.590	13186.000	29.000	88.760301	18.5952831	180.902381	135.688319	6.81485663	212.964270	36	19.8171745	5.49159160	171.612237
5	10:35:03	35.50	86.970	27.600	13223.000	29.000	88.676864	18.5778031	180.732329	135.560769	6.80845050	212.764078	36	19.8171745	5.48642937	171.450918
5	10:35:18	35.75	87.450	27.540	13209.000	29.000	89.178935	18.6829869	181.755599	136.328287	6.84699859	213.968706	36	19.8171745	5.51749244	172.421639
5	10:35:33	36.00	85.590	27.770	13226.000	29.000	87.273057	18.2837055	177.871230	133.414762	6.70066872	209.395897	36	19.8171745	5.39957596	168.736749
5	10:35:48	36.25	86.760	27.620	13260.000	29.000	88.510279	18.5429035	180.392812	135.306110	6.79566042	212.364388	36	19.8171745	5.47612279	171.128837
5	10:36:03	36.50	86.420	27.660	13266.000	29.000	88.178261	18.4733457	179.716126	134.798552	6.77016864	211.567770	36	19.8171745	5.45558084	170.486901
5	10:36:18	36.75	85.840	27.730	13295.000	29.000	87.600898	18.3523882	178.539402	133.915934	6.72583975	210.182492	36	19.8171745	5.41985945	169.370608
5	10:36:33	37.00	86.110	27.700	13292.000	29.000	87.847770	18.4041078	179.042551	134.293329	6.74479412	210.774816	36	19.8171745	5.43513338	169.847918
5	10:36:48	37.25	84.210	27.940	13307.000	29.000	85.896381	17.9952918	175.065425	131.310230	6.59496996	206.092811	36	19.8171745	5.31440111	166.075035
5	10:37:03	37.50	86.070	27.710	13308.000	29.000	87.765385	18.3868481	178.874642	134.167386	6.73846873	210.577148	36	19.8171745	5.43003621	169.688632
5	10:37:18	37.75	85.830	27.740	13340.000	29.000	87.518797	18.3351879	178.372071	133.790425	6.71953614	209.985504	36	19.8171745	5.41477983	169.211870
5	10:37:32	38.00	84.480	27.900	13369.000	29.000	86.217901	18.0626502	175.720715	131.801739	6.61965568	206.864240	36	19.8171745	5.33429351	166.696672
5	10:37:47	38.25	84.270	27.930	13392.000	29.000	85.976623	18.0121025	175.228967	131.432897	6.60113083	206.285338	36	19.8171745	5.31936570	166.230178
5	10:38:02	38.50	84.060	27.960	13386.000	29.000	85.736170	17.9617277	174.738900	131.065316	6.58266930	205.708416	36	19.8171745	5.30448891	165.765278
