Chamber	Time	Logtime_min	OxyPercent_airsat	Phase	Amp	TempC	per_air-sat	per_oxygen	pO2_hPa	pO2_Torr	cO2_mg_L	cO2_umol_L	Salinity	chlorinity	SalCorcO2_mg_L	SalCorcO2_umol_L
2	9:59:30	0.00	77.780	28.950	18333.000	29.000	78.240496	16.3913840	159.461966	119.606641	6.00716489	187.723903	36	19.8171745	4.84073225	151.272883
2	9:59:42	0.19	78.130	28.900	18337.000	29.000	78.599583	16.4666127	160.193821	120.155579	6.03473496	188.585468	36	19.8171745	4.86294894	151.967154
2	9:59:57	0.44	78.170	28.890	18293.000	29.000	78.671638	16.4817082	160.340676	120.265730	6.04026720	188.758350	36	19.8171745	4.86740697	152.106468
2	10:00:12	0.69	78.080	28.910	18381.000	29.000	78.527608	16.4515338	160.047128	120.045550	6.02920881	188.412775	36	19.8171745	4.85849582	151.827994
2	10:00:27	0.94	78.680	28.820	18281.000	29.000	79.178252	16.5878438	161.373206	121.040193	6.07916410	189.973878	36	19.8171745	4.89875112	153.085972
2	10:00:42	1.19	77.470	28.990	18273.000	29.000	77.954644	16.3314979	158.879370	119.169657	5.98521766	187.038052	36	19.8171745	4.82304659	150.720206
2	10:00:57	1.44	78.480	28.850	18311.000	29.000	78.960653	16.5422568	160.929717	120.707548	6.06245722	189.451788	36	19.8171745	4.88528827	152.665259
2	10:01:12	1.69	78.870	28.790	18283.000	29.000	79.396573	16.6335821	161.818167	121.373942	6.09592642	190.497701	36	19.8171745	4.91225864	153.508082
2	10:01:27	1.94	78.160	28.890	18294.000	29.000	78.671638	16.4817082	160.340676	120.265730	6.04026720	188.758350	36	19.8171745	4.86740697	152.106468
2	10:01:42	2.19	78.000	28.920	18268.000	29.000	78.455711	16.4364716	159.900596	119.935642	6.02368873	188.240273	36	19.8171745	4.85404760	151.688987
2	10:01:57	2.44	78.450	28.850	18246.000	29.000	78.960653	16.5422568	160.929717	120.707548	6.06245722	189.451788	36	19.8171745	4.88528827	152.665259
2	10:02:12	2.69	78.210	28.890	18256.000	29.000	78.671638	16.4817082	160.340676	120.265730	6.04026720	188.758350	36	19.8171745	4.86740697	152.106468
2	10:02:27	2.94	78.400	28.860	18254.000	29.000	78.888280	16.5270946	160.782213	120.596911	6.05690054	189.278142	36	19.8171745	4.88081055	152.525330
2	10:02:42	3.19	78.270	28.880	18276.000	29.000	78.743772	16.4968203	160.487693	120.376002	6.04580554	188.931423	36	19.8171745	4.87186991	152.245935
2	10:02:57	3.44	79.620	28.690	18210.000	29.000	80.129567	16.7871444	163.312082	122.494474	6.15220439	192.256387	36	19.8171745	4.95760891	154.925278
2	10:03:12	3.69	78.310	28.870	18231.000	29.000	78.815986	16.5119491	160.634872	120.486395	6.05134998	189.104687	36	19.8171745	4.87633776	152.385555
2	10:03:27	3.94	78.570	28.840	18201.000	29.000	79.033106	16.5574357	161.077384	120.818307	6.06802004	189.625626	36	19.8171745	4.88977094	152.805342
2	10:03:42	4.19	78.720	28.820	18233.000	29.000	79.178252	16.5878438	161.373206	121.040193	6.07916410	189.973878	36	19.8171745	4.89875112	153.085972
2	10:03:57	4.44	79.350	28.730	18219.000	29.000	79.835395	16.7255153	162.712529	122.044771	6.12961836	191.550574	36	19.8171745	4.93940849	154.356515
2	10:04:12	4.69	78.510	28.840	18183.000	29.000	79.033106	16.5574357	161.077384	120.818307	6.06802004	189.625626	36	19.8171745	4.88977094	152.805342
2	10:04:27	4.94	79.160	28.750	18174.000	29.000	79.688797	16.6948030	162.413748	121.820666	6.11836284	191.198839	36	19.8171745	4.93033850	154.073078
2	10:04:42	5.19	79.580	28.700	18162.000	29.000	80.055902	16.7717115	163.161944	122.381861	6.14654849	192.079640	36	19.8171745	4.95305123	154.782851
2	10:04:57	5.44	79.100	28.760	18186.000	29.000	79.615620	16.6794724	162.264606	121.708799	6.11274443	191.023263	36	19.8171745	4.92581103	153.931595
2	10:05:12	5.69	78.800	28.800	18098.000	29.000	79.323719	16.6183192	161.669683	121.262569	6.09033281	190.322900	36	19.8171745	4.90775115	153.367224
2	10:05:27	5.94	79.320	28.730	18132.000	29.000	79.835395	16.7255153	162.712529	122.044771	6.12961836	191.550574	36	19.8171745	4.93940849	154.356515
2	10:05:42	6.19	79.320	28.730	18160.000	29.000	79.835395	16.7255153	162.712529	122.044771	6.12961836	191.550574	36	19.8171745	4.93940849	154.356515
2	10:05:57	6.44	80.210	28.610	18112.000	29.000	80.721846	16.9112267	164.519205	123.399892	6.19767846	193.677452	36	19.8171745	4.99425312	156.070410
2	10:06:12	6.69	79.600	28.700	18089.000	29.000	80.055902	16.7717115	163.161944	122.381861	6.14654849	192.079640	36	19.8171745	4.95305123	154.782851
2	10:06:27	6.94	79.620	28.690	18103.000	29.000	80.129567	16.7871444	163.312082	122.494474	6.15220439	192.256387	36	19.8171745	4.95760891	154.925278
2	10:06:42	7.19	81.040	28.500	18067.000	29.000	81.544891	17.0836546	166.196652	124.658085	6.26087036	195.652199	36	19.8171745	5.04517482	157.661713
2	10:06:57	7.44	80.070	28.630	18096.000	29.000	80.573282	16.8801026	164.216417	123.172782	6.18627200	193.321000	36	19.8171745	4.98506149	155.783172
2	10:07:12	7.69	80.080	28.630	18079.000	29.000	80.573282	16.8801026	164.216417	123.172782	6.18627200	193.321000	36	19.8171745	4.98506149	155.783172
2	10:07:27	7.94	79.760	28.670	18024.000	29.000	80.277144	16.8180616	163.612858	122.720074	6.16353504	192.610470	36	19.8171745	4.96673945	155.210608
2	10:07:42	8.19	80.370	28.590	18035.000	29.000	80.870741	16.9424202	164.822667	123.627509	6.20911033	194.034698	36	19.8171745	5.00346522	156.358288
2	10:07:57	8.44	80.370	28.590	18056.000	29.000	80.870741	16.9424202	164.822667	123.627509	6.20911033	194.034698	36	19.8171745	5.00346522	156.358288
2	10:08:12	8.69	80.740	28.540	18011.000	29.000	81.244432	17.0207086	165.584289	124.198773	6.23780172	194.931304	36	19.8171745	5.02658551	157.080797
2	10:08:27	8.94	80.150	28.620	17992.000	29.000	80.647523	16.8956560	164.367726	123.286274	6.19197206	193.499127	36	19.8171745	4.98965475	155.926711
2	10:08:42	9.19	80.480	28.580	18010.000	29.000	80.945312	16.9580430	164.974652	123.741507	6.21483583	194.213620	36	19.8171745	5.00807898	156.502468
2	10:08:57	9.44	80.120	28.620	17978.000	29.000	80.647523	16.8956560	164.367726	123.286274	6.19197206	193.499127	36	19.8171745	4.98965475	155.926711
2	10:09:12	9.69	79.840	28.660	17954.000	29.000	80.351055	16.8335460	163.763496	122.833063	6.16920981	192.787807	36	19.8171745	4.97131233	155.353510
2	10:09:27	9.94	81.450	28.450	17948.000	29.000	81.922357	17.1627338	166.965967	125.235120	6.28985156	196.557861	36	19.8171745	5.06852864	158.391520
2	10:09:42	10.19	81.870	28.390	17963.000	29.000	82.378115	17.2582152	167.894848	125.931840	6.32484387	197.651371	36	19.8171745	5.09672637	159.272699
2	10:09:57	10.44	80.820	28.530	17937.000	29.000	81.319421	17.0364187	165.737123	124.313409	6.24355923	195.111226	36	19.8171745	5.03122505	157.225783
2	10:10:12	10.69	80.400	28.590	17938.000	29.000	80.870741	16.9424202	164.822667	123.627509	6.20911033	194.034698	36	19.8171745	5.00346522	156.358288
2	10:10:27	10.94	80.600	28.560	17931.000	29.000	81.094706	16.9893408	165.279130	123.969885	6.22630597	194.572062	36	19.8171745	5.01732192	156.791310
2	10:10:42	11.19	81.800	28.400	17892.000	29.000	82.301943	17.2422570	167.739600	125.815395	6.31899546	197.468608	36	19.8171745	5.09201356	159.125424
2	10:10:57	11.44	80.730	28.540	17902.000	29.000	81.244432	17.0207086	165.584289	124.198773	6.23780172	194.931304	36	19.8171745	5.02658551	157.080797
2	10:11:12	11.69	81.460	28.440	17879.000	29.000	81.998104	17.1786028	167.120347	125.350915	6.29566729	196.739603	36	19.8171745	5.07321511	158.537972
2	10:11:27	11.94	82.050	28.370	17884.000	29.000	82.530718	17.2901854	168.205867	126.165124	6.33656040	198.017512	36	19.8171745	5.10616786	159.567745
2	10:11:42	12.19	80.960	28.510	17874.000	29.000	81.469650	17.0678917	166.043305	124.543065	6.25509354	195.471673	36	19.8171745	5.04051970	157.516241
2	10:11:57	12.44	82.650	28.290	17809.000	29.000	83.144568	17.4187870	169.456955	127.103520	6.38369073	199.490335	36	19.8171745	5.14414672	160.754585
2	10:12:12	12.69	81.530	28.430	17841.000	29.000	82.073936	17.1944896	167.274900	125.466840	6.30148953	196.921548	36	19.8171745	5.07790682	158.684588
2	10:12:27	12.94	81.430	28.450	17847.000	29.000	81.922357	17.1627338	166.965967	125.235120	6.28985156	196.557861	36	19.8171745	5.06852864	158.391520
2	10:12:42	13.19	82.930	28.250	17797.000	29.000	83.453573	17.4835235	170.086737	127.575897	6.40741554	200.231736	36	19.8171745	5.16326480	161.352025
2	10:12:57	13.44	82.760	28.270	17778.000	29.000	83.298896	17.4511188	169.771491	127.339442	6.39553977	199.860618	36	19.8171745	5.15369499	161.052968
2	10:13:12	13.69	82.470	28.310	17774.000	29.000	82.990587	17.3865280	169.143127	126.868129	6.37186836	199.120886	36	19.8171745	5.13461994	160.456873
2	10:13:27	13.94	81.640	28.420	17767.000	29.000	82.149853	17.2103942	167.429627	125.582895	6.30731830	197.103697	36	19.8171745	5.08260380	158.831369
2	10:13:42	14.19	82.310	28.330	17813.000	29.000	82.836953	17.3543416	168.830004	126.633267	6.36007256	198.752268	36	19.8171745	5.12511458	160.159831
2	10:13:57	14.44	82.920	28.250	17782.000	29.000	83.453573	17.4835235	170.086737	127.575897	6.40741554	200.231736	36	19.8171745	5.16326480	161.352025
2	10:14:12	14.69	83.230	28.210	17759.000	29.000	83.763974	17.5485526	170.719367	128.050410	6.43124763	200.976488	36	19.8171745	5.18246933	161.952167
2	10:14:27	14.94	83.050	28.240	17754.000	29.000	83.531042	17.4997532	170.244627	127.694324	6.41336348	200.417609	36	19.8171745	5.16805781	161.501807
2	10:14:42	15.19	83.090	28.230	17741.000	29.000	83.608598	17.5160013	170.402695	127.812886	6.41931813	200.603692	36	19.8171745	5.17285623	161.651757
2	10:14:57	15.44	83.840	28.130	17780.000	29.000	84.389003	17.6794962	171.993239	129.005895	6.47923623	202.476132	36	19.8171745	5.22113982	163.160619
2	10:15:12	15.69	82.570	28.300	17710.000	29.000	83.067534	17.4026484	169.299953	126.985758	6.37777622	199.305507	36	19.8171745	5.13938065	160.605645
2	10:15:27	15.94	82.600	28.290	17685.000	29.000	83.144568	17.4187870	169.456955	127.103520	6.38369073	199.490335	36	19.8171745	5.14414672	160.754585
2	10:15:42	16.19	83.810	28.140	17730.000	29.000	84.310565	17.6630634	171.833374	128.885985	6.47321387	202.287934	36	19.8171745	5.21628684	163.008964
2	10:15:57	16.44	83.660	28.160	17711.000	29.000	84.153954	17.6302534	171.514185	128.646574	6.46118959	201.912175	36	19.8171745	5.20659735	162.706167
2	10:16:12	16.69	82.470	28.310	17672.000	29.000	82.990587	17.3865280	169.143127	126.868129	6.37186836	199.120886	36	19.8171745	5.13461994	160.456873
2	10:16:27	16.94	82.450	28.310	17683.000	29.000	82.990587	17.3865280	169.143127	126.868129	6.37186836	199.120886	36	19.8171745	5.13461994	160.456873
2	10:16:42	17.19	83.080	28.230	17684.000	29.000	83.608598	17.5160013	170.402695	127.812886	6.41931813	200.603692	36	19.8171745	5.17285623	161.651757
2	10:16:57	17.44	84.620	28.030	17652.000	29.000	85.178300	17.8448539	173.601905	130.212497	6.53983702	204.369907	36	19.8171745	5.26997353	164.686673
2	10:17:12	17.69	84.690	28.020	17630.000	29.000	85.257724	17.8614932	173.763779	130.333912	6.54593504	204.560470	36	19.8171745	5.27488748	164.840234
2	10:17:27	17.94	84.310	28.070	17655.000	29.000	84.861506	17.7784855	172.956246	129.728212	6.51551413	203.609816	36	19.8171745	5.25037350	164.074172
2	10:17:42	18.19	83.880	28.130	17614.000	29.000	84.389003	17.6794962	171.993239	129.005895	6.47923623	202.476132	36	19.8171745	5.22113982	163.160619
2	10:17:57	18.44	84.320	28.070	17612.000	29.000	84.861506	17.7784855	172.956246	129.728212	6.51551413	203.609816	36	19.8171745	5.25037350	164.074172
2	10:18:12	18.69	83.670	28.160	17592.000	29.000	84.153954	17.6302534	171.514185	128.646574	6.46118959	201.912175	36	19.8171745	5.20659735	162.706167
2	10:18:27	18.94	84.650	28.030	17568.000	29.000	85.178300	17.8448539	173.601905	130.212497	6.53983702	204.369907	36	19.8171745	5.26997353	164.686673
2	10:18:42	19.19	83.900	28.130	17598.000	29.000	84.389003	17.6794962	171.993239	129.005895	6.47923623	202.476132	36	19.8171745	5.22113982	163.160619
2	10:18:57	19.44	84.800	28.010	17592.000	29.000	85.337238	17.8781514	173.925837	130.455466	6.55204001	204.751250	36	19.8171745	5.27980702	164.993969
2	10:19:12	19.69	84.690	28.020	17425.000	29.000	85.257724	17.8614932	173.763779	130.333912	6.54593504	204.560470	36	19.8171745	5.27488748	164.840234
2	10:19:27	19.94	85.310	27.950	17507.000	29.000	85.816230	17.9785002	174.902069	131.187703	6.58881612	205.900504	36	19.8171745	5.30944219	165.920068
2	10:19:42	20.19	84.940	27.990	15709.000	29.000	85.496539	17.9115248	174.250507	130.698989	6.56427080	205.133462	36	19.8171745	5.28966291	165.301966
2	10:19:57	20.44	85.570	27.910	15690.000	29.000	86.137383	18.0457817	175.556611	131.678651	6.61347368	206.671052	36	19.8171745	5.32931189	166.540997
2	10:20:12	20.69	85.510	27.920	15655.000	29.000	86.056957	18.0289325	175.392696	131.555704	6.60729873	206.478085	36	19.8171745	5.32433596	166.385499
2	10:20:27	20.94	85.120	27.970	15688.000	29.000	85.656202	17.9449743	174.575917	130.943068	6.57652947	205.516546	36	19.8171745	5.29954128	165.610665
2	10:20:42	21.19	85.220	27.960	15658.000	29.000	85.736170	17.9617277	174.738900	131.065316	6.58266930	205.708416	36	19.8171745	5.30448891	165.765278
2	10:20:57	21.44	85.400	27.940	15641.000	29.000	85.896381	17.9952918	175.065425	131.310230	6.59496996	206.092811	36	19.8171745	5.31440111	166.075035
2	10:21:12	21.69	85.270	27.950	15674.000	29.000	85.816230	17.9785002	174.902069	131.187703	6.58881612	205.900504	36	19.8171745	5.30944219	165.920068
2	10:21:27	21.94	85.500	27.920	15669.000	29.000	86.056957	18.0289325	175.392696	131.555704	6.60729873	206.478085	36	19.8171745	5.32433596	166.385499
2	10:21:42	22.19	84.990	27.990	15672.000	29.000	85.496539	17.9115248	174.250507	130.698989	6.56427080	205.133462	36	19.8171745	5.28966291	165.301966
2	10:21:57	22.44	85.260	27.950	15676.000	29.000	85.816230	17.9785002	174.902069	131.187703	6.58881612	205.900504	36	19.8171745	5.30944219	165.920068
2	10:22:12	22.69	83.570	28.170	15684.000	29.000	84.075782	17.6138763	171.354862	128.527071	6.45518764	201.724614	36	19.8171745	5.20176083	162.555026
2	10:22:27	22.94	84.470	28.050	15658.000	29.000	85.019723	17.8116320	173.278709	129.970079	6.52766176	203.989430	36	19.8171745	5.26016238	164.380074
2	10:22:42	23.19	84.590	28.040	15689.000	29.000	85.098966	17.8282335	173.440215	130.091219	6.53374593	204.179560	36	19.8171745	5.26506517	164.533286
2	10:22:57	23.44	85.140	27.970	15668.000	29.000	85.656202	17.9449743	174.575917	130.943068	6.57652947	205.516546	36	19.8171745	5.29954128	165.610665
2	10:23:12	23.69	84.510	28.050	15706.000	29.000	85.019723	17.8116320	173.278709	129.970079	6.52766176	203.989430	36	19.8171745	5.26016238	164.380074
2	10:23:27	23.94	84.690	28.030	15738.000	29.000	85.178300	17.8448539	173.601905	130.212497	6.53983702	204.369907	36	19.8171745	5.26997353	164.686673
2	10:23:42	24.19	84.530	28.050	15730.000	29.000	85.019723	17.8116320	173.278709	129.970079	6.52766176	203.989430	36	19.8171745	5.26016238	164.380074
2	10:23:57	24.44	84.670	28.030	15694.000	29.000	85.178300	17.8448539	173.601905	130.212497	6.53983702	204.369907	36	19.8171745	5.26997353	164.686673
2	10:24:12	24.69	84.250	28.080	15752.000	29.000	84.782532	17.7619404	172.795290	129.607484	6.50945065	203.420333	36	19.8171745	5.24548739	163.921481
2	10:24:27	24.94	84.830	28.010	15720.000	29.000	85.337238	17.8781514	173.925837	130.455466	6.55204001	204.751250	36	19.8171745	5.27980702	164.993969
2	10:24:42	25.19	83.990	28.110	15769.000	29.000	84.546147	17.7124178	172.313514	129.246121	6.49130145	202.853170	36	19.8171745	5.23086228	163.464446
2	10:24:57	25.44	84.820	28.010	15812.000	29.000	85.337238	17.8781514	173.925837	130.455466	6.55204001	204.751250	36	19.8171745	5.27980702	164.993969
2	10:25:12	25.69	83.820	28.140	15779.000	29.000	84.310565	17.6630634	171.833374	128.885985	6.47321387	202.287934	36	19.8171745	5.21628684	163.008964
2	10:25:27	25.94	84.690	28.020	15808.000	29.000	85.257724	17.8614932	173.763779	130.333912	6.54593504	204.560470	36	19.8171745	5.27488748	164.840234
2	10:25:42	26.19	83.910	28.120	15807.000	29.000	84.467531	17.6959477	172.153286	129.125940	6.48526542	202.664544	36	19.8171745	5.22599829	163.312447
2	10:25:57	26.44	82.680	28.280	15797.000	29.000	83.221689	17.4349438	169.614135	127.221415	6.38961191	199.675372	36	19.8171745	5.14891817	160.903693
2	10:26:12	26.69	84.120	28.100	15820.000	29.000	84.624853	17.7289066	172.473923	129.366439	6.49734432	203.042010	36	19.8171745	5.23573179	163.616618
2	10:26:27	26.94	83.750	28.140	15849.000	29.000	84.310565	17.6630634	171.833374	128.885985	6.47321387	202.287934	36	19.8171745	5.21628684	163.008964
2	10:26:42	27.19	82.310	28.330	15856.000	29.000	82.836953	17.3543416	168.830004	126.633267	6.36007256	198.752268	36	19.8171745	5.12511458	160.159831
2	10:26:57	27.44	83.150	28.220	15839.000	29.000	83.686242	17.5322678	170.560942	127.931581	6.42527951	200.789985	36	19.8171745	5.17766006	161.801877
2	10:27:12	27.69	83.430	28.190	15872.000	29.000	83.919702	17.5811775	171.036755	128.288471	6.44320411	201.350128	36	19.8171745	5.19210417	162.253255
2	10:27:27	27.94	82.570	28.300	15863.000	29.000	83.067534	17.4026484	169.299953	126.985758	6.37777622	199.305507	36	19.8171745	5.13938065	160.605645
2	10:27:42	28.19	82.980	28.240	15916.000	29.000	83.531042	17.4997532	170.244627	127.694324	6.41336348	200.417609	36	19.8171745	5.16805781	161.501807
2	10:27:57	28.44	81.480	28.440	15927.000	29.000	81.998104	17.1786028	167.120347	125.350915	6.29566729	196.739603	36	19.8171745	5.07321511	158.537972
2	10:28:12	28.69	82.400	28.320	15911.000	29.000	82.913727	17.3704257	168.986477	126.750632	6.36596714	198.936473	36	19.8171745	5.12986459	160.308268
2	10:28:27	28.94	82.080	28.360	15927.000	29.000	82.607147	17.3061974	168.361638	126.281963	6.34242854	198.200892	36	19.8171745	5.11089656	159.715517
2	10:28:42	29.19	82.030	28.370	15960.000	29.000	82.530718	17.2901854	168.205867	126.165124	6.33656040	198.017512	36	19.8171745	5.10616786	159.567745
2	10:28:57	29.44	82.250	28.340	15986.000	29.000	82.760265	17.3382755	168.673707	126.516034	6.35418461	198.568269	36	19.8171745	5.12036991	160.011560
2	10:29:12	29.69	80.640	28.550	15983.000	29.000	81.169527	17.0050160	165.431624	124.084265	6.23205064	194.751583	36	19.8171745	5.02195113	156.935973
2	10:29:27	29.94	81.010	28.500	16004.000	29.000	81.544891	17.0836546	166.196652	124.658085	6.26087036	195.652199	36	19.8171745	5.04517482	157.661713
2	10:29:42	30.19	80.500	28.570	16002.000	29.000	81.019967	16.9736832	165.126806	123.855633	6.22056770	194.392741	36	19.8171745	5.01269787	156.646809
2	10:29:57	30.44	81.590	28.430	16049.000	29.000	82.073936	17.1944896	167.274900	125.466840	6.30148953	196.921548	36	19.8171745	5.07790682	158.684588
2	10:30:12	30.69	80.770	28.540	16054.000	29.000	81.244432	17.0207086	165.584289	124.198773	6.23780172	194.931304	36	19.8171745	5.02658551	157.080797
2	10:30:27	30.94	81.050	28.500	16045.000	29.000	81.544891	17.0836546	166.196652	124.658085	6.26087036	195.652199	36	19.8171745	5.04517482	157.661713
2	10:30:42	31.19	80.500	28.570	16104.000	29.000	81.019967	16.9736832	165.126806	123.855633	6.22056770	194.392741	36	19.8171745	5.01269787	156.646809
2	10:30:57	31.44	80.580	28.560	16102.000	29.000	81.094706	16.9893408	165.279130	123.969885	6.22630597	194.572062	36	19.8171745	5.01732192	156.791310
2	10:31:12	31.69	80.880	28.520	16114.000	29.000	81.394494	17.0521464	165.890129	124.428173	6.24932316	195.291349	36	19.8171745	5.03586978	157.370931
2	10:31:27	31.94	80.420	28.580	16166.000	29.000	80.945312	16.9580430	164.974652	123.741507	6.21483583	194.213620	36	19.8171745	5.00807898	156.502468
2	10:31:42	32.19	79.840	28.660	16146.000	29.000	80.351055	16.8335460	163.763496	122.833063	6.16920981	192.787807	36	19.8171745	4.97131233	155.353510
2	10:31:57	32.44	80.130	28.620	16161.000	29.000	80.647523	16.8956560	164.367726	123.286274	6.19197206	193.499127	36	19.8171745	4.98965475	155.926711
2	10:32:12	32.69	80.040	28.630	16174.000	29.000	80.573282	16.8801026	164.216417	123.172782	6.18627200	193.321000	36	19.8171745	4.98506149	155.783172
2	10:32:27	32.94	79.190	28.750	16204.000	29.000	79.688797	16.6948030	162.413748	121.820666	6.11836284	191.198839	36	19.8171745	4.93033850	154.073078
2	10:32:42	33.19	79.140	28.760	16213.000	29.000	79.615620	16.6794724	162.264606	121.708799	6.11274443	191.023263	36	19.8171745	4.92581103	153.931595
2	10:32:57	33.44	79.470	28.710	16234.000	29.000	79.982318	16.7562957	163.011973	122.269373	6.14089885	191.903089	36	19.8171745	4.94849861	154.640582
2	10:33:12	33.69	79.680	28.680	16244.000	29.000	80.203315	16.8025944	163.462386	122.607211	6.15786657	192.433330	36	19.8171745	4.96217164	155.067864
2	10:33:27	33.94	79.380	28.720	16265.000	29.000	79.908816	16.7408969	162.862168	122.157010	6.13525548	191.726734	36	19.8171745	4.94395103	154.498470
2	10:33:42	34.19	78.720	28.820	16248.000	29.000	79.178252	16.5878438	161.373206	121.040193	6.07916410	189.973878	36	19.8171745	4.89875112	153.085972
2	10:33:57	34.44	79.080	28.770	16301.000	29.000	79.542524	16.6641587	162.115628	121.597057	6.10713222	190.847882	36	19.8171745	4.92128857	153.790268
2	10:34:12	34.69	79.190	28.750	16308.000	29.000	79.688797	16.6948030	162.413748	121.820666	6.11836284	191.198839	36	19.8171745	4.93033850	154.073078
2	10:34:27	34.94	78.930	28.790	16332.000	29.000	79.396573	16.6335821	161.818167	121.373942	6.09592642	190.497701	36	19.8171745	4.91225864	153.508082
2	10:34:42	35.19	77.900	28.930	16355.000	29.000	78.383894	16.4214258	159.754225	119.825854	6.01817473	188.067960	36	19.8171745	4.84960427	151.550133
2	10:34:57	35.44	77.190	29.030	16375.000	29.000	77.670043	16.2718741	158.299326	118.734587	5.96336655	186.355205	36	19.8171745	4.80543839	150.169950
2	10:35:12	35.69	77.780	28.950	16371.000	29.000	78.240496	16.3913840	159.461966	119.606641	6.00716489	187.723903	36	19.8171745	4.84073225	151.272883
2	10:35:27	35.94	77.170	29.030	16381.000	29.000	77.670043	16.2718741	158.299326	118.734587	5.96336655	186.355205	36	19.8171745	4.80543839	150.169950
2	10:35:42	36.19	76.890	29.070	16405.000	29.000	77.386688	16.2125110	157.721818	118.301419	5.94161099	185.675344	36	19.8171745	4.78790719	149.622100
2	10:35:57	36.44	78.480	28.850	16424.000	29.000	78.960653	16.5422568	160.929717	120.707548	6.06245722	189.451788	36	19.8171745	4.88528827	152.665259
2	10:36:12	36.69	77.620	28.970	16440.000	29.000	78.097413	16.3614080	159.170348	119.387909	5.99617923	187.380601	36	19.8171745	4.83187971	150.996241
2	10:36:27	36.94	77.530	28.980	16472.000	29.000	78.025989	16.3464448	159.024779	119.278723	5.99069543	187.209232	36	19.8171745	4.82746073	150.858148
2	10:36:42	37.19	77.040	29.050	16470.000	29.000	77.528210	16.2421601	158.010256	118.517766	5.95247686	186.014902	36	19.8171745	4.79666319	149.895725
2	10:36:57	37.44	77.120	29.040	16510.000	29.000	77.599088	16.2570090	158.154712	118.626117	5.95791872	186.184960	36	19.8171745	4.80104839	150.032762
2	10:37:12	37.69	77.250	29.020	16506.000	29.000	77.741077	16.2867555	158.444098	118.843176	5.96882035	186.525636	36	19.8171745	4.80983320	150.307288
2	10:37:27	37.94	76.280	29.160	16543.000	29.000	76.753650	16.0798896	156.431623	117.333691	5.89300747	184.156484	36	19.8171745	4.74874118	148.398162
2	10:37:42	38.19	75.470	29.280	16546.000	29.000	75.919201	15.9050725	154.730933	116.058065	5.82893998	182.154374	36	19.8171745	4.69711391	146.784810
2	10:37:57	38.44	76.030	29.200	16576.000	29.000	76.474288	16.0213634	155.862257	116.906630	5.87155862	183.486207	36	19.8171745	4.73145713	147.858035
