Chamber	Time	Logtime_min	OxyPercent_airsat	Phase	Amp	TempC	per_air-sat	per_oxygen	pO2_hPa	pO2_Torr	cO2_mg_L	cO2_umol_L	Salinity	chlorinity	SalCorcO2_mg_L	SalCorcO2_umol_L
6	10:45:03	0.00	78.910	28.810	18039.000	29.000	79.250945	16.6030731	161.521362	121.151320	6.08474537	190.148293	36	19.8171745	4.90324865	153.226520
6	10:45:09	0.09	78.140	28.920	18020.000	29.000	78.455711	16.4364716	159.900596	119.935642	6.02368873	188.240273	36	19.8171745	4.85404760	151.688987
6	10:45:24	0.34	78.110	28.920	18060.000	29.000	78.455711	16.4364716	159.900596	119.935642	6.02368873	188.240273	36	19.8171745	4.85404760	151.688987
6	10:45:39	0.59	77.970	28.940	17990.000	29.000	78.312156	16.4063966	159.608015	119.716187	6.01266678	187.895837	36	19.8171745	4.84516582	151.411432
6	10:45:54	0.84	79.190	28.770	18078.000	29.000	79.542524	16.6641587	162.115628	121.597057	6.10713222	190.847882	36	19.8171745	4.92128857	153.790268
6	10:46:09	1.09	79.330	28.750	18076.000	29.000	79.688797	16.6948030	162.413748	121.820666	6.11836284	191.198839	36	19.8171745	4.93033850	154.073078
6	10:46:24	1.34	78.240	28.900	18053.000	29.000	78.599583	16.4666127	160.193821	120.155579	6.03473496	188.585468	36	19.8171745	4.86294894	151.967154
6	10:46:39	1.59	77.520	29.000	18102.000	29.000	77.883377	16.3165674	158.734120	119.060710	5.97974589	186.867059	36	19.8171745	4.81863730	150.582416
6	10:46:54	1.84	77.790	28.970	18092.000	29.000	78.097413	16.3614080	159.170348	119.387909	5.99617923	187.380601	36	19.8171745	4.83187971	150.996241
6	10:47:09	2.09	80.530	28.590	18107.000	29.000	80.870741	16.9424202	164.822667	123.627509	6.20911033	194.034698	36	19.8171745	5.00346522	156.358288
6	10:47:24	2.34	77.720	28.980	18077.000	29.000	78.025989	16.3464448	159.024779	119.278723	5.99069543	187.209232	36	19.8171745	4.82746073	150.858148
6	10:47:39	2.59	78.940	28.810	18075.000	29.000	79.250945	16.6030731	161.521362	121.151320	6.08474537	190.148293	36	19.8171745	4.90324865	153.226520
6	10:47:54	2.84	77.720	28.980	18140.000	29.000	78.025989	16.3464448	159.024779	119.278723	5.99069543	187.209232	36	19.8171745	4.82746073	150.858148
6	10:48:09	3.09	78.430	28.880	18147.000	29.000	78.743772	16.4968203	160.487693	120.376002	6.04580554	188.931423	36	19.8171745	4.87186991	152.245935
6	10:48:24	3.34	78.850	28.820	18071.000	29.000	79.178252	16.5878438	161.373206	121.040193	6.07916410	189.973878	36	19.8171745	4.89875112	153.085972
6	10:48:39	3.59	78.700	28.840	18178.000	29.000	79.033106	16.5574357	161.077384	120.818307	6.06802004	189.625626	36	19.8171745	4.88977094	152.805342
6	10:48:54	3.84	78.090	28.920	18054.000	29.000	78.455711	16.4364716	159.900596	119.935642	6.02368873	188.240273	36	19.8171745	4.85404760	151.688987
6	10:49:09	4.09	77.350	29.030	18155.000	29.000	77.670043	16.2718741	158.299326	118.734587	5.96336655	186.355205	36	19.8171745	4.80543839	150.169950
6	10:49:24	4.34	78.120	28.920	18078.000	29.000	78.455711	16.4364716	159.900596	119.935642	6.02368873	188.240273	36	19.8171745	4.85404760	151.688987
6	10:49:39	4.59	78.240	28.900	18103.000	29.000	78.599583	16.4666127	160.193821	120.155579	6.03473496	188.585468	36	19.8171745	4.86294894	151.967154
6	10:49:54	4.84	78.330	28.890	18091.000	29.000	78.671638	16.4817082	160.340676	120.265730	6.04026720	188.758350	36	19.8171745	4.86740697	152.106468
6	10:50:09	5.09	78.720	28.840	18076.000	29.000	79.033106	16.5574357	161.077384	120.818307	6.06802004	189.625626	36	19.8171745	4.88977094	152.805342
6	10:50:24	5.34	77.870	28.950	18094.000	29.000	78.240496	16.3913840	159.461966	119.606641	6.00716489	187.723903	36	19.8171745	4.84073225	151.272883
6	10:50:39	5.59	76.400	29.160	18146.000	29.000	76.753650	16.0798896	156.431623	117.333691	5.89300747	184.156484	36	19.8171745	4.74874118	148.398162
6	10:50:54	5.84	78.490	28.870	18138.000	29.000	78.815986	16.5119491	160.634872	120.486395	6.05134998	189.104687	36	19.8171745	4.87633776	152.385555
6	10:51:09	6.09	78.500	28.870	18103.000	29.000	78.815986	16.5119491	160.634872	120.486395	6.05134998	189.104687	36	19.8171745	4.87633776	152.385555
6	10:51:24	6.34	77.890	28.950	18094.000	29.000	78.240496	16.3913840	159.461966	119.606641	6.00716489	187.723903	36	19.8171745	4.84073225	151.272883
6	10:51:39	6.59	79.090	28.790	18114.000	29.000	79.396573	16.6335821	161.818167	121.373942	6.09592642	190.497701	36	19.8171745	4.91225864	153.508082
6	10:51:54	6.84	78.060	28.930	18129.000	29.000	78.383894	16.4214258	159.754225	119.825854	6.01817473	188.067960	36	19.8171745	4.84960427	151.550133
6	10:52:09	7.09	79.770	28.690	18117.000	29.000	80.129567	16.7871444	163.312082	122.494474	6.15220439	192.256387	36	19.8171745	4.95760891	154.925278
6	10:52:24	7.34	76.660	29.130	18131.000	29.000	76.963971	16.1239520	156.860280	117.655211	5.90915560	184.661113	36	19.8171745	4.76175377	148.804805
6	10:52:39	7.59	78.310	28.890	18090.000	29.000	78.671638	16.4817082	160.340676	120.265730	6.04026720	188.758350	36	19.8171745	4.86740697	152.106468
6	10:52:54	7.84	79.060	28.790	18148.000	29.000	79.396573	16.6335821	161.818167	121.373942	6.09592642	190.497701	36	19.8171745	4.91225864	153.508082
6	10:53:09	8.09	78.060	28.930	18080.000	29.000	78.383894	16.4214258	159.754225	119.825854	6.01817473	188.067960	36	19.8171745	4.84960427	151.550133
6	10:53:24	8.34	77.040	29.070	18042.000	29.000	77.386688	16.2125110	157.721818	118.301419	5.94161099	185.675344	36	19.8171745	4.78790719	149.622100
6	10:53:39	8.59	80.350	28.610	18053.000	29.000	80.721846	16.9112267	164.519205	123.399892	6.19767846	193.677452	36	19.8171745	4.99425312	156.070410
6	10:53:54	8.84	78.560	28.860	18021.000	29.000	78.888280	16.5270946	160.782213	120.596911	6.05690054	189.278142	36	19.8171745	4.88081055	152.525330
6	10:54:09	9.09	77.500	29.010	18053.000	29.000	77.812188	16.3016533	158.589030	118.951883	5.97428013	186.696254	36	19.8171745	4.81423284	150.444776
6	10:54:24	9.34	77.650	28.990	18065.000	29.000	77.954644	16.3314979	158.879370	119.169657	5.98521766	187.038052	36	19.8171745	4.82304659	150.720206
6	10:54:39	9.59	78.390	28.880	18056.000	29.000	78.743772	16.4968203	160.487693	120.376002	6.04580554	188.931423	36	19.8171745	4.87186991	152.245935
6	10:54:54	9.84	79.520	28.730	18135.000	29.000	79.835395	16.7255153	162.712529	122.044771	6.12961836	191.550574	36	19.8171745	4.93940849	154.356515
6	10:55:09	10.09	79.200	28.770	18095.000	29.000	79.542524	16.6641587	162.115628	121.597057	6.10713222	190.847882	36	19.8171745	4.92128857	153.790268
6	10:55:24	10.34	77.170	29.050	18100.000	29.000	77.528210	16.2421601	158.010256	118.517766	5.95247686	186.014902	36	19.8171745	4.79666319	149.895725
6	10:55:39	10.59	79.280	28.760	18111.000	29.000	79.615620	16.6794724	162.264606	121.708799	6.11274443	191.023263	36	19.8171745	4.92581103	153.931595
6	10:55:54	10.84	78.620	28.850	18037.000	29.000	78.960653	16.5422568	160.929717	120.707548	6.06245722	189.451788	36	19.8171745	4.88528827	152.665259
6	10:56:09	11.09	79.580	28.720	17999.000	29.000	79.908816	16.7408969	162.862168	122.157010	6.13525548	191.726734	36	19.8171745	4.94395103	154.498470
6	10:56:24	11.34	79.120	28.780	18019.000	29.000	79.469508	16.6488620	161.966815	121.485438	6.10152622	190.672694	36	19.8171745	4.91677110	153.649097
6	10:56:39	11.59	78.810	28.820	18043.000	29.000	79.178252	16.5878438	161.373206	121.040193	6.07916410	189.973878	36	19.8171745	4.89875112	153.085972
6	10:56:54	11.84	78.470	28.870	17945.000	29.000	78.815986	16.5119491	160.634872	120.486395	6.05134998	189.104687	36	19.8171745	4.87633776	152.385555
6	10:57:09	12.09	78.180	28.910	18019.000	29.000	78.527608	16.4515338	160.047128	120.045550	6.02920881	188.412775	36	19.8171745	4.85849582	151.827994
6	10:57:24	12.34	78.490	28.870	18035.000	29.000	78.815986	16.5119491	160.634872	120.486395	6.05134998	189.104687	36	19.8171745	4.87633776	152.385555
6	10:57:39	12.59	78.210	28.910	18049.000	29.000	78.527608	16.4515338	160.047128	120.045550	6.02920881	188.412775	36	19.8171745	4.85849582	151.827994
6	10:57:54	12.84	79.160	28.780	18021.000	29.000	79.469508	16.6488620	161.966815	121.485438	6.10152622	190.672694	36	19.8171745	4.91677110	153.649097
6	10:58:09	13.09	79.770	28.690	18030.000	29.000	80.129567	16.7871444	163.312082	122.494474	6.15220439	192.256387	36	19.8171745	4.95760891	154.925278
6	10:58:24	13.34	78.360	28.890	17953.000	29.000	78.671638	16.4817082	160.340676	120.265730	6.04026720	188.758350	36	19.8171745	4.86740697	152.106468
6	10:58:39	13.59	79.820	28.680	17960.000	29.000	80.203315	16.8025944	163.462386	122.607211	6.15786657	192.433330	36	19.8171745	4.96217164	155.067864
6	10:58:54	13.84	79.850	28.680	17972.000	29.000	80.203315	16.8025944	163.462386	122.607211	6.15786657	192.433330	36	19.8171745	4.96217164	155.067864
6	10:59:09	14.09	78.950	28.800	17925.000	29.000	79.323719	16.6183192	161.669683	121.262569	6.09033281	190.322900	36	19.8171745	4.90775115	153.367224
6	10:59:24	14.34	79.430	28.740	17903.000	29.000	79.762056	16.7101506	162.563056	121.932656	6.12398749	191.374609	36	19.8171745	4.93487099	154.214718
6	10:59:39	14.59	78.170	28.910	17901.000	29.000	78.527608	16.4515338	160.047128	120.045550	6.02920881	188.412775	36	19.8171745	4.85849582	151.827994
6	10:59:54	14.84	80.240	28.630	17890.000	29.000	80.573282	16.8801026	164.216417	123.172782	6.18627200	193.321000	36	19.8171745	4.98506149	155.783172
6	11:00:09	15.09	77.630	28.990	17890.000	29.000	77.954644	16.3314979	158.879370	119.169657	5.98521766	187.038052	36	19.8171745	4.82304659	150.720206
6	11:00:24	15.34	78.060	28.930	17845.000	29.000	78.383894	16.4214258	159.754225	119.825854	6.01817473	188.067960	36	19.8171745	4.84960427	151.550133
6	11:00:39	15.59	80.070	28.650	17905.000	29.000	80.425048	16.8490476	163.914302	122.946177	6.17489089	192.965340	36	19.8171745	4.97589029	155.496572
6	11:00:54	15.84	79.940	28.670	17907.000	29.000	80.277144	16.8180616	163.612858	122.720074	6.16353504	192.610470	36	19.8171745	4.96673945	155.210608
6	11:01:09	16.09	80.590	28.580	17923.000	29.000	80.945312	16.9580430	164.974652	123.741507	6.21483583	194.213620	36	19.8171745	5.00807898	156.502468
6	11:01:24	16.34	80.530	28.590	17976.000	29.000	80.870741	16.9424202	164.822667	123.627509	6.20911033	194.034698	36	19.8171745	5.00346522	156.358288
6	11:01:39	16.59	80.110	28.650	17969.000	29.000	80.425048	16.8490476	163.914302	122.946177	6.17489089	192.965340	36	19.8171745	4.97589029	155.496572
6	11:01:54	16.84	79.570	28.720	17950.000	29.000	79.908816	16.7408969	162.862168	122.157010	6.13525548	191.726734	36	19.8171745	4.94395103	154.498470
6	11:02:09	17.09	80.490	28.590	17884.000	29.000	80.870741	16.9424202	164.822667	123.627509	6.20911033	194.034698	36	19.8171745	5.00346522	156.358288
6	11:02:24	17.34	79.880	28.680	17915.000	29.000	80.203315	16.8025944	163.462386	122.607211	6.15786657	192.433330	36	19.8171745	4.96217164	155.067864
6	11:02:39	17.59	81.960	28.400	17934.000	29.000	82.301943	17.2422570	167.739600	125.815395	6.31899546	197.468608	36	19.8171745	5.09201356	159.125424
6	11:02:54	17.84	80.620	28.580	17854.000	29.000	80.945312	16.9580430	164.974652	123.741507	6.21483583	194.213620	36	19.8171745	5.00807898	156.502468
6	11:03:09	18.09	79.550	28.720	17890.000	29.000	79.908816	16.7408969	162.862168	122.157010	6.13525548	191.726734	36	19.8171745	4.94395103	154.498470
6	11:03:24	18.34	81.200	28.500	17826.000	29.000	81.544891	17.0836546	166.196652	124.658085	6.26087036	195.652199	36	19.8171745	5.04517482	157.661713
6	11:03:39	18.59	80.190	28.630	17855.000	29.000	80.573282	16.8801026	164.216417	123.172782	6.18627200	193.321000	36	19.8171745	4.98506149	155.783172
6	11:03:54	18.84	81.290	28.490	17871.000	29.000	81.620215	17.0994351	166.350171	124.773234	6.26665364	195.832926	36	19.8171745	5.04983514	157.807348
6	11:04:09	19.09	81.080	28.520	17819.000	29.000	81.394494	17.0521464	165.890129	124.428173	6.24932316	195.291349	36	19.8171745	5.03586978	157.370931
6	11:04:24	19.34	81.880	28.410	17808.000	29.000	82.225855	17.2263167	167.584527	125.699079	6.31315361	197.286050	36	19.8171745	5.08730605	158.978314
6	11:04:39	19.59	80.820	28.550	17817.000	29.000	81.169527	17.0050160	165.431624	124.084265	6.23205064	194.751583	36	19.8171745	5.02195113	156.935973
6	11:04:54	19.84	81.430	28.470	17820.000	29.000	81.771117	17.1310490	166.657725	125.003919	6.27823963	196.194988	36	19.8171745	5.05917144	158.099107
6	11:05:09	20.09	80.610	28.580	17791.000	29.000	80.945312	16.9580430	164.974652	123.741507	6.21483583	194.213620	36	19.8171745	5.00807898	156.502468
6	11:05:24	20.34	81.630	28.440	17802.000	29.000	81.998104	17.1786028	167.120347	125.350915	6.29566729	196.739603	36	19.8171745	5.07321511	158.537972
6	11:05:39	20.59	81.470	28.460	17742.000	29.000	81.846695	17.1468826	166.811760	125.119455	6.28404235	196.376323	36	19.8171745	5.06384742	158.245232
6	11:05:54	20.84	81.320	28.480	17816.000	29.000	81.695624	17.1152332	166.503862	124.888512	6.27244340	196.013856	36	19.8171745	5.05450068	157.953146
6	11:06:09	21.09	80.470	28.600	17837.000	29.000	80.796252	16.9268147	164.670851	123.513637	6.20339121	193.855975	36	19.8171745	4.99885661	156.214269
6	11:06:24	21.34	80.690	28.570	17784.000	29.000	81.019967	16.9736832	165.126806	123.855633	6.22056770	194.392741	36	19.8171745	5.01269787	156.646809
6	11:06:39	21.59	80.780	28.560	17815.000	29.000	81.094706	16.9893408	165.279130	123.969885	6.22630597	194.572062	36	19.8171745	5.01732192	156.791310
6	11:06:54	21.84	81.780	28.420	17789.000	29.000	82.149853	17.2103942	167.429627	125.582895	6.30731830	197.103697	36	19.8171745	5.08260380	158.831369
6	11:07:09	22.09	80.130	28.640	17787.000	29.000	80.499124	16.8645665	164.065275	123.059417	6.18057828	193.143071	36	19.8171745	4.98047334	155.639792
6	11:07:24	22.34	80.740	28.560	17850.000	29.000	81.094706	16.9893408	165.279130	123.969885	6.22630597	194.572062	36	19.8171745	5.01732192	156.791310
6	11:07:39	22.59	80.910	28.540	17817.000	29.000	81.244432	17.0207086	165.584289	124.198773	6.23780172	194.931304	36	19.8171745	5.02658551	157.080797
6	11:07:54	22.84	81.050	28.520	17848.000	29.000	81.394494	17.0521464	165.890129	124.428173	6.24932316	195.291349	36	19.8171745	5.03586978	157.370931
6	11:08:09	23.09	82.610	28.310	17830.000	29.000	82.990587	17.3865280	169.143127	126.868129	6.37186836	199.120886	36	19.8171745	5.13461994	160.456873
6	11:08:24	23.34	81.110	28.510	17848.000	29.000	81.469650	17.0678917	166.043305	124.543065	6.25509354	195.471673	36	19.8171745	5.04051970	157.516241
6	11:08:39	23.59	80.820	28.550	17846.000	29.000	81.169527	17.0050160	165.431624	124.084265	6.23205064	194.751583	36	19.8171745	5.02195113	156.935973
6	11:08:54	23.84	81.240	28.490	17864.000	29.000	81.620215	17.0994351	166.350171	124.773234	6.26665364	195.832926	36	19.8171745	5.04983514	157.807348
6	11:09:09	24.09	78.860	28.820	17909.000	29.000	79.178252	16.5878438	161.373206	121.040193	6.07916410	189.973878	36	19.8171745	4.89875112	153.085972
6	11:09:24	24.34	79.680	28.700	17869.000	29.000	80.055902	16.7717115	163.161944	122.381861	6.14654849	192.079640	36	19.8171745	4.95305123	154.782851
6	11:09:39	24.59	80.270	28.620	17897.000	29.000	80.647523	16.8956560	164.367726	123.286274	6.19197206	193.499127	36	19.8171745	4.98965475	155.926711
6	11:09:54	24.84	79.180	28.770	17951.000	29.000	79.542524	16.6641587	162.115628	121.597057	6.10713222	190.847882	36	19.8171745	4.92128857	153.790268
6	11:10:09	25.09	80.770	28.560	17892.000	29.000	81.094706	16.9893408	165.279130	123.969885	6.22630597	194.572062	36	19.8171745	5.01732192	156.791310
6	11:10:24	25.34	80.700	28.570	17920.000	29.000	81.019967	16.9736832	165.126806	123.855633	6.22056770	194.392741	36	19.8171745	5.01269787	156.646809
6	11:10:39	25.59	79.990	28.660	17900.000	29.000	80.351055	16.8335460	163.763496	122.833063	6.16920981	192.787807	36	19.8171745	4.97131233	155.353510
6	11:10:54	25.84	80.230	28.630	17946.000	29.000	80.573282	16.8801026	164.216417	123.172782	6.18627200	193.321000	36	19.8171745	4.98506149	155.783172
6	11:11:09	26.09	78.800	28.830	17953.000	29.000	79.105639	16.5726314	161.225213	120.929189	6.07358900	189.799656	36	19.8171745	4.89425855	152.945580
6	11:11:24	26.34	78.650	28.850	17976.000	29.000	78.960653	16.5422568	160.929717	120.707548	6.06245722	189.451788	36	19.8171745	4.88528827	152.665259
6	11:11:39	26.59	78.490	28.870	17995.000	29.000	78.815986	16.5119491	160.634872	120.486395	6.05134998	189.104687	36	19.8171745	4.87633776	152.385555
6	11:11:54	26.84	79.590	28.720	17997.000	29.000	79.908816	16.7408969	162.862168	122.157010	6.13525548	191.726734	36	19.8171745	4.94395103	154.498470
6	11:12:09	27.09	79.690	28.700	18037.000	29.000	80.055902	16.7717115	163.161944	122.381861	6.14654849	192.079640	36	19.8171745	4.95305123	154.782851
6	11:12:24	27.34	78.830	28.820	18056.000	29.000	79.178252	16.5878438	161.373206	121.040193	6.07916410	189.973878	36	19.8171745	4.89875112	153.085972
6	11:12:39	27.59	79.680	28.700	18056.000	29.000	80.055902	16.7717115	163.161944	122.381861	6.14654849	192.079640	36	19.8171745	4.95305123	154.782851
6	11:12:54	27.84	78.900	28.810	18063.000	29.000	79.250945	16.6030731	161.521362	121.151320	6.08474537	190.148293	36	19.8171745	4.90324865	153.226520
6	11:13:09	28.09	79.250	28.760	18088.000	29.000	79.615620	16.6794724	162.264606	121.708799	6.11274443	191.023263	36	19.8171745	4.92581103	153.931595
6	11:13:24	28.34	79.340	28.750	18094.000	29.000	79.688797	16.6948030	162.413748	121.820666	6.11836284	191.198839	36	19.8171745	4.93033850	154.073078
6	11:13:39	28.59	77.130	29.060	18126.000	29.000	77.457410	16.2273274	157.865958	118.409533	5.94704096	185.845030	36	19.8171745	4.79228279	149.758837
6	11:13:54	28.84	79.460	28.730	18139.000	29.000	79.835395	16.7255153	162.712529	122.044771	6.12961836	191.550574	36	19.8171745	4.93940849	154.356515
6	11:14:09	29.09	78.750	28.830	18142.000	29.000	79.105639	16.5726314	161.225213	120.929189	6.07358900	189.799656	36	19.8171745	4.89425855	152.945580
6	11:14:24	29.34	77.440	29.020	18195.000	29.000	77.741077	16.2867555	158.444098	118.843176	5.96882035	186.525636	36	19.8171745	4.80983320	150.307288
6	11:14:39	29.59	78.240	28.900	18140.000	29.000	78.599583	16.4666127	160.193821	120.155579	6.03473496	188.585468	36	19.8171745	4.86294894	151.967154
6	11:14:54	29.84	78.620	28.850	18224.000	29.000	78.960653	16.5422568	160.929717	120.707548	6.06245722	189.451788	36	19.8171745	4.88528827	152.665259
6	11:15:09	30.09	78.570	28.860	18152.000	29.000	78.888280	16.5270946	160.782213	120.596911	6.05690054	189.278142	36	19.8171745	4.88081055	152.525330
6	11:15:24	30.34	78.070	28.930	18204.000	29.000	78.383894	16.4214258	159.754225	119.825854	6.01817473	188.067960	36	19.8171745	4.84960427	151.550133
6	11:15:39	30.59	77.230	29.050	18192.000	29.000	77.528210	16.2421601	158.010256	118.517766	5.95247686	186.014902	36	19.8171745	4.79666319	149.895725
6	11:15:54	30.84	77.370	29.020	18242.000	29.000	77.741077	16.2867555	158.444098	118.843176	5.96882035	186.525636	36	19.8171745	4.80983320	150.307288
6	11:16:09	31.09	77.830	28.960	18258.000	29.000	78.168915	16.3763878	159.316077	119.497215	6.00166904	187.552158	36	19.8171745	4.83630355	151.134486
6	11:16:24	31.34	77.200	29.050	18307.000	29.000	77.528210	16.2421601	158.010256	118.517766	5.95247686	186.014902	36	19.8171745	4.79666319	149.895725
6	11:16:39	31.59	76.780	29.110	18281.000	29.000	77.104569	16.1534072	157.146832	117.870143	5.91995043	184.998451	36	19.8171745	4.77045253	149.076642
6	11:16:54	31.84	76.730	29.120	18288.000	29.000	77.034232	16.1386716	157.003478	117.762618	5.91455007	184.829690	36	19.8171745	4.76610078	148.940649
6	11:17:09	32.09	76.800	29.110	18348.000	29.000	77.104569	16.1534072	157.146832	117.870143	5.91995043	184.998451	36	19.8171745	4.77045253	149.076642
6	11:17:24	32.34	76.570	29.140	18308.000	29.000	76.893788	16.1092485	156.717239	117.547921	5.90376702	184.492719	36	19.8171745	4.75741151	148.669110
6	11:17:39	32.59	76.310	29.180	18315.000	29.000	76.613817	16.0505946	156.146630	117.119928	5.88227136	183.820980	36	19.8171745	4.74008974	148.127805
6	11:17:54	32.84	76.780	29.110	18324.000	29.000	77.104569	16.1534072	157.146832	117.870143	5.91995043	184.998451	36	19.8171745	4.77045253	149.076642
6	11:18:09	33.09	76.450	29.160	18371.000	29.000	76.753650	16.0798896	156.431623	117.333691	5.89300747	184.156484	36	19.8171745	4.74874118	148.398162
