Chamber	Time/hh:mm:ss	Logtime/min	Oxy/% air sat.	Phase/°	Amp	Temp/°C	% air-sat.	% oxygen	pO2 (hPa)	pO2 (Torr)	cO2 [mg/L]	cO2 [µmol/L]	Salinity	chlorinity	SalCorcO2 [mg/L]	SalCorcO2 [µmol/L]
4	10:27:21 AM	0.00	77.600	28.810	15010.000	29.000	77.617776	16.2609241	158.192800	118.654686	5.95935357	186.229799	35	19.3739612	4.82813611	150.879254
4	10:27:32 AM	0.19	77.100	28.880	15024.000	29.000	77.123100	16.1572894	157.184600	117.898471	5.92137319	185.042912	35	19.3739612	4.79736525	149.917664
4	10:27:47 AM	0.44	79.220	28.590	14975.000	29.000	79.197751	16.5919288	161.412946	121.070001	6.08066117	190.020661	35	19.3739612	4.92641683	153.950526
4	10:28:02 AM	0.69	78.910	28.630	14970.000	29.000	78.907595	16.5311412	160.821581	120.626439	6.05838357	189.324486	35	19.3739612	4.90836802	153.386501
4	10:28:17 AM	0.94	78.280	28.720	14934.000	29.000	78.259458	16.3953565	159.500612	119.635628	6.00862075	187.769399	35	19.3739612	4.86805129	152.126603
4	10:28:32 AM	1.19	77.940	28.760	14959.000	29.000	77.973474	16.3354429	158.917748	119.198443	5.98666343	187.083232	35	19.3739612	4.85026195	151.570686
4	10:28:47 AM	1.44	77.940	28.760	14934.000	29.000	77.973474	16.3354429	158.917748	119.198443	5.98666343	187.083232	35	19.3739612	4.85026195	151.570686
4	10:29:02 AM	1.69	79.120	28.600	14942.000	29.000	79.125090	16.5767064	161.264857	120.958924	6.07508244	189.846326	35	19.3739612	4.92189707	153.809283
4	10:29:17 AM	1.94	78.960	28.620	14926.000	29.000	78.980013	16.5463127	160.969175	120.737144	6.06394364	189.498239	35	19.3739612	4.91287267	153.527271
4	10:29:32 AM	2.19	78.270	28.720	14901.000	29.000	78.259458	16.3953565	159.500612	119.635628	6.00862075	187.769399	35	19.3739612	4.86805129	152.126603
4	10:29:47 AM	2.44	78.910	28.630	14887.000	29.000	78.907595	16.5311412	160.821581	120.626439	6.05838357	189.324486	35	19.3739612	4.90836802	153.386501
4	10:30:02 AM	2.69	79.270	28.580	14888.000	29.000	79.270492	16.6071681	161.561201	121.181201	6.08624613	190.195192	35	19.3739612	4.93094165	154.091927
4	10:30:17 AM	2.94	79.460	28.550	14865.000	29.000	79.489205	16.6529885	162.006960	121.515549	6.10303854	190.719954	35	19.3739612	4.94454649	154.517078
4	10:30:32 AM	3.19	79.760	28.510	14888.000	29.000	79.781967	16.7143221	162.603638	121.963095	6.12551627	191.422383	35	19.3739612	4.96275744	155.086170
4	10:30:47 AM	3.44	80.330	28.440	14832.000	29.000	80.297469	16.8223197	163.654281	122.751145	6.16509553	192.659235	35	19.3739612	4.99482369	156.088240
4	10:31:02 AM	3.69	79.200	28.590	14866.000	29.000	79.197751	16.5919288	161.412946	121.070001	6.08066117	190.020661	35	19.3739612	4.92641683	153.950526
4	10:31:17 AM	3.94	79.800	28.510	14865.000	29.000	79.781967	16.7143221	162.603638	121.963095	6.12551627	191.422383	35	19.3739612	4.96275744	155.086170
4	10:31:32 AM	4.19	80.610	28.400	14861.000	29.000	80.593864	16.8844146	164.258366	123.204247	6.18785227	193.370384	35	19.3739612	5.01326069	156.664397
4	10:31:47 AM	4.44	79.390	28.560	14868.000	29.000	79.416219	16.6376980	161.858207	121.403975	6.09743481	190.544838	35	19.3739612	4.94000647	154.375202
4	10:32:02 AM	4.69	79.760	28.510	14824.000	29.000	79.781967	16.7143221	162.603638	121.963095	6.12551627	191.422383	35	19.3739612	4.96275744	155.086170
4	10:32:17 AM	4.94	80.310	28.440	14800.000	29.000	80.297469	16.8223197	163.654281	122.751145	6.16509553	192.659235	35	19.3739612	4.99482369	156.088240
4	10:32:32 AM	5.19	79.840	28.500	14814.000	29.000	79.855363	16.7296985	162.753225	122.075295	6.13115145	191.598483	35	19.3739612	4.96732294	155.228842
4	10:32:47 AM	5.44	80.630	28.400	14766.000	29.000	80.593864	16.8844146	164.258366	123.204247	6.18785227	193.370384	35	19.3739612	5.01326069	156.664397
4	10:33:02 AM	5.69	78.770	28.650	14814.000	29.000	78.763003	16.5008491	160.526886	120.405399	6.04728200	188.977562	35	19.3739612	4.89937377	153.105430
4	10:33:17 AM	5.94	80.800	28.370	14817.000	29.000	80.817038	16.9311694	164.713215	123.545413	6.20498711	193.905847	35	19.3739612	5.02714296	157.098217
4	10:33:32 AM	6.19	78.840	28.640	14784.000	29.000	78.835259	16.5159867	160.674151	120.515857	6.05282969	189.150928	35	19.3739612	4.90386839	153.245887
4	10:33:47 AM	6.44	81.360	28.300	14777.000	29.000	81.340716	17.0408800	165.780524	124.345963	6.24519421	195.162319	35	19.3739612	5.05971786	158.116183
4	10:34:02 AM	6.69	80.730	28.380	14739.000	29.000	80.742563	16.9155669	164.561428	123.431563	6.19926907	193.727159	35	19.3739612	5.02251033	156.953448
4	10:34:17 AM	6.94	79.910	28.490	14736.000	29.000	79.928841	16.7450921	162.902981	122.187621	6.13679295	191.774780	35	19.3739612	4.97189356	155.371674
4	10:34:32 AM	7.19	81.510	28.280	14712.000	29.000	81.491099	17.0723853	166.087020	124.575854	6.25674036	195.523136	35	19.3739612	5.06907230	158.408509
4	10:34:47 AM	7.44	80.990	28.350	14728.000	29.000	80.966239	16.9624270	165.017302	123.773497	6.21644252	194.263829	35	19.3739612	5.03642387	157.388246
4	10:35:02 AM	7.69	80.470	28.420	14715.000	29.000	80.445500	16.8533322	163.955984	122.977441	6.17646112	193.014410	35	19.3739612	5.00403183	156.375995
4	10:35:17 AM	7.94	80.600	28.400	14699.000	29.000	80.593864	16.8844146	164.258366	123.204247	6.18785227	193.370384	35	19.3739612	5.01326069	156.664397
4	10:35:32 AM	8.19	80.700	28.390	14684.000	29.000	80.668172	16.8999820	164.409812	123.317841	6.19355746	193.548671	35	19.3739612	5.01788291	156.808841
4	10:35:47 AM	8.44	81.400	28.290	14699.000	29.000	81.415865	17.0566238	165.933686	124.460844	6.25096403	195.342626	35	19.3739612	5.06439244	158.262264
4	10:36:02 AM	8.69	80.770	28.380	14649.000	29.000	80.742563	16.9155669	164.561428	123.431563	6.19926907	193.727159	35	19.3739612	5.02251033	156.953448
4	10:36:17 AM	8.94	82.640	28.130	14667.000	29.000	82.629877	17.3109593	168.407964	126.316710	6.34417370	198.255428	35	19.3739612	5.13990884	160.622151
4	10:36:32 AM	9.19	82.000	28.210	14662.000	29.000	82.020124	17.1832160	167.165225	125.384577	6.29735792	196.792435	35	19.3739612	5.10197974	159.436867
4	10:36:47 AM	9.44	81.080	28.340	14643.000	29.000	81.040966	16.9780823	165.169603	123.887732	6.22217990	194.443122	35	19.3739612	5.04107218	157.533506
4	10:37:02 AM	9.69	82.070	28.200	14658.000	29.000	82.096041	17.1991206	167.319953	125.500632	6.30318672	196.974585	35	19.3739612	5.10670210	159.584441
4	10:37:17 AM	9.94	82.060	28.210	14605.000	29.000	82.020124	17.1832160	167.165225	125.384577	6.29735792	196.792435	35	19.3739612	5.10197974	159.436867
4	10:37:32 AM	10.19	82.540	28.140	14642.000	29.000	82.553355	17.2949280	168.252005	126.199731	6.33829848	198.071828	35	19.3739612	5.13514888	160.473402
4	10:37:47 AM	10.44	82.330	28.170	14605.000	29.000	82.324310	17.2469429	167.785187	125.849587	6.32071276	197.522274	35	19.3739612	5.12090131	160.028166
4	10:38:02 AM	10.69	81.550	28.270	14605.000	29.000	81.566418	17.0881646	166.240528	124.690995	6.26252322	195.703851	35	19.3739612	5.07375744	158.554920
4	10:38:17 AM	10.94	81.620	28.260	14575.000	29.000	81.641822	17.1039618	166.394209	124.806265	6.26831261	195.884769	35	19.3739612	5.07844788	158.701496
4	10:38:32 AM	11.19	82.550	28.140	14602.000	29.000	82.553355	17.2949280	168.252005	126.199731	6.33829848	198.071828	35	19.3739612	5.13514888	160.473402
4	10:38:47 AM	11.44	82.420	28.160	14584.000	29.000	82.400572	17.2629198	167.940616	125.966169	6.32656803	197.705251	35	19.3739612	5.12564512	160.176410
4	10:39:02 AM	11.69	81.580	28.270	14616.000	29.000	81.566418	17.0881646	166.240528	124.690995	6.26252322	195.703851	35	19.3739612	5.07375744	158.554920
4	10:39:17 AM	11.94	81.540	28.270	14587.000	29.000	81.566418	17.0881646	166.240528	124.690995	6.26252322	195.703851	35	19.3739612	5.07375744	158.554920
4	10:39:32 AM	12.19	82.840	28.100	14571.000	29.000	82.859965	17.3591626	168.876905	126.668446	6.36183940	198.807481	35	19.3739612	5.15422120	161.069413
4	10:39:47 AM	12.44	81.040	28.340	14600.000	29.000	81.040966	16.9780823	165.169603	123.887732	6.22217990	194.443122	35	19.3739612	5.04107218	157.533506
4	10:40:02 AM	12.69	81.510	28.280	14566.000	29.000	81.491099	17.0723853	166.087020	124.575854	6.25674036	195.523136	35	19.3739612	5.06907230	158.408509
4	10:40:17 AM	12.94	82.340	28.170	14539.000	29.000	82.324310	17.2469429	167.785187	125.849587	6.32071276	197.522274	35	19.3739612	5.12090131	160.028166
4	10:40:32 AM	13.19	83.340	28.040	14586.000	29.000	83.322499	17.4560635	169.819596	127.375524	6.39735194	199.917248	35	19.3739612	5.18299268	161.968521
4	10:40:47 AM	13.44	83.460	28.020	14529.000	29.000	83.477380	17.4885111	170.135259	127.612291	6.40924342	200.288857	35	19.3739612	5.19262689	162.269590
4	10:41:02 AM	13.69	82.710	28.120	14498.000	29.000	82.706486	17.3270088	168.564100	126.433822	6.35005558	198.439237	35	19.3739612	5.14467421	160.771069
4	10:41:17 AM	13.94	83.610	28.000	14510.000	29.000	83.632614	17.5210326	170.451642	127.849598	6.42116201	200.661313	35	19.3739612	5.20228307	162.571346
4	10:41:32 AM	14.19	83.880	27.970	14507.000	29.000	83.866129	17.5699541	170.927570	128.206575	6.43909091	201.221591	35	19.3739612	5.21680867	163.025271
4	10:41:47 AM	14.44	83.380	28.030	14470.000	29.000	83.399895	17.4722781	169.977338	127.493840	6.40329430	200.102947	35	19.3739612	5.18780704	162.118970
4	10:42:02 AM	14.69	83.380	28.030	14466.000	29.000	83.399895	17.4722781	169.977338	127.493840	6.40329430	200.102947	35	19.3739612	5.18780704	162.118970
4	10:42:17 AM	14.94	83.680	28.000	14461.000	29.000	83.632614	17.5210326	170.451642	127.849598	6.42116201	200.661313	35	19.3739612	5.20228307	162.571346
4	10:42:32 AM	15.19	82.610	28.130	14454.000	29.000	82.629877	17.3109593	168.407964	126.316710	6.34417370	198.255428	35	19.3739612	5.13990884	160.622151
4	10:42:47 AM	15.44	85.570	27.760	14469.000	29.000	85.523351	17.9171420	174.305152	130.739977	6.56632939	205.197793	35	19.3739612	5.31989446	166.246702
4	10:43:02 AM	15.69	84.400	27.900	14487.000	29.000	84.414118	17.6847577	172.044425	129.044288	6.48116449	202.536390	35	19.3739612	5.25089575	164.090492
4	10:43:17 AM	15.94	83.930	27.960	14427.000	29.000	83.944146	17.5862985	171.086574	128.325838	6.44508086	201.408777	35	19.3739612	5.22166159	163.176925
4	10:43:32 AM	16.19	84.880	27.840	14447.000	29.000	84.887325	17.7838947	173.008869	129.767682	6.51749651	203.671766	35	19.3739612	5.28033114	165.010348
4	10:43:47 AM	16.44	84.000	27.950	14447.000	29.000	84.022251	17.6026616	171.245761	128.445238	6.45107764	201.596176	35	19.3739612	5.22652005	163.328751
4	10:44:02 AM	16.69	83.900	27.970	14437.000	29.000	83.866129	17.5699541	170.927570	128.206575	6.43909091	201.221591	35	19.3739612	5.21680867	163.025271
4	10:44:17 AM	16.94	84.000	27.950	14414.000	29.000	84.022251	17.6026616	171.245761	128.445238	6.45107764	201.596176	35	19.3739612	5.22652005	163.328751
4	10:44:32 AM	17.19	84.530	27.890	14416.000	29.000	84.492760	17.7012333	172.204706	129.164509	6.48720252	202.725079	35	19.3739612	5.25578762	164.243363
4	10:44:47 AM	17.44	83.670	28.000	14416.000	29.000	83.632614	17.5210326	170.451642	127.849598	6.42116201	200.661313	35	19.3739612	5.20228307	162.571346
4	10:45:02 AM	17.69	85.330	27.790	14409.000	29.000	85.284157	17.8670309	173.817651	130.374320	6.54796452	204.623891	35	19.3739612	5.30501565	165.781739
4	10:45:17 AM	17.94	85.280	27.790	14366.000	29.000	85.284157	17.8670309	173.817651	130.374320	6.54796452	204.623891	35	19.3739612	5.30501565	165.781739
4	10:45:32 AM	18.19	85.210	27.800	14078.000	29.000	85.204608	17.8503655	173.655524	130.252714	6.54185693	204.433029	35	19.3739612	5.30006742	165.627107
4	10:45:47 AM	18.44	85.260	27.800	14323.000	29.000	85.204608	17.8503655	173.655524	130.252714	6.54185693	204.433029	35	19.3739612	5.30006742	165.627107
4	10:46:02 AM	18.69	84.470	27.900	14337.000	29.000	84.414118	17.6847577	172.044425	129.044288	6.48116449	202.536390	35	19.3739612	5.25089575	164.090492
4	10:46:17 AM	18.94	84.620	27.880	14344.000	29.000	84.571493	17.7177278	172.365171	129.284867	6.49324746	202.913983	35	19.3739612	5.26068510	164.396409
4	10:46:32 AM	19.19	84.500	27.890	14200.000	29.000	84.492760	17.7012333	172.204706	129.164509	6.48720252	202.725079	35	19.3739612	5.25578762	164.243363
4	10:46:47 AM	19.44	84.260	27.920	14281.000	29.000	84.257103	17.6518630	171.724412	128.804257	6.46910912	202.159660	35	19.3739612	5.24112876	163.785274
4	10:47:02 AM	19.69	85.570	27.760	14294.000	29.000	85.523351	17.9171420	174.305152	130.739977	6.56632939	205.197793	35	19.3739612	5.31989446	166.246702
4	10:47:17 AM	19.94	83.590	28.010	14288.000	29.000	83.554953	17.5047626	170.293360	127.730877	6.41519932	200.474979	35	19.3739612	5.19745223	162.420382
4	10:47:32 AM	20.19	84.500	27.890	14301.000	29.000	84.492760	17.7012333	172.204706	129.164509	6.48720252	202.725079	35	19.3739612	5.25578762	164.243363
4	10:47:47 AM	20.44	85.130	27.810	14245.000	29.000	85.125151	17.8337192	173.493582	130.131248	6.53575635	204.242386	35	19.3739612	5.29512486	165.472652
4	10:48:02 AM	20.69	84.140	27.940	14225.000	29.000	84.100445	17.6190433	171.405129	128.564775	6.45708127	201.783790	35	19.3739612	5.23138406	163.480752
4	10:48:17 AM	20.94	84.870	27.840	14245.000	29.000	84.887325	17.7838947	173.008869	129.767682	6.51749651	203.671766	35	19.3739612	5.28033114	165.010348
4	10:48:32 AM	21.19	85.130	27.810	14209.000	29.000	85.125151	17.8337192	173.493582	130.131248	6.53575635	204.242386	35	19.3739612	5.29512486	165.472652
4	10:48:47 AM	21.44	84.920	27.840	14213.000	29.000	84.887325	17.7838947	173.008869	129.767682	6.51749651	203.671766	35	19.3739612	5.28033114	165.010348
4	10:49:02 AM	21.69	85.390	27.780	14204.000	29.000	85.363797	17.8837154	173.979965	130.496066	6.55407911	204.814972	35	19.3739612	5.30996956	165.936549
4	10:49:17 AM	21.94	85.060	27.820	14200.000	29.000	85.045785	17.8170920	173.331826	130.009920	6.52966276	204.051961	35	19.3739612	5.29018797	165.318374
4	10:49:32 AM	22.19	85.070	27.820	14232.000	29.000	85.045785	17.8170920	173.331826	130.009920	6.52966276	204.051961	35	19.3739612	5.29018797	165.318374
4	10:49:47 AM	22.44	84.510	27.890	14260.000	29.000	84.492760	17.7012333	172.204706	129.164509	6.48720252	202.725079	35	19.3739612	5.25578762	164.243363
4	10:50:02 AM	22.69	84.220	27.930	14200.000	29.000	84.178729	17.6354438	171.564679	128.684448	6.46309176	201.971618	35	19.3739612	5.23625362	163.632926
4	10:50:17 AM	22.94	84.700	27.870	14228.000	29.000	84.650316	17.7342411	172.525819	129.405364	6.49929931	203.103104	35	19.3739612	5.26558818	164.549631
4	10:50:32 AM	23.19	84.200	27.930	14226.000	29.000	84.178729	17.6354438	171.564679	128.684448	6.46309176	201.971618	35	19.3739612	5.23625362	163.632926
4	10:50:47 AM	23.44	84.210	27.930	14244.000	29.000	84.178729	17.6354438	171.564679	128.684448	6.46309176	201.971618	35	19.3739612	5.23625362	163.632926
4	10:51:02 AM	23.69	85.620	27.750	14225.000	29.000	85.603265	17.9338841	174.468026	130.862143	6.57246509	205.389534	35	19.3739612	5.32486546	166.402046
4	10:51:17 AM	23.94	83.950	27.960	14229.000	29.000	83.944146	17.5862985	171.086574	128.325838	6.44508086	201.408777	35	19.3739612	5.22166159	163.176925
4	10:51:32 AM	24.19	84.270	27.920	14187.000	29.000	84.257103	17.6518630	171.724412	128.804257	6.46910912	202.159660	35	19.3739612	5.24112876	163.785274
4	10:51:47 AM	24.44	84.860	27.850	14219.000	29.000	84.808232	17.7673245	172.847668	129.646771	6.51142383	203.481995	35	19.3739612	5.27541119	164.856600
4	10:52:02 AM	24.69	84.880	27.840	14217.000	29.000	84.887325	17.7838947	173.008869	129.767682	6.51749651	203.671766	35	19.3739612	5.28033114	165.010348
4	10:52:17 AM	24.94	83.880	27.970	14180.000	29.000	83.866129	17.5699541	170.927570	128.206575	6.43909091	201.221591	35	19.3739612	5.21680867	163.025271
4	10:52:32 AM	25.19	83.150	28.060	14229.000	29.000	83.167970	17.4236897	169.504651	127.139295	6.38548750	199.546484	35	19.3739612	5.17338037	161.668136
4	10:52:47 AM	25.44	83.630	28.000	14226.000	29.000	83.632614	17.5210326	170.451642	127.849598	6.42116201	200.661313	35	19.3739612	5.20228307	162.571346
4	10:53:02 AM	25.69	83.130	28.070	14278.000	29.000	83.090837	17.4075305	169.347447	127.021382	6.37956539	199.361418	35	19.3739612	5.16858241	161.518200
4	10:53:17 AM	25.94	83.490	28.020	14285.000	29.000	83.477380	17.4885111	170.135259	127.612291	6.40924342	200.288857	35	19.3739612	5.19262689	162.269590
4	10:53:32 AM	26.19	82.990	28.080	14287.000	29.000	83.013792	17.3913895	169.190421	126.903603	6.37365001	199.176563	35	19.3739612	5.16378990	161.368434
4	10:53:47 AM	26.44	83.900	27.970	14270.000	29.000	83.866129	17.5699541	170.927570	128.206575	6.43909091	201.221591	35	19.3739612	5.21680867	163.025271
4	10:54:02 AM	26.69	82.740	28.120	14286.000	29.000	82.706486	17.3270088	168.564100	126.433822	6.35005558	198.439237	35	19.3739612	5.14467421	160.771069
4	10:54:17 AM	26.94	82.330	28.170	14271.000	29.000	82.324310	17.2469429	167.785187	125.849587	6.32071276	197.522274	35	19.3739612	5.12090131	160.028166
4	10:54:32 AM	27.19	83.530	28.010	14269.000	29.000	83.554953	17.5047626	170.293360	127.730877	6.41519932	200.474979	35	19.3739612	5.19745223	162.420382
4	10:54:47 AM	27.44	82.830	28.110	14296.000	29.000	82.783182	17.3430766	168.720414	126.551067	6.35594414	198.623254	35	19.3739612	5.14944500	160.920156
4	10:55:02 AM	27.69	82.980	28.090	14315.000	29.000	82.936835	17.3752669	169.033574	126.785957	6.36774135	198.991917	35	19.3739612	5.15900283	161.218838
4	10:55:17 AM	27.94	82.690	28.120	14340.000	29.000	82.706486	17.3270088	168.564100	126.433822	6.35005558	198.439237	35	19.3739612	5.14467421	160.771069
4	10:55:32 AM	28.19	82.240	28.180	14297.000	29.000	82.248134	17.2309841	167.629933	125.733137	6.31486413	197.339504	35	19.3739612	5.11616288	159.880090
4	10:55:47 AM	28.44	82.180	28.190	14335.000	29.000	82.172045	17.2150433	167.474855	125.616819	6.30902212	197.156941	35	19.3739612	5.11142981	159.732182
4	10:56:02 AM	28.69	83.050	28.080	14323.000	29.000	83.013792	17.3913895	169.190421	126.903603	6.37365001	199.176563	35	19.3739612	5.16378990	161.368434
4	10:56:17 AM	28.94	81.330	28.300	14355.000	29.000	81.340716	17.0408800	165.780524	124.345963	6.24519421	195.162319	35	19.3739612	5.05971786	158.116183
4	10:56:32 AM	29.19	82.370	28.170	14365.000	29.000	82.324310	17.2469429	167.785187	125.849587	6.32071276	197.522274	35	19.3739612	5.12090131	160.028166
4	10:56:47 AM	29.44	81.700	28.250	14341.000	29.000	81.717312	17.1197768	166.548064	124.921666	6.27410855	196.065892	35	19.3739612	5.08314361	158.848238
4	10:57:02 AM	29.69	80.980	28.350	14375.000	29.000	80.966239	16.9624270	165.017302	123.773497	6.21644252	194.263829	35	19.3739612	5.03642387	157.388246
4	10:57:17 AM	29.94	82.310	28.170	14366.000	29.000	82.324310	17.2469429	167.785187	125.849587	6.32071276	197.522274	35	19.3739612	5.12090131	160.028166
4	10:57:32 AM	30.19	81.310	28.300	14397.000	29.000	81.340716	17.0408800	165.780524	124.345963	6.24519421	195.162319	35	19.3739612	5.05971786	158.116183
4	10:57:47 AM	30.44	83.200	28.060	14434.000	29.000	83.167970	17.4236897	169.504651	127.139295	6.38548750	199.546484	35	19.3739612	5.17338037	161.668136
4	10:58:02 AM	30.69	81.100	28.330	14403.000	29.000	81.115777	16.9937552	165.322075	124.002096	6.22792376	194.622617	35	19.3739612	5.04572572	157.678929
4	10:58:17 AM	30.94	82.410	28.160	14422.000	29.000	82.400572	17.2629198	167.940616	125.966169	6.32656803	197.705251	35	19.3739612	5.12564512	160.176410
4	10:58:32 AM	31.19	81.360	28.300	14408.000	29.000	81.340716	17.0408800	165.780524	124.345963	6.24519421	195.162319	35	19.3739612	5.05971786	158.116183
4	10:58:47 AM	31.44	81.580	28.270	14448.000	29.000	81.566418	17.0881646	166.240528	124.690995	6.26252322	195.703851	35	19.3739612	5.07375744	158.554920
4	10:59:02 AM	31.69	81.420	28.290	14453.000	29.000	81.415865	17.0566238	165.933686	124.460844	6.25096403	195.342626	35	19.3739612	5.06439244	158.262264
4	10:59:17 AM	31.94	80.250	28.450	14474.000	29.000	80.223577	16.8068395	163.503684	122.638187	6.15942231	192.481947	35	19.3739612	4.99022736	155.944605
4	10:59:32 AM	32.19	81.270	28.310	14479.000	29.000	81.265652	17.0251540	165.627536	124.231211	6.23943090	194.982216	35	19.3739612	5.05504855	157.970267
4	10:59:47 AM	32.44	81.080	28.340	14466.000	29.000	81.040966	16.9780823	165.169603	123.887732	6.22217990	194.443122	35	19.3739612	5.04107218	157.533506
4	11:00:02 AM	32.69	80.830	28.370	14484.000	29.000	80.817038	16.9311694	164.713215	123.545413	6.20498711	193.905847	35	19.3739612	5.02714296	157.098217
4	11:00:17 AM	32.94	81.560	28.270	14518.000	29.000	81.566418	17.0881646	166.240528	124.690995	6.26252322	195.703851	35	19.3739612	5.07375744	158.554920
4	11:00:32 AM	33.19	80.270	28.440	14527.000	29.000	80.297469	16.8223197	163.654281	122.751145	6.16509553	192.659235	35	19.3739612	4.99482369	156.088240
4	11:00:47 AM	33.44	79.580	28.540	14522.000	29.000	79.562273	16.6682962	162.155879	121.627248	6.10864854	190.895267	35	19.3739612	4.94909158	154.659112
4	11:01:02 AM	33.69	79.630	28.530	14517.000	29.000	79.635422	16.6836210	162.304965	121.739072	6.11426482	191.070776	35	19.3739612	4.95364177	154.801305
4	11:01:17 AM	33.94	80.330	28.440	14507.000	29.000	80.297469	16.8223197	163.654281	122.751145	6.16509553	192.659235	35	19.3739612	4.99482369	156.088240
4	11:01:32 AM	34.19	80.380	28.430	14546.000	29.000	80.371443	16.8378172	163.805048	122.864229	6.17077513	192.836723	35	19.3739612	4.99942517	156.232037
4	11:01:47 AM	34.44	79.380	28.560	14549.000	29.000	79.416219	16.6376980	161.858207	121.403975	6.09743481	190.544838	35	19.3739612	4.94000647	154.375202
4	11:02:02 AM	34.69	80.730	28.380	14544.000	29.000	80.742563	16.9155669	164.561428	123.431563	6.19926907	193.727159	35	19.3739612	5.02251033	156.953448
4	11:02:17 AM	34.94	80.090	28.470	14560.000	29.000	80.076044	16.7759312	163.202995	122.412652	6.14809493	192.127967	35	19.3739612	4.98105018	155.657818
4	11:02:32 AM	35.19	79.730	28.520	14577.000	29.000	79.708654	16.6989630	162.454218	121.851021	6.11988739	191.246481	35	19.3739612	4.95819705	154.943658
4	11:02:47 AM	35.44	80.580	28.400	14583.000	29.000	80.593864	16.8844146	164.258366	123.204247	6.18785227	193.370384	35	19.3739612	5.01326069	156.664397
4	11:03:02 AM	35.69	80.030	28.480	14601.000	29.000	80.002401	16.7605030	163.052904	122.300073	6.14244077	191.951274	35	19.3739612	4.97646930	155.514666
4	11:03:17 AM	35.94	79.610	28.530	14603.000	29.000	79.635422	16.6836210	162.304965	121.739072	6.11426482	191.070776	35	19.3739612	4.95364177	154.801305
4	11:03:32 AM	36.19	79.520	28.550	14625.000	29.000	79.489205	16.6529885	162.006960	121.515549	6.10303854	190.719954	35	19.3739612	4.94454649	154.517078
4	11:03:47 AM	36.44	79.300	28.580	14616.000	29.000	79.270492	16.6071681	161.561201	121.181201	6.08624613	190.195192	35	19.3739612	4.93094165	154.091927
4	11:04:02 AM	36.69	79.030	28.610	14623.000	29.000	79.052511	16.5615011	161.116933	120.847972	6.06950993	189.672185	35	19.3739612	4.91738235	153.668198
4	11:04:17 AM	36.94	78.640	28.670	14604.000	29.000	78.618732	16.4706244	160.232848	120.184852	6.03620516	188.631411	35	19.3739612	4.89039956	152.824986
4	11:04:32 AM	37.19	78.530	28.680	14643.000	29.000	78.546717	16.4555372	160.086075	120.074762	6.03067598	188.458625	35	19.3739612	4.88591995	152.684998
4	11:04:47 AM	37.44	78.880	28.630	14656.000	29.000	78.907595	16.5311412	160.821581	120.626439	6.05838357	189.324486	35	19.3739612	4.90836802	153.386501
4	11:05:02 AM	37.69	77.100	28.880	14691.000	29.000	77.123100	16.1572894	157.184600	117.898471	5.92137319	185.042912	35	19.3739612	4.79736525	149.917664
4	11:05:17 AM	37.94	78.640	28.670	14657.000	29.000	78.618732	16.4706244	160.232848	120.184852	6.03620516	188.631411	35	19.3739612	4.89039956	152.824986
4	11:05:32 AM	38.19	78.700	28.660	14683.000	29.000	78.690827	16.4857283	160.379785	120.295064	6.04174049	188.804390	35	19.3739612	4.89488417	152.965130
4	11:05:47 AM	38.44	78.820	28.640	14686.000	29.000	78.835259	16.5159867	160.674151	120.515857	6.05282969	189.150928	35	19.3739612	4.90386839	153.245887
4	11:06:02 AM	38.69	78.220	28.720	14761.000	29.000	78.259458	16.3953565	159.500612	119.635628	6.00862075	187.769399	35	19.3739612	4.86805129	152.126603
4	11:06:17 AM	38.94	77.590	28.810	14767.000	29.000	77.617776	16.2609241	158.192800	118.654686	5.95935357	186.229799	35	19.3739612	4.82813611	150.879254
4	11:06:32 AM	39.19	78.170	28.730	14750.000	29.000	78.187843	16.3803531	159.354653	119.526150	6.00312227	187.597571	35	19.3739612	4.86359654	151.987392
4	11:06:47 AM	39.44	77.680	28.800	14774.000	29.000	77.688758	16.2757948	158.337468	118.763196	5.96480343	186.400107	35	19.3739612	4.83255147	151.017233
