Chamber	Time/hh:mm:ss	Logtime/min	Oxy/% air sat.	Phase/°	Amp	Temp/°C	% air-sat.	% oxygen	pO2 (hPa)	pO2 (Torr)	cO2 [mg/L]	cO2 [µmol/L]	Salinity	chlorinity	SalCorcO2 [mg/L]	SalCorcO2 [µmol/L]
8	17:52:02 PM	0.00	89.750	27.210	6628.000	29.000	90.058730	18.8673040	183.548710	137.673235	6.91454768	216.079615	35	19.3739612	5.60201320	175.062912
8	17:52:09 PM	0.12	87.800	27.440	6621.000	29.000	88.126869	18.4625791	179.611384	134.719989	6.76622286	211.444464	35	19.3739612	5.48184372	171.307616
8	17:52:25 PM	0.38	90.300	27.150	6608.000	29.000	90.571282	18.9746835	184.593342	138.456775	6.95390048	217.309390	35	19.3739612	5.63389596	176.059249
8	17:52:40 PM	0.63	89.110	27.290	6598.000	29.000	89.380897	18.7252979	182.167218	136.637027	6.86250486	214.453277	35	19.3739612	5.55984926	173.745289
8	17:52:55 PM	0.88	91.530	27.000	6576.000	29.000	91.868552	19.2464616	187.237308	140.439918	7.05350255	220.421955	35	19.3739612	5.71459135	178.580980
8	17:53:10 PM	1.13	90.770	27.090	6587.000	29.000	91.087449	19.0828207	185.645343	139.245843	6.99353091	218.547841	35	19.3739612	5.66600365	177.062614
8	17:53:25 PM	1.38	90.080	27.170	6591.000	29.000	90.400031	18.9388065	184.244315	138.194983	6.94075216	216.898505	35	19.3739612	5.62324348	175.726359
8	17:53:40 PM	1.63	90.180	27.160	6596.000	29.000	90.485606	18.9567345	184.418726	138.325802	6.94732247	217.103827	35	19.3739612	5.62856660	175.892706
8	17:53:55 PM	1.88	89.100	27.290	6584.000	29.000	89.380897	18.7252979	182.167218	136.637027	6.86250486	214.453277	35	19.3739612	5.55984926	173.745289
8	17:54:10 PM	2.13	89.710	27.210	6607.000	29.000	90.058730	18.8673040	183.548710	137.673235	6.91454768	216.079615	35	19.3739612	5.60201320	175.062912
8	17:54:25 PM	2.38	91.190	27.040	6614.000	29.000	91.520375	19.1735185	186.527688	139.907658	7.02677013	219.586567	35	19.3739612	5.69293334	177.904167
8	17:54:40 PM	2.63	88.930	27.310	6608.000	29.000	89.212425	18.6900031	181.823855	136.379484	6.84956990	214.049059	35	19.3739612	5.54936964	173.417801
8	17:54:55 PM	2.88	89.540	27.230	6596.000	29.000	89.888677	18.8316779	183.202125	137.413274	6.90149134	215.671605	35	19.3739612	5.59143524	174.732351
8	17:55:10 PM	3.13	88.500	27.360	6636.000	29.000	88.792960	18.6021250	180.968943	135.738245	6.81736409	213.042628	35	19.3739612	5.52327720	172.602413
8	17:55:25 PM	3.38	89.610	27.230	6590.000	29.000	89.888677	18.8316779	183.202125	137.413274	6.90149134	215.671605	35	19.3739612	5.59143524	174.732351
8	17:55:40 PM	3.63	90.130	27.170	6599.000	29.000	90.400031	18.9388065	184.244315	138.194983	6.94075216	216.898505	35	19.3739612	5.62324348	175.726359
8	17:55:55 PM	3.87	90.290	27.150	6623.000	29.000	90.571282	18.9746835	184.593342	138.456775	6.95390048	217.309390	35	19.3739612	5.63389596	176.059249
8	17:56:10 PM	4.13	90.550	27.120	6595.000	29.000	90.828912	19.0286570	185.118417	138.850615	6.97368084	217.927526	35	19.3739612	5.64992157	176.560049
8	17:56:25 PM	4.38	90.120	27.170	6604.000	29.000	90.400031	18.9388065	184.244315	138.194983	6.94075216	216.898505	35	19.3739612	5.62324348	175.726359
8	17:56:40 PM	4.63	93.160	26.820	6593.000	29.000	93.455831	19.5789965	190.472341	142.866399	7.17537095	224.230342	35	19.3739612	5.81332643	181.666451
8	17:56:55 PM	4.88	89.820	27.200	6608.000	29.000	90.143906	18.8851482	183.722306	137.803443	6.92108731	216.283978	35	19.3739612	5.60731146	175.228483
8	17:57:10 PM	5.13	89.300	27.260	6623.000	29.000	89.634343	18.7783948	182.683765	137.024471	6.88196396	215.061374	35	19.3739612	5.57561459	174.237956
8	17:57:25 PM	5.38	91.290	27.030	6595.000	29.000	91.607266	19.1917221	186.704780	140.040488	7.03344145	219.795045	35	19.3739612	5.69833829	178.073072
8	17:57:40 PM	5.63	89.530	27.240	6587.000	29.000	89.803800	18.8138961	183.029137	137.283522	6.89497461	215.467957	35	19.3739612	5.58615553	174.567360
8	17:57:55 PM	5.88	89.770	27.210	6588.000	29.000	90.058730	18.8673040	183.548710	137.673235	6.91454768	216.079615	35	19.3739612	5.60201320	175.062912
8	17:58:10 PM	6.13	88.700	27.330	6580.000	29.000	89.044346	18.6547904	181.481293	136.122540	6.83666507	213.645783	35	19.3739612	5.53891443	173.091076
8	17:58:25 PM	6.38	89.260	27.270	6620.000	29.000	89.549762	18.7606751	182.511382	136.895172	6.87547002	214.858438	35	19.3739612	5.57035335	174.073542
8	17:58:40 PM	6.63	91.880	26.960	6579.000	29.000	92.218373	19.3197491	187.950278	140.974691	7.08036116	221.261286	35	19.3739612	5.73635160	179.260987
8	17:58:55 PM	6.88	90.240	27.150	6609.000	29.000	90.571282	18.9746835	184.593342	138.456775	6.95390048	217.309390	35	19.3739612	5.63389596	176.059249
8	17:59:10 PM	7.13	92.070	26.940	6599.000	29.000	92.393902	19.3565225	188.308025	141.243024	7.09383802	221.682438	35	19.3739612	5.74727025	179.602195
8	17:59:25 PM	7.38	90.870	27.080	6578.000	29.000	91.173831	19.1009176	185.821398	139.377895	7.00016314	218.755098	35	19.3739612	5.67137695	177.230530
8	17:59:40 PM	7.63	90.550	27.120	6598.000	29.000	90.828912	19.0286570	185.118417	138.850615	6.97368084	217.927526	35	19.3739612	5.64992157	176.560049
8	17:59:55 PM	7.87	88.600	27.350	6608.000	29.000	88.876657	18.6196597	181.139527	135.866194	6.82379026	213.243446	35	19.3739612	5.52848355	172.765111
8	18:00:10 PM	8.13	88.490	27.360	6581.000	29.000	88.792960	18.6021250	180.968943	135.738245	6.81736409	213.042628	35	19.3739612	5.52327720	172.602413
8	18:00:25 PM	8.38	90.770	27.090	6626.000	29.000	91.087449	19.0828207	185.645343	139.245843	6.99353091	218.547841	35	19.3739612	5.66600365	177.062614
8	18:00:40 PM	8.62	90.140	27.160	6579.000	29.000	90.485606	18.9567345	184.418726	138.325802	6.94732247	217.103827	35	19.3739612	5.62856660	175.892706
8	18:00:55 PM	8.88	90.310	27.140	6587.000	29.000	90.657058	18.9926536	184.768162	138.587901	6.96048621	217.515194	35	19.3739612	5.63923157	176.225987
8	18:01:10 PM	9.13	89.370	27.250	6592.000	29.000	89.719022	18.7961351	182.856350	137.153921	6.88846549	215.264547	35	19.3739612	5.58088198	174.402562
8	18:01:25 PM	9.38	90.970	27.070	6573.000	29.000	91.260314	19.1190359	185.997659	139.510103	7.00680317	218.962599	35	19.3739612	5.67675655	177.398642
8	18:01:40 PM	9.63	90.310	27.140	6586.000	29.000	90.657058	18.9926536	184.768162	138.587901	6.96048621	217.515194	35	19.3739612	5.63923157	176.225987
8	18:01:55 PM	9.88	88.850	27.320	6595.000	29.000	89.128336	18.6723865	181.652474	136.250937	6.84311372	213.847304	35	19.3739612	5.54413899	173.254343
8	18:02:10 PM	10.12	89.320	27.260	6554.000	29.000	89.634343	18.7783948	182.683765	137.024471	6.88196396	215.061374	35	19.3739612	5.57561459	174.237956
8	18:02:25 PM	10.37	89.850	27.200	6557.000	29.000	90.143906	18.8851482	183.722306	137.803443	6.92108731	216.283978	35	19.3739612	5.60731146	175.228483
8	18:02:40 PM	10.63	92.530	26.890	6571.000	29.000	92.834543	19.4488368	189.206095	141.916634	7.12766963	222.739676	35	19.3739612	5.77467987	180.458746
8	18:02:55 PM	10.87	88.980	27.300	6589.000	29.000	89.296612	18.7076402	181.995437	136.508181	6.85603361	214.251050	35	19.3739612	5.55460639	173.581450
8	18:03:10 PM	11.12	88.340	27.380	6603.000	29.000	88.625856	18.5671168	180.628368	135.482792	6.80453416	212.641692	35	19.3739612	5.51288268	172.277584
8	18:03:25 PM	11.38	87.700	27.450	6549.000	29.000	88.044042	18.4452268	179.442574	134.593371	6.75986356	211.245736	35	19.3739612	5.47669155	171.146611
8	18:03:40 PM	11.62	90.340	27.140	6569.000	29.000	90.657058	18.9926536	184.768162	138.587901	6.96048621	217.515194	35	19.3739612	5.63923157	176.225987
8	18:03:55 PM	11.88	91.030	27.060	6572.000	29.000	91.346899	19.1371754	186.174128	139.642465	7.01345101	219.170344	35	19.3739612	5.68214248	177.566952
8	18:04:10 PM	12.12	88.930	27.310	6565.000	29.000	89.212425	18.6900031	181.823855	136.379484	6.84956990	214.049059	35	19.3739612	5.54936964	173.417801
8	18:04:25 PM	12.37	91.770	26.980	6577.000	29.000	92.043256	19.2830622	187.593373	140.706990	7.06691604	220.841126	35	19.3739612	5.72545866	178.920583
8	18:04:39 PM	12.62	90.140	27.160	6567.000	29.000	90.485606	18.9567345	184.418726	138.325802	6.94732247	217.103827	35	19.3739612	5.62856660	175.892706
8	18:04:55 PM	12.87	90.090	27.170	6555.000	29.000	90.400031	18.9388065	184.244315	138.194983	6.94075216	216.898505	35	19.3739612	5.62324348	175.726359
8	18:05:09 PM	13.12	88.850	27.320	6577.000	29.000	89.128336	18.6723865	181.652474	136.250937	6.84311372	213.847304	35	19.3739612	5.54413899	173.254343
8	18:05:24 PM	13.37	91.940	26.960	6577.000	29.000	92.218373	19.3197491	187.950278	140.974691	7.08036116	221.261286	35	19.3739612	5.73635160	179.260987
8	18:05:40 PM	13.62	88.880	27.310	6567.000	29.000	89.212425	18.6900031	181.823855	136.379484	6.84956990	214.049059	35	19.3739612	5.54936964	173.417801
8	18:05:54 PM	13.87	90.160	27.160	6553.000	29.000	90.485606	18.9567345	184.418726	138.325802	6.94732247	217.103827	35	19.3739612	5.62856660	175.892706
8	18:06:09 PM	14.12	89.500	27.240	6567.000	29.000	89.803800	18.8138961	183.029137	137.283522	6.89497461	215.467957	35	19.3739612	5.58615553	174.567360
8	18:06:24 PM	14.37	89.070	27.290	6541.000	29.000	89.380897	18.7252979	182.167218	136.637027	6.86250486	214.453277	35	19.3739612	5.55984926	173.745289
8	18:06:39 PM	14.62	90.810	27.090	6541.000	29.000	91.087449	19.0828207	185.645343	139.245843	6.99353091	218.547841	35	19.3739612	5.66600365	177.062614
8	18:06:54 PM	14.87	90.090	27.170	6537.000	29.000	90.400031	18.9388065	184.244315	138.194983	6.94075216	216.898505	35	19.3739612	5.62324348	175.726359
8	18:07:09 PM	15.12	90.060	27.170	6524.000	29.000	90.400031	18.9388065	184.244315	138.194983	6.94075216	216.898505	35	19.3739612	5.62324348	175.726359
8	18:07:25 PM	15.37	90.010	27.180	6546.000	29.000	90.314556	18.9208995	184.070109	138.064317	6.93418953	216.693423	35	19.3739612	5.61792659	175.560206
8	18:07:40 PM	15.62	90.660	27.100	6553.000	29.000	91.001169	19.0647449	185.469495	139.113946	6.98690645	218.340827	35	19.3739612	5.66063667	176.894896
8	18:07:55 PM	15.88	89.100	27.290	6541.000	29.000	89.380897	18.7252979	182.167218	136.637027	6.86250486	214.453277	35	19.3739612	5.55984926	173.745289
8	18:08:10 PM	16.12	89.590	27.230	6530.000	29.000	89.888677	18.8316779	183.202125	137.413274	6.90149134	215.671605	35	19.3739612	5.59143524	174.732351
8	18:08:24 PM	16.37	90.620	27.110	6509.000	29.000	90.914990	19.0466904	185.293853	138.982203	6.98028976	218.134055	35	19.3739612	5.65527597	176.727374
8	18:08:39 PM	16.62	88.590	27.350	6335.000	29.000	88.876657	18.6196597	181.139527	135.866194	6.82379026	213.243446	35	19.3739612	5.52848355	172.765111
8	18:08:55 PM	16.87	89.690	27.220	6325.000	29.000	89.973654	18.8494805	183.375316	137.543178	6.90801570	215.875491	35	19.3739612	5.59672113	174.897535
8	18:09:09 PM	17.12	89.890	27.190	6327.000	29.000	90.229181	18.9030134	183.896106	137.933804	6.92763459	216.488581	35	19.3739612	5.61261592	175.394247
8	18:09:25 PM	17.38	89.730	27.210	6337.000	29.000	90.058730	18.8673040	183.548710	137.673235	6.91454768	216.079615	35	19.3739612	5.60201320	175.062912
8	18:09:40 PM	17.63	89.720	27.210	6327.000	29.000	90.058730	18.8673040	183.548710	137.673235	6.91454768	216.079615	35	19.3739612	5.60201320	175.062912
8	18:09:55 PM	17.88	89.670	27.220	6305.000	29.000	89.973654	18.8494805	183.375316	137.543178	6.90801570	215.875491	35	19.3739612	5.59672113	174.897535
8	18:10:10 PM	18.13	90.590	27.110	6328.000	29.000	90.914990	19.0466904	185.293853	138.982203	6.98028976	218.134055	35	19.3739612	5.65527597	176.727374
8	18:10:25 PM	18.38	90.330	27.140	6301.000	29.000	90.657058	18.9926536	184.768162	138.587901	6.96048621	217.515194	35	19.3739612	5.63923157	176.225987
8	18:10:40 PM	18.63	90.420	27.130	6328.000	29.000	90.742934	19.0106447	184.943187	138.719181	6.96707965	217.721239	35	19.3739612	5.64457344	176.392920
8	18:10:55 PM	18.88	89.290	27.260	6314.000	29.000	89.634343	18.7783948	182.683765	137.024471	6.88196396	215.061374	35	19.3739612	5.57561459	174.237956
8	18:11:10 PM	19.13	88.380	27.370	6280.000	29.000	88.709359	18.5846107	180.798556	135.610444	6.81094539	212.842044	35	19.3739612	5.51807692	172.439904
8	18:11:25 PM	19.38	90.290	27.150	6302.000	29.000	90.571282	18.9746835	184.593342	138.456775	6.95390048	217.309390	35	19.3739612	5.63389596	176.059249
8	18:11:40 PM	19.63	89.930	27.190	6298.000	29.000	90.229181	18.9030134	183.896106	137.933804	6.92763459	216.488581	35	19.3739612	5.61261592	175.394247
8	18:11:55 PM	19.88	91.070	27.060	6294.000	29.000	91.346899	19.1371754	186.174128	139.642465	7.01345101	219.170344	35	19.3739612	5.68214248	177.566952
8	18:12:10 PM	20.12	90.240	27.150	6308.000	29.000	90.571282	18.9746835	184.593342	138.456775	6.95390048	217.309390	35	19.3739612	5.63389596	176.059249
8	18:12:25 PM	20.37	91.430	27.020	6299.000	29.000	91.694259	19.2099472	186.882080	140.173475	7.04012062	220.003769	35	19.3739612	5.70374961	178.242175
8	18:12:40 PM	20.63	89.060	27.290	6283.000	29.000	89.380897	18.7252979	182.167218	136.637027	6.86250486	214.453277	35	19.3739612	5.55984926	173.745289
8	18:12:55 PM	20.88	88.450	27.360	6274.000	29.000	88.792960	18.6021250	180.968943	135.738245	6.81736409	213.042628	35	19.3739612	5.52327720	172.602413
8	18:13:10 PM	21.13	89.700	27.220	6285.000	29.000	89.973654	18.8494805	183.375316	137.543178	6.90801570	215.875491	35	19.3739612	5.59672113	174.897535
8	18:13:25 PM	21.38	90.310	27.140	6271.000	29.000	90.657058	18.9926536	184.768162	138.587901	6.96048621	217.515194	35	19.3739612	5.63923157	176.225987
8	18:13:40 PM	21.63	89.970	27.180	6278.000	29.000	90.314556	18.9208995	184.070109	138.064317	6.93418953	216.693423	35	19.3739612	5.61792659	175.560206
8	18:13:55 PM	21.87	90.260	27.150	6277.000	29.000	90.571282	18.9746835	184.593342	138.456775	6.95390048	217.309390	35	19.3739612	5.63389596	176.059249
8	18:14:10 PM	22.13	89.210	27.270	6274.000	29.000	89.549762	18.7606751	182.511382	136.895172	6.87547002	214.858438	35	19.3739612	5.57035335	174.073542
8	18:14:25 PM	22.37	88.100	27.410	6278.000	29.000	88.375928	18.5147568	180.118990	135.100726	6.78534513	212.042035	35	19.3739612	5.49733615	171.791755
8	18:14:40 PM	22.62	89.900	27.190	6279.000	29.000	90.229181	18.9030134	183.896106	137.933804	6.92763459	216.488581	35	19.3739612	5.61261592	175.394247
8	18:14:55 PM	22.88	88.900	27.310	6287.000	29.000	89.212425	18.6900031	181.823855	136.379484	6.84956990	214.049059	35	19.3739612	5.54936964	173.417801
8	18:15:10 PM	23.13	89.760	27.210	6275.000	29.000	90.058730	18.8673040	183.548710	137.673235	6.91454768	216.079615	35	19.3739612	5.60201320	175.062912
8	18:15:25 PM	23.38	89.450	27.250	6260.000	29.000	89.719022	18.7961351	182.856350	137.153921	6.88846549	215.264547	35	19.3739612	5.58088198	174.402562
8	18:15:40 PM	23.62	90.440	27.130	6283.000	29.000	90.742934	19.0106447	184.943187	138.719181	6.96707965	217.721239	35	19.3739612	5.64457344	176.392920
8	18:15:55 PM	23.88	90.110	27.170	6282.000	29.000	90.400031	18.9388065	184.244315	138.194983	6.94075216	216.898505	35	19.3739612	5.62324348	175.726359
8	18:16:10 PM	24.13	90.500	27.120	6278.000	29.000	90.828912	19.0286570	185.118417	138.850615	6.97368084	217.927526	35	19.3739612	5.64992157	176.560049
8	18:16:25 PM	24.37	90.290	27.150	6255.000	29.000	90.571282	18.9746835	184.593342	138.456775	6.95390048	217.309390	35	19.3739612	5.63389596	176.059249
8	18:16:40 PM	24.63	89.040	27.290	6272.000	29.000	89.380897	18.7252979	182.167218	136.637027	6.86250486	214.453277	35	19.3739612	5.55984926	173.745289
8	18:16:55 PM	24.88	89.790	27.210	6273.000	29.000	90.058730	18.8673040	183.548710	137.673235	6.91454768	216.079615	35	19.3739612	5.60201320	175.062912
8	18:17:10 PM	25.13	88.650	27.340	6263.000	29.000	88.960453	18.6372148	181.310311	135.994292	6.83022391	213.444497	35	19.3739612	5.53369595	172.927998
8	18:17:25 PM	25.38	88.470	27.360	6268.000	29.000	88.792960	18.6021250	180.968943	135.738245	6.81736409	213.042628	35	19.3739612	5.52327720	172.602413
8	18:17:40 PM	25.63	89.730	27.210	6260.000	29.000	90.058730	18.8673040	183.548710	137.673235	6.91454768	216.079615	35	19.3739612	5.60201320	175.062912
8	18:17:55 PM	25.87	88.860	27.320	6258.000	29.000	89.128336	18.6723865	181.652474	136.250937	6.84311372	213.847304	35	19.3739612	5.54413899	173.254343
8	18:18:10 PM	26.13	88.990	27.300	6280.000	29.000	89.296612	18.7076402	181.995437	136.508181	6.85603361	214.251050	35	19.3739612	5.55460639	173.581450
8	18:18:25 PM	26.38	89.870	27.200	6260.000	29.000	90.143906	18.8851482	183.722306	137.803443	6.92108731	216.283978	35	19.3739612	5.60731146	175.228483
8	18:18:40 PM	26.62	89.180	27.280	6265.000	29.000	89.465280	18.7429762	182.339199	136.766025	6.86898366	214.655739	35	19.3739612	5.56509824	173.909320
8	18:18:55 PM	26.87	88.520	27.360	6278.000	29.000	88.792960	18.6021250	180.968943	135.738245	6.81736409	213.042628	35	19.3739612	5.52327720	172.602413
8	18:19:10 PM	27.13	89.170	27.280	6259.000	29.000	89.465280	18.7429762	182.339199	136.766025	6.86898366	214.655739	35	19.3739612	5.56509824	173.909320
8	18:19:25 PM	27.38	88.680	27.340	6259.000	29.000	88.960453	18.6372148	181.310311	135.994292	6.83022391	213.444497	35	19.3739612	5.53369595	172.927998
8	18:19:40 PM	27.63	90.630	27.110	6256.000	29.000	90.914990	19.0466904	185.293853	138.982203	6.98028976	218.134055	35	19.3739612	5.65527597	176.727374
8	18:19:55 PM	27.87	88.990	27.300	6265.000	29.000	89.296612	18.7076402	181.995437	136.508181	6.85603361	214.251050	35	19.3739612	5.55460639	173.581450
8	18:20:10 PM	28.13	88.900	27.310	6237.000	29.000	89.212425	18.6900031	181.823855	136.379484	6.84956990	214.049059	35	19.3739612	5.54936964	173.417801
8	18:20:25 PM	28.38	90.110	27.170	6256.000	29.000	90.400031	18.9388065	184.244315	138.194983	6.94075216	216.898505	35	19.3739612	5.62324348	175.726359
8	18:20:40 PM	28.63	88.620	27.340	6249.000	29.000	88.960453	18.6372148	181.310311	135.994292	6.83022391	213.444497	35	19.3739612	5.53369595	172.927998
8	18:20:55 PM	28.88	89.600	27.230	6256.000	29.000	89.888677	18.8316779	183.202125	137.413274	6.90149134	215.671605	35	19.3739612	5.59143524	174.732351
8	18:21:10 PM	29.12	89.370	27.250	6269.000	29.000	89.719022	18.7961351	182.856350	137.153921	6.88846549	215.264547	35	19.3739612	5.58088198	174.402562
8	18:21:25 PM	29.37	89.140	27.280	6260.000	29.000	89.465280	18.7429762	182.339199	136.766025	6.86898366	214.655739	35	19.3739612	5.56509824	173.909320
8	18:21:40 PM	29.62	90.180	27.160	6259.000	29.000	90.485606	18.9567345	184.418726	138.325802	6.94732247	217.103827	35	19.3739612	5.62856660	175.892706
8	18:21:55 PM	29.88	88.240	27.390	6254.000	29.000	88.542450	18.5496432	180.458378	135.355289	6.79813038	212.441574	35	19.3739612	5.50769448	172.115452
8	18:22:10 PM	30.13	89.820	27.200	6246.000	29.000	90.143906	18.8851482	183.722306	137.803443	6.92108731	216.283978	35	19.3739612	5.60731146	175.228483
8	18:22:25 PM	30.38	89.310	27.260	6270.000	29.000	89.634343	18.7783948	182.683765	137.024471	6.88196396	215.061374	35	19.3739612	5.57561459	174.237956
8	18:22:40 PM	30.63	91.180	27.040	6266.000	29.000	91.520375	19.1735185	186.527688	139.907658	7.02677013	219.586567	35	19.3739612	5.69293334	177.904167
8	18:22:55 PM	30.88	89.340	27.260	6259.000	29.000	89.634343	18.7783948	182.683765	137.024471	6.88196396	215.061374	35	19.3739612	5.57561459	174.237956
8	18:23:10 PM	31.12	89.770	27.210	6261.000	29.000	90.058730	18.8673040	183.548710	137.673235	6.91454768	216.079615	35	19.3739612	5.60201320	175.062912
8	18:23:25 PM	31.37	90.630	27.110	6255.000	29.000	90.914990	19.0466904	185.293853	138.982203	6.98028976	218.134055	35	19.3739612	5.65527597	176.727374
8	18:23:40 PM	31.63	89.200	27.280	6253.000	29.000	89.465280	18.7429762	182.339199	136.766025	6.86898366	214.655739	35	19.3739612	5.56509824	173.909320
8	18:23:55 PM	31.88	88.830	27.320	6261.000	29.000	89.128336	18.6723865	181.652474	136.250937	6.84311372	213.847304	35	19.3739612	5.54413899	173.254343
8	18:24:10 PM	32.13	88.520	27.360	6266.000	29.000	88.792960	18.6021250	180.968943	135.738245	6.81736409	213.042628	35	19.3739612	5.52327720	172.602413
8	18:24:25 PM	32.38	88.520	27.360	6268.000	29.000	88.792960	18.6021250	180.968943	135.738245	6.81736409	213.042628	35	19.3739612	5.52327720	172.602413
8	18:24:40 PM	32.63	88.590	27.350	6267.000	29.000	88.876657	18.6196597	181.139527	135.866194	6.82379026	213.243446	35	19.3739612	5.52848355	172.765111
8	18:24:55 PM	32.88	89.910	27.190	6266.000	29.000	90.229181	18.9030134	183.896106	137.933804	6.92763459	216.488581	35	19.3739612	5.61261592	175.394247
8	18:25:10 PM	33.12	89.450	27.250	6257.000	29.000	89.719022	18.7961351	182.856350	137.153921	6.88846549	215.264547	35	19.3739612	5.58088198	174.402562
8	18:25:25 PM	33.37	89.520	27.240	6247.000	29.000	89.803800	18.8138961	183.029137	137.283522	6.89497461	215.467957	35	19.3739612	5.58615553	174.567360
8	18:25:40 PM	33.63	88.870	27.310	6258.000	29.000	89.212425	18.6900031	181.823855	136.379484	6.84956990	214.049059	35	19.3739612	5.54936964	173.417801
8	18:25:55 PM	33.88	87.600	27.470	6258.000	29.000	87.878676	18.4105827	179.105542	134.340575	6.74716707	210.848971	35	19.3739612	5.46640514	170.825161
8	18:26:10 PM	34.12	88.770	27.330	6225.000	29.000	89.044346	18.6547904	181.481293	136.122540	6.83666507	213.645783	35	19.3739612	5.53891443	173.091076
8	18:26:25 PM	34.38	88.750	27.330	6251.000	29.000	89.044346	18.6547904	181.481293	136.122540	6.83666507	213.645783	35	19.3739612	5.53891443	173.091076
8	18:26:40 PM	34.62	90.100	27.170	6242.000	29.000	90.400031	18.9388065	184.244315	138.194983	6.94075216	216.898505	35	19.3739612	5.62324348	175.726359
8	18:26:55 PM	34.88	88.820	27.320	6261.000	29.000	89.128336	18.6723865	181.652474	136.250937	6.84311372	213.847304	35	19.3739612	5.54413899	173.254343
8	18:27:09 PM	35.12	88.830	27.320	6264.000	29.000	89.128336	18.6723865	181.652474	136.250937	6.84311372	213.847304	35	19.3739612	5.54413899	173.254343
8	18:27:25 PM	35.37	88.790	27.320	6257.000	29.000	89.128336	18.6723865	181.652474	136.250937	6.84311372	213.847304	35	19.3739612	5.54413899	173.254343
