Date	Time_HH:MM:SS	Time_sec	Ch1_O2_09|T2_27A	Ch2_O2_13|T2_27A	Ch3_O2_14|T2_27A	Ch4_O2_15|T2_27A	Ch1_Temp	Ch2_Temp	Ch3_Temp	Ch4_Temp
1/28/2019	08:03:36	300.00	3.9606	4.1475	4.1122	4.2630	27.000	27.000	27.000	27.000
1/28/2019	08:03:37	301.42	3.9609	4.1449	4.1118	4.2614	27.000	27.000	27.000	27.000
1/28/2019	08:03:39	302.70	3.9640	4.1436	4.1097	4.2610	27.000	27.000	27.000	27.000
1/28/2019	08:03:40	304.12	3.9626	4.1425	4.1094	4.2606	27.000	27.000	27.000	27.000
1/28/2019	08:03:42	305.61	3.9641	4.1445	4.1094	4.2578	27.000	27.000	27.000	27.000
1/28/2019	08:03:43	306.94	3.9612	4.1464	4.1104	4.2560	27.000	27.000	27.000	27.000
1/28/2019	08:03:44	308.30	3.9599	4.1490	4.1119	4.2541	27.000	27.000	27.000	27.000
1/28/2019	08:03:46	309.70	3.9568	4.1487	4.1114	4.2548	27.000	27.000	27.000	27.000
1/28/2019	08:03:47	310.98	3.9573	4.1485	4.1116	4.2536	27.000	27.000	27.000	27.000
1/28/2019	08:03:49	312.48	3.9563	4.1493	4.1094	4.2544	27.000	27.000	27.000	27.000
1/28/2019	08:03:50	313.92	3.9538	4.1507	4.1111	4.2553	27.000	27.000	27.000	27.000
1/28/2019	08:03:51	315.39	3.9538	4.1502	4.1118	4.2583	27.000	27.000	27.000	27.000
1/28/2019	08:03:53	316.91	3.9542	4.1495	4.1146	4.2576	27.000	27.000	27.000	27.000
1/28/2019	08:03:54	318.44	3.9541	4.1473	4.1122	4.2582	27.000	27.000	27.000	27.000
1/28/2019	08:03:56	319.95	3.9542	4.1471	4.1107	4.2588	27.000	27.000	27.000	27.000
1/28/2019	08:03:58	321.47	3.9533	4.1450	4.1095	4.2593	27.000	27.000	27.000	27.000
1/28/2019	08:03:59	322.81	3.9535	4.1442	4.1104	4.2596	27.000	27.000	27.000	27.000
1/28/2019	08:04:00	324.17	3.9510	4.1431	4.1108	4.2568	27.000	27.000	27.000	27.000
1/28/2019	08:04:02	325.75	3.9503	4.1417	4.1121	4.2546	27.000	27.000	27.000	27.000
1/28/2019	08:04:03	327.27	3.9497	4.1410	4.1123	4.2534	27.000	27.000	27.000	27.000
1/28/2019	08:04:05	328.59	3.9506	4.1401	4.1131	4.2539	27.000	27.000	27.000	27.000
1/28/2019	08:04:06	330.00	3.9516	4.1416	4.1126	4.2533	27.000	27.000	27.000	27.000
1/28/2019	08:04:07	331.39	3.9517	4.1463	4.1132	4.2518	27.000	27.000	27.000	27.000
1/28/2019	08:04:09	332.89	3.9514	4.1487	4.1135	4.2503	27.000	27.000	27.000	27.000
1/28/2019	08:04:10	334.34	3.9492	4.1483	4.1136	4.2503	27.000	27.000	27.000	27.000
1/28/2019	08:04:12	335.61	3.9477	4.1445	4.1142	4.2508	27.000	27.000	27.000	27.000
1/28/2019	08:04:13	337.11	3.9465	4.1426	4.1138	4.2514	27.000	27.000	27.000	27.000
1/28/2019	08:04:15	338.55	3.9456	4.1431	4.1114	4.2515	27.000	27.000	27.000	27.000
1/28/2019	08:04:16	340.12	3.9459	4.1424	4.1097	4.2498	27.000	27.000	27.000	27.000
1/28/2019	08:04:18	341.64	3.9465	4.1421	4.1080	4.2486	27.000	27.000	27.000	27.000
1/28/2019	08:04:19	343.08	3.9452	4.1404	4.1073	4.2487	27.000	27.000	27.000	27.000
1/28/2019	08:04:21	344.58	3.9448	4.1393	4.1057	4.2500	27.000	27.000	27.000	27.000
1/28/2019	08:04:22	345.98	3.9424	4.1388	4.1059	4.2496	27.000	27.000	27.000	27.000
1/28/2019	08:04:23	347.34	3.9421	4.1391	4.1069	4.2490	27.000	27.000	27.000	27.000
1/28/2019	08:04:25	348.67	3.9424	4.1417	4.1060	4.2472	27.000	27.000	27.000	27.000
1/28/2019	08:04:26	350.14	3.9420	4.1420	4.1056	4.2461	27.000	27.000	27.000	27.000
1/28/2019	08:04:28	351.47	3.9406	4.1403	4.1055	4.2455	27.000	27.000	27.000	27.000
1/28/2019	08:04:29	352.89	3.9380	4.1354	4.1072	4.2451	27.000	27.000	27.000	27.000
1/28/2019	08:04:30	354.36	3.9370	4.1322	4.1081	4.2464	27.000	27.000	27.000	27.000
1/28/2019	08:04:32	355.62	3.9368	4.1314	4.1072	4.2469	27.000	27.000	27.000	27.000
1/28/2019	08:04:33	357.11	3.9366	4.1319	4.1062	4.2475	27.000	27.000	27.000	27.000
1/28/2019	08:04:35	358.50	3.9350	4.1314	4.1048	4.2465	27.000	27.000	27.000	27.000
1/28/2019	08:04:36	359.86	3.9350	4.1324	4.1052	4.2446	27.000	27.000	27.000	27.000
1/28/2019	08:04:37	361.19	3.9352	4.1317	4.1064	4.2429	27.000	27.000	27.000	27.000
1/28/2019	08:04:39	362.59	3.9350	4.1324	4.1074	4.2439	27.000	27.000	27.000	27.000
1/28/2019	08:04:40	363.84	3.9336	4.1315	4.1069	4.2468	27.000	27.000	27.000	27.000
1/28/2019	08:04:41	365.25	3.9309	4.1331	4.1060	4.2493	27.000	27.000	27.000	27.000
1/28/2019	08:04:43	366.70	3.9310	4.1357	4.1074	4.2490	27.000	27.000	27.000	27.000
1/28/2019	08:04:44	368.06	3.9286	4.1378	4.1080	4.2479	27.000	27.000	27.000	27.000
1/28/2019	08:04:45	369.34	3.9288	4.1397	4.1083	4.2479	27.000	27.000	27.000	27.000
1/28/2019	08:04:47	370.75	3.9284	4.1399	4.1070	4.2483	27.000	27.000	27.000	27.000
1/28/2019	08:04:48	372.03	3.9313	4.1383	4.1070	4.2480	27.000	27.000	27.000	27.000
1/28/2019	08:04:49	373.42	3.9302	4.1364	4.1079	4.2471	27.000	27.000	27.000	27.000
1/28/2019	08:04:51	374.80	3.9294	4.1338	4.1081	4.2443	27.000	27.000	27.000	27.000
1/28/2019	08:04:52	376.23	3.9268	4.1331	4.1087	4.2441	27.000	27.000	27.000	27.000
1/28/2019	08:04:54	377.91	3.9265	4.1316	4.1067	4.2439	27.000	27.000	27.000	27.000
1/28/2019	08:04:55	379.27	3.9249	4.1304	4.1076	4.2450	27.000	27.000	27.000	27.000
1/28/2019	08:04:57	380.69	3.9254	4.1300	4.1070	4.2434	27.000	27.000	27.000	27.000
1/28/2019	08:04:58	382.06	3.9239	4.1296	4.1094	4.2436	27.000	27.000	27.000	27.000
1/28/2019	08:05:00	383.77	3.9250	4.1333	4.1070	4.2441	27.000	27.000	27.000	27.000
1/28/2019	08:05:01	385.17	3.9225	4.1353	4.1066	4.2454	27.000	27.000	27.000	27.000
1/28/2019	08:05:03	386.61	3.9233	4.1386	4.1046	4.2439	27.000	27.000	27.000	27.000
1/28/2019	08:05:04	387.92	3.9232	4.1381	4.1046	4.2432	27.000	27.000	27.000	27.000
1/28/2019	08:05:05	389.45	3.9240	4.1372	4.1050	4.2421	27.000	27.000	27.000	27.000
1/28/2019	08:05:07	390.91	3.9245	4.1344	4.1046	4.2430	27.000	27.000	27.000	27.000
1/28/2019	08:05:08	392.25	3.9235	4.1319	4.1052	4.2437	27.000	27.000	27.000	27.000
1/28/2019	08:05:10	393.56	3.9232	4.1311	4.1038	4.2436	27.000	27.000	27.000	27.000
1/28/2019	08:05:11	395.06	3.9212	4.1325	4.1021	4.2432	27.000	27.000	27.000	27.000
1/28/2019	08:05:12	396.39	3.9197	4.1340	4.1011	4.2405	27.000	27.000	27.000	27.000
1/28/2019	08:05:14	397.75	3.9186	4.1336	4.1006	4.2407	27.000	27.000	27.000	27.000
1/28/2019	08:05:15	399.19	3.9186	4.1325	4.1009	4.2393	27.000	27.000	27.000	27.000
1/28/2019	08:05:16	400.45	3.9201	4.1321	4.0994	4.2408	27.000	27.000	27.000	27.000
1/28/2019	08:05:18	401.78	3.9175	4.1310	4.0980	4.2441	27.000	27.000	27.000	27.000
1/28/2019	08:05:19	403.19	3.9176	4.1304	4.0980	4.2494	27.000	27.000	27.000	27.000
1/28/2019	08:05:21	404.66	3.9145	4.1275	4.0978	4.2507	27.000	27.000	27.000	27.000
1/28/2019	08:05:22	406.12	3.9156	4.1267	4.0997	4.2464	27.000	27.000	27.000	27.000
1/28/2019	08:05:24	407.50	3.9151	4.1242	4.0994	4.2422	27.000	27.000	27.000	27.000
1/28/2019	08:05:25	409.28	3.9165	4.1228	4.1002	4.2415	27.000	27.000	27.000	27.000
1/28/2019	08:05:27	410.62	3.9173	4.1223	4.0997	4.2416	27.000	27.000	27.000	27.000
1/28/2019	08:05:28	412.08	3.9173	4.1222	4.1000	4.2410	27.000	27.000	27.000	27.000
1/28/2019	08:05:30	413.73	3.9152	4.1231	4.1000	4.2393	27.000	27.000	27.000	27.000
1/28/2019	08:05:31	415.17	3.9124	4.1223	4.0993	4.2384	27.000	27.000	27.000	27.000
1/28/2019	08:05:33	416.58	3.9091	4.1242	4.0992	4.2371	27.000	27.000	27.000	27.000
1/28/2019	08:05:34	418.06	3.9091	4.1251	4.0985	4.2364	27.000	27.000	27.000	27.000
1/28/2019	08:05:35	419.44	3.9089	4.1277	4.0972	4.2366	27.000	27.000	27.000	27.000
1/28/2019	08:05:37	420.78	3.9102	4.1287	4.0976	4.2382	27.000	27.000	27.000	27.000
1/28/2019	08:05:38	422.34	3.9092	4.1297	4.0972	4.2392	27.000	27.000	27.000	27.000
1/28/2019	08:05:40	423.84	3.9094	4.1290	4.0981	4.2383	27.000	27.000	27.000	27.000
1/28/2019	08:05:41	425.25	3.9071	4.1273	4.0971	4.2384	27.000	27.000	27.000	27.000
1/28/2019	08:05:43	426.59	3.9057	4.1267	4.0979	4.2361	27.000	27.000	27.000	27.000
1/28/2019	08:05:44	427.89	3.9051	4.1262	4.0995	4.2368	27.000	27.000	27.000	27.000
1/28/2019	08:05:45	429.45	3.9070	4.1270	4.1000	4.2366	27.000	27.000	27.000	27.000
1/28/2019	08:05:47	431.03	3.9080	4.1275	4.1003	4.2371	27.000	27.000	27.000	27.000
1/28/2019	08:05:48	432.45	3.9058	4.1274	4.0993	4.2375	27.000	27.000	27.000	27.000
1/28/2019	08:05:50	434.06	3.9025	4.1257	4.0993	4.2386	27.000	27.000	27.000	27.000
1/28/2019	08:05:52	435.55	3.9002	4.1241	4.1003	4.2411	27.000	27.000	27.000	27.000
1/28/2019	08:05:53	436.83	3.9020	4.1243	4.1011	4.2412	27.000	27.000	27.000	27.000
1/28/2019	08:05:54	438.20	3.9033	4.1238	4.1023	4.2393	27.000	27.000	27.000	27.000
1/28/2019	08:05:56	439.47	3.9024	4.1238	4.1011	4.2390	27.000	27.000	27.000	27.000
1/28/2019	08:05:57	440.87	3.8998	4.1234	4.1011	4.2380	27.000	27.000	27.000	27.000
1/28/2019	08:05:58	442.34	3.8972	4.1273	4.1011	4.2390	27.000	27.000	27.000	27.000
1/28/2019	08:06:00	444.27	3.8984	4.1306	4.1008	4.2380	27.000	27.000	27.000	27.000
1/28/2019	08:06:02	445.64	3.8996	4.1314	4.1004	4.2417	27.000	27.000	27.000	27.000
1/28/2019	08:06:03	447.06	3.8982	4.1313	4.1003	4.2414	27.000	27.000	27.000	27.000
1/28/2019	08:06:05	448.58	3.8971	4.1294	4.1024	4.2423	27.000	27.000	27.000	27.000
1/28/2019	08:06:06	450.06	3.8957	4.1296	4.1031	4.2425	27.000	27.000	27.000	27.000
1/28/2019	08:06:08	451.48	3.8985	4.1285	4.1020	4.2432	27.000	27.000	27.000	27.000
1/28/2019	08:06:09	452.97	3.8970	4.1295	4.1007	4.2430	27.000	27.000	27.000	27.000
1/28/2019	08:06:10	454.27	3.8963	4.1296	4.1000	4.2405	27.000	27.000	27.000	27.000
1/28/2019	08:06:12	455.72	3.8946	4.1280	4.1011	4.2394	27.000	27.000	27.000	27.000
1/28/2019	08:06:13	457.16	3.8955	4.1245	4.1007	4.2393	27.000	27.000	27.000	27.000
1/28/2019	08:06:14	458.44	3.8944	4.1228	4.0996	4.2397	27.000	27.000	27.000	27.000
1/28/2019	08:06:16	459.70	3.8928	4.1204	4.0978	4.2407	27.000	27.000	27.000	27.000
1/28/2019	08:06:17	461.12	3.8905	4.1213	4.0976	4.2408	27.000	27.000	27.000	27.000
1/28/2019	08:06:19	462.55	3.8910	4.1211	4.0988	4.2387	27.000	27.000	27.000	27.000
1/28/2019	08:06:20	463.98	3.8914	4.1252	4.0997	4.2375	27.000	27.000	27.000	27.000
1/28/2019	08:06:21	465.34	3.8919	4.1246	4.0978	4.2359	27.000	27.000	27.000	27.000
1/28/2019	08:06:23	466.77	3.8916	4.1244	4.0955	4.2364	27.000	27.000	27.000	27.000
1/28/2019	08:06:24	468.25	3.8895	4.1216	4.0920	4.2365	27.000	27.000	27.000	27.000
1/28/2019	08:06:26	469.64	3.8887	4.1216	4.0912	4.2364	27.000	27.000	27.000	27.000
1/28/2019	08:06:27	471.09	3.8891	4.1218	4.0909	4.2372	27.000	27.000	27.000	27.000
1/28/2019	08:06:28	472.44	3.8892	4.1223	4.0916	4.2347	27.000	27.000	27.000	27.000
1/28/2019	08:06:30	474.22	3.8905	4.1226	4.0928	4.2353	27.000	27.000	27.000	27.000
1/28/2019	08:06:32	475.64	3.8863	4.1212	4.0921	4.2336	27.000	27.000	27.000	27.000
1/28/2019	08:06:33	477.00	3.8876	4.1191	4.0888	4.2358	27.000	27.000	27.000	27.000
1/28/2019	08:06:34	478.33	3.8860	4.1163	4.0867	4.2355	27.000	27.000	27.000	27.000
1/28/2019	08:06:36	479.53	3.8853	4.1148	4.0840	4.2333	27.000	27.000	27.000	27.000
1/28/2019	08:06:37	480.98	3.8847	4.1138	4.0847	4.2333	27.000	27.000	27.000	27.000
1/28/2019	08:06:38	482.34	3.8844	4.1128	4.0826	4.2308	27.000	27.000	27.000	27.000
1/28/2019	08:06:40	483.75	3.8870	4.1119	4.0831	4.2323	27.000	27.000	27.000	27.000
1/28/2019	08:06:41	485.14	3.8844	4.1127	4.0827	4.2286	27.000	27.000	27.000	27.000
1/28/2019	08:06:43	486.59	3.8841	4.1140	4.0820	4.2294	27.000	27.000	27.000	27.000
1/28/2019	08:06:44	488.02	3.8829	4.1153	4.0816	4.2301	27.000	27.000	27.000	27.000
1/28/2019	08:06:45	489.36	3.8830	4.1182	4.0806	4.2319	27.000	27.000	27.000	27.000
1/28/2019	08:06:47	490.62	3.8829	4.1205	4.0816	4.2329	27.000	27.000	27.000	27.000
1/28/2019	08:06:48	491.97	3.8825	4.1223	4.0802	4.2325	27.000	27.000	27.000	27.000
1/28/2019	08:06:49	493.28	3.8834	4.1206	4.0802	4.2326	27.000	27.000	27.000	27.000
1/28/2019	08:06:51	494.75	3.8815	4.1196	4.0779	4.2328	27.000	27.000	27.000	27.000
1/28/2019	08:06:52	496.14	3.8811	4.1164	4.0776	4.2323	27.000	27.000	27.000	27.000
1/28/2019	08:06:54	497.58	3.8786	4.1134	4.0769	4.2344	27.000	27.000	27.000	27.000
1/28/2019	08:06:55	499.09	3.8789	4.1124	4.0770	4.2339	27.000	27.000	27.000	27.000
1/28/2019	08:06:57	500.52	3.8771	4.1122	4.0759	4.2346	27.000	27.000	27.000	27.000
1/28/2019	08:06:58	502.00	3.8778	4.1120	4.0737	4.2350	27.000	27.000	27.000	27.000
1/28/2019	08:06:59	503.30	3.8768	4.1107	4.0709	4.2363	27.000	27.000	27.000	27.000
1/28/2019	08:07:01	504.67	3.8766	4.1092	4.0695	4.2367	27.000	27.000	27.000	27.000
1/28/2019	08:07:02	506.14	3.8767	4.1089	4.0677	4.2324	27.000	27.000	27.000	27.000
1/28/2019	08:07:04	507.83	3.8758	4.1105	4.0674	4.2299	27.000	27.000	27.000	27.000
1/28/2019	08:07:05	509.30	3.8744	4.1143	4.0633	4.2255	27.000	27.000	27.000	27.000
1/28/2019	08:07:07	510.84	3.8733	4.1162	4.0613	4.2279	27.000	27.000	27.000	27.000
1/28/2019	08:07:08	512.33	3.8732	4.1153	4.0591	4.2278	27.000	27.000	27.000	27.000
1/28/2019	08:07:10	513.66	3.8747	4.1132	4.0603	4.2306	27.000	27.000	27.000	27.000
1/28/2019	08:07:11	515.08	3.8732	4.1117	4.0610	4.2310	27.000	27.000	27.000	27.000
1/28/2019	08:07:13	516.58	3.8736	4.1097	4.0598	4.2306	27.000	27.000	27.000	27.000
1/28/2019	08:07:14	517.89	3.8729	4.1079	4.0587	4.2321	27.000	27.000	27.000	27.000
1/28/2019	08:07:15	519.45	3.8731	4.1073	4.0597	4.2310	27.000	27.000	27.000	27.000
1/28/2019	08:07:17	520.97	3.8720	4.1080	4.0609	4.2311	27.000	27.000	27.000	27.000
1/28/2019	08:07:18	522.25	3.8711	4.1097	4.0605	4.2294	27.000	27.000	27.000	27.000
1/28/2019	08:07:20	523.52	3.8706	4.1112	4.0591	4.2308	27.000	27.000	27.000	27.000
1/28/2019	08:07:21	524.97	3.8705	4.1113	4.0583	4.2339	27.000	27.000	27.000	27.000
1/28/2019	08:07:22	526.19	3.8700	4.1100	4.0573	4.2353	27.000	27.000	27.000	27.000
1/28/2019	08:07:24	527.52	3.8702	4.1077	4.0565	4.2346	27.000	27.000	27.000	27.000
1/28/2019	08:07:25	528.87	3.8693	4.1075	4.0574	4.2340	27.000	27.000	27.000	27.000
1/28/2019	08:07:26	530.42	3.8685	4.1080	4.0581	4.2340	27.000	27.000	27.000	27.000
1/28/2019	08:07:28	531.66	3.8680	4.1093	4.0580	4.2349	27.000	27.000	27.000	27.000
1/28/2019	08:07:29	533.08	3.8678	4.1098	4.0541	4.2333	27.000	27.000	27.000	27.000
1/28/2019	08:07:30	534.39	3.8688	4.1117	4.0528	4.2311	27.000	27.000	27.000	27.000
1/28/2019	08:07:32	535.81	3.8688	4.1116	4.0496	4.2282	27.000	27.000	27.000	27.000
1/28/2019	08:07:33	537.20	3.8680	4.1102	4.0512	4.2278	27.000	27.000	27.000	27.000
1/28/2019	08:07:35	538.67	3.8666	4.1070	4.0498	4.2308	27.000	27.000	27.000	27.000
1/28/2019	08:07:36	540.14	3.8645	4.1050	4.0479	4.2323	27.000	27.000	27.000	27.000
1/28/2019	08:07:38	541.52	3.8609	4.1050	4.0467	4.2343	27.000	27.000	27.000	27.000
1/28/2019	08:07:39	542.95	3.8596	4.1047	4.0453	4.2342	27.000	27.000	27.000	27.000
1/28/2019	08:07:40	544.30	3.8603	4.1058	4.0458	4.2351	27.000	27.000	27.000	27.000
1/28/2019	08:07:42	545.66	3.8616	4.1035	4.0433	4.2325	27.000	27.000	27.000	27.000
1/28/2019	08:07:43	547.03	3.8607	4.1042	4.0450	4.2318	27.000	27.000	27.000	27.000
1/28/2019	08:07:44	548.42	3.8582	4.1042	4.0436	4.2290	27.000	27.000	27.000	27.000
1/28/2019	08:07:46	549.77	3.8578	4.1072	4.0424	4.2285	27.000	27.000	27.000	27.000
1/28/2019	08:07:47	551.11	3.8572	4.1077	4.0402	4.2264	27.000	27.000	27.000	27.000
1/28/2019	08:07:49	552.50	3.8572	4.1077	4.0402	4.2289	27.000	27.000	27.000	27.000
1/28/2019	08:07:50	553.97	3.8568	4.1057	4.0409	4.2308	27.000	27.000	27.000	27.000
1/28/2019	08:07:51	555.37	3.8576	4.1034	4.0409	4.2324	27.000	27.000	27.000	27.000
1/28/2019	08:07:53	556.98	3.8577	4.1015	4.0396	4.2321	27.000	27.000	27.000	27.000
1/28/2019	08:07:54	558.37	3.8570	4.1010	4.0384	4.2322	27.000	27.000	27.000	27.000
1/28/2019	08:07:56	559.61	3.8539	4.1005	4.0369	4.2306	27.000	27.000	27.000	27.000
1/28/2019	08:07:57	561.06	3.8535	4.1008	4.0369	4.2290	27.000	27.000	27.000	27.000
1/28/2019	08:07:58	562.44	3.8523	4.0998	4.0351	4.2279	27.000	27.000	27.000	27.000
1/28/2019	08:08:00	563.87	3.8526	4.1001	4.0334	4.2278	27.000	27.000	27.000	27.000
1/28/2019	08:08:01	565.39	3.8501	4.0988	4.0311	4.2275	27.000	27.000	27.000	27.000
1/28/2019	08:08:03	566.84	3.8482	4.1001	4.0301	4.2267	27.000	27.000	27.000	27.000
1/28/2019	08:08:04	568.09	3.8476	4.1008	4.0288	4.2258	27.000	27.000	27.000	27.000
1/28/2019	08:08:05	569.39	3.8464	4.1016	4.0288	4.2261	27.000	27.000	27.000	27.000
1/28/2019	08:08:07	570.72	3.8464	4.0996	4.0286	4.2265	27.000	27.000	27.000	27.000
1/28/2019	08:08:08	571.97	3.8453	4.0978	4.0286	4.2275	27.000	27.000	27.000	27.000
1/28/2019	08:08:09	573.37	3.8474	4.0989	4.0279	4.2290	27.000	27.000	27.000	27.000
1/28/2019	08:08:11	574.69	3.8471	4.0998	4.0275	4.2303	27.000	27.000	27.000	27.000
1/28/2019	08:08:12	575.95	3.8475	4.1024	4.0252	4.2296	27.000	27.000	27.000	27.000
1/28/2019	08:08:13	577.30	3.8434	4.1030	4.0251	4.2293	27.000	27.000	27.000	27.000
1/28/2019	08:08:15	578.66	3.8421	4.1039	4.0244	4.2285	27.000	27.000	27.000	27.000
1/28/2019	08:08:16	580.20	3.8405	4.1024	4.0256	4.2302	27.000	27.000	27.000	27.000
1/28/2019	08:08:18	581.70	3.8415	4.1000	4.0262	4.2289	27.000	27.000	27.000	27.000
1/28/2019	08:08:19	583.11	3.8424	4.0980	4.0256	4.2275	27.000	27.000	27.000	27.000
1/28/2019	08:08:21	584.67	3.8420	4.0965	4.0244	4.2265	27.000	27.000	27.000	27.000
1/28/2019	08:08:22	586.00	3.8419	4.0966	4.0227	4.2253	27.000	27.000	27.000	27.000
1/28/2019	08:08:23	587.37	3.8390	4.0972	4.0227	4.2274	27.000	27.000	27.000	27.000
1/28/2019	08:08:25	588.86	3.8379	4.0981	4.0233	4.2283	27.000	27.000	27.000	27.000
1/28/2019	08:08:26	590.25	3.8372	4.0968	4.0222	4.2286	27.000	27.000	27.000	27.000
1/28/2019	08:08:28	591.66	3.8357	4.0968	4.0223	4.2267	27.000	27.000	27.000	27.000
1/28/2019	08:08:29	593.16	3.8343	4.0959	4.0218	4.2253	27.000	27.000	27.000	27.000
1/28/2019	08:08:31	594.62	3.8337	4.0983	4.0227	4.2249	27.000	27.000	27.000	27.000
1/28/2019	08:08:32	596.06	3.8345	4.0999	4.0219	4.2244	27.000	27.000	27.000	27.000
1/28/2019	08:08:33	597.27	3.8338	4.1018	4.0230	4.2256	27.000	27.000	27.000	27.000
1/28/2019	08:08:35	598.77	3.8315	4.1002	4.0223	4.2272	27.000	27.000	27.000	27.000
1/28/2019	08:08:36	600.05	3.8309	4.0975	4.0219	4.2286	27.000	27.000	27.000	27.000
1/28/2019	08:08:38	601.61	3.8301	4.0957	4.0208	4.2296	27.000	27.000	27.000	27.000
1/28/2019	08:08:39	602.98	3.8301	4.0953	4.0215	4.2295	27.000	27.000	27.000	27.000
1/28/2019	08:08:40	604.41	3.8283	4.0951	4.0205	4.2295	27.000	27.000	27.000	27.000
1/28/2019	08:08:42	605.94	3.8278	4.0941	4.0212	4.2272	27.000	27.000	27.000	27.000
1/28/2019	08:08:43	607.22	3.8270	4.0941	4.0213	4.2261	27.000	27.000	27.000	27.000
1/28/2019	08:08:45	608.62	3.8275	4.0951	4.0233	4.2258	27.000	27.000	27.000	27.000
1/28/2019	08:08:46	610.33	3.8268	4.0970	4.0234	4.2256	27.000	27.000	27.000	27.000
1/28/2019	08:08:48	611.75	3.8270	4.0969	4.0230	4.2283	27.000	27.000	27.000	27.000
1/28/2019	08:08:49	613.06	3.8260	4.0957	4.0234	4.2282	27.000	27.000	27.000	27.000
1/28/2019	08:08:51	614.52	3.8256	4.0934	4.0236	4.2291	27.000	27.000	27.000	27.000
1/28/2019	08:08:52	615.86	3.8237	4.0929	4.0242	4.2289	27.000	27.000	27.000	27.000
1/28/2019	08:08:53	617.30	3.8218	4.0917	4.0229	4.2274	27.000	27.000	27.000	27.000
1/28/2019	08:08:55	618.58	3.8203	4.0916	4.0242	4.2282	27.000	27.000	27.000	27.000
1/28/2019	08:08:56	619.98	3.8189	4.0911	4.0236	4.2260	27.000	27.000	27.000	27.000
1/28/2019	08:08:58	621.50	3.8188	4.0921	4.0244	4.2272	27.000	27.000	27.000	27.000
1/28/2019	08:08:59	622.84	3.8185	4.0928	4.0204	4.2256	27.000	27.000	27.000	27.000
1/28/2019	08:09:00	624.27	3.8178	4.0917	4.0182	4.2239	27.000	27.000	27.000	27.000
1/28/2019	08:09:02	625.70	3.8180	4.0917	4.0171	4.2220	27.000	27.000	27.000	27.000
1/28/2019	08:09:03	627.23	3.8180	4.0918	4.0161	4.2204	27.000	27.000	27.000	27.000
1/28/2019	08:09:05	628.75	3.8187	4.0942	4.0167	4.2231	27.000	27.000	27.000	27.000
1/28/2019	08:09:06	630.17	3.8166	4.0937	4.0156	4.2245	27.000	27.000	27.000	27.000
1/28/2019	08:09:08	631.69	3.8175	4.0931	4.0174	4.2260	27.000	27.000	27.000	27.000
1/28/2019	08:09:09	633.08	3.8154	4.0928	4.0176	4.2243	27.000	27.000	27.000	27.000
1/28/2019	08:09:10	634.44	3.8150	4.0917	4.0180	4.2246	27.000	27.000	27.000	27.000
1/28/2019	08:09:12	635.80	3.8113	4.0913	4.0187	4.2259	27.000	27.000	27.000	27.000
1/28/2019	08:09:13	637.23	3.8127	4.0912	4.0190	4.2270	27.000	27.000	27.000	27.000
1/28/2019	08:09:15	638.56	3.8135	4.0938	4.0202	4.2270	27.000	27.000	27.000	27.000
1/28/2019	08:09:16	639.97	3.8128	4.0944	4.0207	4.2275	27.000	27.000	27.000	27.000
1/28/2019	08:09:17	641.27	3.8112	4.0918	4.0198	4.2256	27.000	27.000	27.000	27.000
1/28/2019	08:09:19	642.61	3.8111	4.0885	4.0178	4.2279	27.000	27.000	27.000	27.000
1/28/2019	08:09:20	643.98	3.8127	4.0863	4.0171	4.2268	27.000	27.000	27.000	27.000
1/28/2019	08:09:22	645.89	3.8117	4.0860	4.0183	4.2277	27.000	27.000	27.000	27.000
1/28/2019	08:09:24	647.50	3.8096	4.0860	4.0197	4.2270	27.000	27.000	27.000	27.000
1/28/2019	08:09:25	649.08	3.8070	4.0844	4.0192	4.2242	27.000	27.000	27.000	27.000
1/28/2019	08:09:27	650.78	3.8077	4.0826	4.0178	4.2231	27.000	27.000	27.000	27.000
1/28/2019	08:09:28	652.39	3.8068	4.0814	4.0167	4.2225	27.000	27.000	27.000	27.000
1/28/2019	08:09:30	654.06	3.8051	4.0798	4.0164	4.2267	27.000	27.000	27.000	27.000
1/28/2019	08:09:32	655.64	3.8024	4.0805	4.0161	4.2281	27.000	27.000	27.000	27.000
1/28/2019	08:09:33	657.30	3.8032	4.0795	4.0168	4.2283	27.000	27.000	27.000	27.000
1/28/2019	08:09:35	658.81	3.8058	4.0778	4.0157	4.2252	27.000	27.000	27.000	27.000
1/28/2019	08:09:37	661.03	3.8058	4.0757	4.0159	4.2247	27.000	27.000	27.000	27.000
1/28/2019	08:09:39	663.12	3.8054	4.0737	4.0164	4.2222	27.000	27.000	27.000	27.000
1/28/2019	08:09:41	664.61	3.8044	4.0732	4.0163	4.2229	27.000	27.000	27.000	27.000
1/28/2019	08:09:42	666.36	3.8046	4.0699	4.0163	4.2236	27.000	27.000	27.000	27.000
1/28/2019	08:09:44	667.78	3.8032	4.0684	4.0161	4.2249	27.000	27.000	27.000	27.000
1/28/2019	08:09:45	669.00	3.8017	4.0675	4.0182	4.2264	27.000	27.000	27.000	27.000
1/28/2019	08:09:47	670.56	3.8004	4.0673	4.0175	4.2265	27.000	27.000	27.000	27.000
1/28/2019	08:09:48	671.95	3.7998	4.0674	4.0161	4.2252	27.000	27.000	27.000	27.000
1/28/2019	08:09:49	673.34	3.7959	4.0674	4.0150	4.2253	27.000	27.000	27.000	27.000
1/28/2019	08:09:51	674.94	3.7969	4.0691	4.0152	4.2256	27.000	27.000	27.000	27.000
1/28/2019	08:09:52	676.41	3.7941	4.0699	4.0149	4.2266	27.000	27.000	27.000	27.000
1/28/2019	08:09:54	677.97	3.7966	4.0696	4.0126	4.2257	27.000	27.000	27.000	27.000
1/28/2019	08:09:55	679.36	3.7947	4.0694	4.0124	4.2260	27.000	27.000	27.000	27.000
1/28/2019	08:09:57	680.98	3.7939	4.0689	4.0115	4.2269	27.000	27.000	27.000	27.000
1/28/2019	08:09:58	682.34	3.7939	4.0700	4.0105	4.2242	27.000	27.000	27.000	27.000
1/28/2019	08:10:00	683.77	3.7906	4.0694	4.0078	4.2209	27.000	27.000	27.000	27.000
1/28/2019	08:10:01	685.28	3.7908	4.0690	4.0051	4.2183	27.000	27.000	27.000	27.000
1/28/2019	08:10:03	686.67	3.7879	4.0671	4.0040	4.2177	27.000	27.000	27.000	27.000
1/28/2019	08:10:04	688.00	3.7903	4.0661	4.0025	4.2209	27.000	27.000	27.000	27.000
1/28/2019	08:10:05	689.39	3.7896	4.0652	3.9984	4.2225	27.000	27.000	27.000	27.000
1/28/2019	08:10:07	690.92	3.7889	4.0641	3.9950	4.2243	27.000	27.000	27.000	27.000
1/28/2019	08:10:08	692.34	3.7867	4.0617	3.9904	4.2227	27.000	27.000	27.000	27.000
1/28/2019	08:10:10	693.66	3.7849	4.0582	3.9870	4.2209	27.000	27.000	27.000	27.000
1/28/2019	08:10:11	694.89	3.7849	4.0574	3.9799	4.2226	27.000	27.000	27.000	27.000
1/28/2019	08:10:12	696.33	3.7837	4.0568	3.9753	4.2208	27.000	27.000	27.000	27.000
1/28/2019	08:10:14	697.92	3.7849	4.0566	3.9723	4.2222	27.000	27.000	27.000	27.000
1/28/2019	08:10:15	699.22	3.7842	4.0560	3.9711	4.2202	27.000	27.000	27.000	27.000
1/28/2019	08:10:17	700.80	3.7841	4.0535	3.9669	4.2216	27.000	27.000	27.000	27.000
1/28/2019	08:10:18	702.37	3.7824	4.0536	3.9610	4.2199	27.000	27.000	27.000	27.000
1/28/2019	08:10:20	703.72	3.7818	4.0512	3.9556	4.2189	27.000	27.000	27.000	27.000
1/28/2019	08:10:21	705.22	3.7794	4.0520	3.9522	4.2183	27.000	27.000	27.000	27.000
1/28/2019	08:10:23	706.55	3.7789	4.0512	3.9503	4.2199	27.000	27.000	27.000	27.000
1/28/2019	08:10:24	707.84	3.7775	4.0520	3.9467	4.2192	27.000	27.000	27.000	27.000
1/28/2019	08:10:26	709.70	3.7794	4.0503	3.9425	4.2193	27.000	27.000	27.000	27.000
1/28/2019	08:10:28	711.52	3.7790	4.0488	3.9386	4.2186	27.000	27.000	27.000	27.000
1/28/2019	08:10:29	712.83	3.7755	4.0471	3.9364	4.2193	27.000	27.000	27.000	27.000
1/28/2019	08:10:30	714.23	3.7731	4.0472	3.9348	4.2193	27.000	27.000	27.000	27.000
1/28/2019	08:10:32	715.62	3.7729	4.0490	3.9318	4.2172	27.000	27.000	27.000	27.000
1/28/2019	08:10:33	717.14	3.7744	4.0497	3.9296	4.2169	27.000	27.000	27.000	27.000
1/28/2019	08:10:34	718.39	3.7733	4.0505	3.9274	4.2179	27.000	27.000	27.000	27.000
1/28/2019	08:10:36	719.61	3.7707	4.0499	3.9267	4.2190	27.000	27.000	27.000	27.000
1/28/2019	08:10:37	720.98	3.7718	4.0493	3.9262	4.2183	27.000	27.000	27.000	27.000
1/28/2019	08:10:39	722.61	3.7707	4.0484	3.9248	4.2175	27.000	27.000	27.000	27.000
1/28/2019	08:10:40	724.08	3.7691	4.0493	3.9236	4.2204	27.000	27.000	27.000	27.000
1/28/2019	08:10:41	725.42	3.7668	4.0505	3.9222	4.2224	27.000	27.000	27.000	27.000
1/28/2019	08:10:43	726.86	3.7659	4.0536	3.9211	4.2243	27.000	27.000	27.000	27.000
1/28/2019	08:10:44	728.19	3.7678	4.0533	3.9216	4.2219	27.000	27.000	27.000	27.000
1/28/2019	08:10:46	729.58	3.7675	4.0531	3.9234	4.2228	27.000	27.000	27.000	27.000
1/28/2019	08:10:47	731.06	3.7663	4.0508	3.9261	4.2214	27.000	27.000	27.000	27.000
1/28/2019	08:10:49	733.12	3.7642	4.0497	3.9252	4.2211	27.000	27.000	27.000	27.000
1/28/2019	08:10:51	734.78	3.7621	4.0491	3.9232	4.2198	27.000	27.000	27.000	27.000
1/28/2019	08:10:52	736.09	3.7611	4.0487	3.9222	4.2175	27.000	27.000	27.000	27.000
1/28/2019	08:10:54	737.58	3.7604	4.0487	3.9234	4.2198	27.000	27.000	27.000	27.000
1/28/2019	08:10:55	738.91	3.7592	4.0489	3.9236	4.2204	27.000	27.000	27.000	27.000
1/28/2019	08:10:57	740.61	3.7582	4.0496	3.9232	4.2241	27.000	27.000	27.000	27.000
1/28/2019	08:10:58	742.11	3.7562	4.0497	3.9219	4.2271	27.000	27.000	27.000	27.000
1/28/2019	08:10:59	743.41	3.7568	4.0502	3.9224	4.2264	27.000	27.000	27.000	27.000
1/28/2019	08:11:01	744.69	3.7558	4.0515	3.9247	4.2224	27.000	27.000	27.000	27.000
1/28/2019	08:11:02	746.00	3.7564	4.0519	3.9261	4.2182	27.000	27.000	27.000	27.000
1/28/2019	08:11:04	747.53	3.7548	4.0521	3.9255	4.2185	27.000	27.000	27.000	27.000
1/28/2019	08:11:05	748.83	3.7552	4.0524	3.9253	4.2208	27.000	27.000	27.000	27.000
1/28/2019	08:11:06	750.23	3.7551	4.0526	3.9250	4.2219	27.000	27.000	27.000	27.000
1/28/2019	08:11:08	751.50	3.7551	4.0513	3.9266	4.2200	27.000	27.000	27.000	27.000
1/28/2019	08:11:09	752.80	3.7551	4.0493	3.9250	4.2200	27.000	27.000	27.000	27.000
1/28/2019	08:11:10	754.19	3.7538	4.0494	3.9236	4.2175	27.000	27.000	27.000	27.000
1/28/2019	08:11:12	755.56	3.7523	4.0503	3.9217	4.2184	27.000	27.000	27.000	27.000
1/28/2019	08:11:13	757.06	3.7520	4.0512	3.9222	4.2161	27.000	27.000	27.000	27.000
1/28/2019	08:11:15	758.55	3.7515	4.0503	3.9222	4.2167	27.000	27.000	27.000	27.000
1/28/2019	08:11:16	759.97	3.7515	4.0488	3.9221	4.2177	27.000	27.000	27.000	27.000
1/28/2019	08:11:18	761.50	3.7504	4.0470	3.9210	4.2202	27.000	27.000	27.000	27.000
1/28/2019	08:11:19	763.09	3.7487	4.0460	3.9207	4.2212	27.000	27.000	27.000	27.000
1/28/2019	08:11:20	764.45	3.7468	4.0447	3.9198	4.2187	27.000	27.000	27.000	27.000
1/28/2019	08:11:22	765.77	3.7455	4.0445	3.9197	4.2169	27.000	27.000	27.000	27.000
1/28/2019	08:11:23	767.27	3.7440	4.0440	3.9199	4.2160	27.000	27.000	27.000	27.000
1/28/2019	08:11:25	768.75	3.7447	4.0455	3.9203	4.2162	27.000	27.000	27.000	27.000
1/28/2019	08:11:26	769.98	3.7436	4.0454	3.9199	4.2152	27.000	27.000	27.000	27.000
1/28/2019	08:11:28	771.62	3.7439	4.0467	3.9199	4.2161	27.000	27.000	27.000	27.000
1/28/2019	08:11:29	773.06	3.7418	4.0474	3.9198	4.2179	27.000	27.000	27.000	27.000
1/28/2019	08:11:31	774.48	3.7428	4.0477	3.9186	4.2202	27.000	27.000	27.000	27.000
1/28/2019	08:11:32	775.77	3.7415	4.0467	3.9179	4.2169	27.000	27.000	27.000	27.000
1/28/2019	08:11:33	777.42	3.7422	4.0450	3.9171	4.2184	27.000	27.000	27.000	27.000
1/28/2019	08:11:35	778.59	3.7390	4.0453	3.9178	4.2188	27.000	27.000	27.000	27.000
1/28/2019	08:11:36	779.91	3.7402	4.0449	3.9193	4.2217	27.000	27.000	27.000	27.000
1/28/2019	08:11:37	781.44	3.7394	4.0445	3.9214	4.2234	27.000	27.000	27.000	27.000
1/28/2019	08:11:39	782.75	3.7400	4.0438	3.9233	4.2231	27.000	27.000	27.000	27.000
1/28/2019	08:11:40	784.08	3.7387	4.0442	3.9228	4.2256	27.000	27.000	27.000	27.000
1/28/2019	08:11:42	785.53	3.7372	4.0456	3.9223	4.2237	27.000	27.000	27.000	27.000
1/28/2019	08:11:43	787.00	3.7359	4.0458	3.9215	4.2223	27.000	27.000	27.000	27.000
1/28/2019	08:11:45	789.06	3.7343	4.0449	3.9218	4.2202	27.000	27.000	27.000	27.000
1/28/2019	08:11:47	790.91	3.7332	4.0434	3.9202	4.2191	27.000	27.000	27.000	27.000
1/28/2019	08:11:49	792.55	3.7349	4.0435	3.9187	4.2205	27.000	27.000	27.000	27.000
1/28/2019	08:11:50	793.73	3.7346	4.0425	3.9162	4.2237	27.000	27.000	27.000	27.000
1/28/2019	08:11:51	795.37	3.7331	4.0426	3.9153	4.2256	27.000	27.000	27.000	27.000
1/28/2019	08:11:53	797.14	3.7297	4.0421	3.9151	4.2272	27.000	27.000	27.000	27.000
1/28/2019	08:11:55	798.77	3.7282	4.0410	3.9150	4.2237	27.000	27.000	27.000	27.000
1/28/2019	08:11:57	800.92	3.7275	4.0384	3.9171	4.2222	27.000	27.000	27.000	27.000
1/28/2019	08:11:58	802.28	3.7285	4.0367	3.9177	4.2199	27.000	27.000	27.000	27.000
1/28/2019	08:12:00	804.09	3.7277	4.0399	3.9186	4.2181	27.000	27.000	27.000	27.000
1/28/2019	08:12:02	805.58	3.7277	4.0395	3.9171	4.2179	27.000	27.000	27.000	27.000
1/28/2019	08:12:03	806.95	3.7246	4.0403	3.9164	4.2173	27.000	27.000	27.000	27.000
1/28/2019	08:12:04	808.34	3.7233	4.0382	3.9181	4.2186	27.000	27.000	27.000	27.000
1/28/2019	08:12:06	809.75	3.7238	4.0398	3.9191	4.2193	27.000	27.000	27.000	27.000
1/28/2019	08:12:07	811.14	3.7242	4.0382	3.9203	4.2204	27.000	27.000	27.000	27.000
1/28/2019	08:12:09	812.64	3.7248	4.0400	3.9191	4.2197	27.000	27.000	27.000	27.000
1/28/2019	08:12:10	813.95	3.7238	4.0421	3.9207	4.2184	27.000	27.000	27.000	27.000
1/28/2019	08:12:11	815.30	3.7246	4.0452	3.9203	4.2180	27.000	27.000	27.000	27.000
1/28/2019	08:12:13	816.73	3.7237	4.0428	3.9195	4.2193	27.000	27.000	27.000	27.000
1/28/2019	08:12:14	818.11	3.7236	4.0421	3.9168	4.2197	27.000	27.000	27.000	27.000
1/28/2019	08:12:16	819.50	3.7214	4.0385	3.9167	4.2197	27.000	27.000	27.000	27.000
1/28/2019	08:12:17	820.80	3.7217	4.0399	3.9194	4.2191	27.000	27.000	27.000	27.000
1/28/2019	08:12:18	822.23	3.7198	4.0380	3.9191	4.2204	27.000	27.000	27.000	27.000
1/28/2019	08:12:20	823.53	3.7205	4.0394	3.9190	4.2201	27.000	27.000	27.000	27.000
1/28/2019	08:12:21	824.78	3.7186	4.0387	3.9183	4.2213	27.000	27.000	27.000	27.000
1/28/2019	08:12:22	826.19	3.7194	4.0395	3.9187	4.2204	27.000	27.000	27.000	27.000
1/28/2019	08:12:24	827.50	3.7176	4.0410	3.9177	4.2205	27.000	27.000	27.000	27.000
1/28/2019	08:12:25	828.94	3.7172	4.0425	3.9167	4.2193	27.000	27.000	27.000	27.000
1/28/2019	08:12:27	830.67	3.7163	4.0427	3.9174	4.2201	27.000	27.000	27.000	27.000
1/28/2019	08:12:28	832.03	3.7161	4.0430	3.9185	4.2205	27.000	27.000	27.000	27.000
1/28/2019	08:12:29	833.28	3.7173	4.0403	3.9183	4.2202	27.000	27.000	27.000	27.000
1/28/2019	08:12:31	834.69	3.7153	4.0386	3.9177	4.2184	27.000	27.000	27.000	27.000
1/28/2019	08:12:32	836.22	3.7164	4.0337	3.9167	4.2183	27.000	27.000	27.000	27.000
1/28/2019	08:12:34	837.78	3.7152	4.0314	3.9150	4.2179	27.000	27.000	27.000	27.000
1/28/2019	08:12:35	839.22	3.7152	4.0311	3.9153	4.2179	27.000	27.000	27.000	27.000
1/28/2019	08:12:37	840.62	3.7152	4.0329	3.9154	4.2155	27.000	27.000	27.000	27.000
1/28/2019	08:12:38	841.95	3.7124	4.0323	3.9157	4.2150	27.000	27.000	27.000	27.000
1/28/2019	08:12:40	843.47	3.7128	4.0296	3.9142	4.2136	27.000	27.000	27.000	27.000
1/28/2019	08:12:41	844.87	3.7103	4.0281	3.9138	4.2143	27.000	27.000	27.000	27.000
1/28/2019	08:12:42	846.30	3.7132	4.0279	3.9146	4.2165	27.000	27.000	27.000	27.000
1/28/2019	08:12:44	847.66	3.7139	4.0290	3.9154	4.2168	27.000	27.000	27.000	27.000
1/28/2019	08:12:45	849.05	3.7143	4.0302	3.9159	4.2168	27.000	27.000	27.000	27.000
1/28/2019	08:12:46	850.44	3.7131	4.0317	3.9159	4.2154	27.000	27.000	27.000	27.000
1/28/2019	08:12:48	851.91	3.7108	4.0315	3.9157	4.2161	27.000	27.000	27.000	27.000
1/28/2019	08:12:49	853.45	3.7116	4.0302	3.9136	4.2173	27.000	27.000	27.000	27.000
1/28/2019	08:12:51	855.00	3.7081	4.0277	3.9140	4.2159	27.000	27.000	27.000	27.000
1/28/2019	08:12:52	856.44	3.7091	4.0277	3.9134	4.2162	27.000	27.000	27.000	27.000
1/28/2019	08:12:54	857.73	3.7074	4.0256	3.9151	4.2144	27.000	27.000	27.000	27.000
1/28/2019	08:12:55	859.31	3.7103	4.0270	3.9149	4.2153	27.000	27.000	27.000	27.000
1/28/2019	08:12:57	860.55	3.7102	4.0253	3.9146	4.2131	27.000	27.000	27.000	27.000
1/28/2019	08:12:58	861.80	3.7095	4.0245	3.9147	4.2139	27.000	27.000	27.000	27.000
1/28/2019	08:12:59	863.17	3.7090	4.0224	3.9135	4.2124	27.000	27.000	27.000	27.000
1/28/2019	08:13:01	864.62	3.7086	4.0226	3.9133	4.2136	27.000	27.000	27.000	27.000
1/28/2019	08:13:02	866.19	3.7070	4.0244	3.9101	4.2139	27.000	27.000	27.000	27.000
1/28/2019	08:13:04	867.58	3.7077	4.0226	3.9087	4.2161	27.000	27.000	27.000	27.000
1/28/2019	08:13:05	869.12	3.7065	4.0209	3.9089	4.2172	27.000	27.000	27.000	27.000
1/28/2019	08:13:07	870.67	3.7078	4.0198	3.9102	4.2143	27.000	27.000	27.000	27.000
1/28/2019	08:13:08	872.00	3.7064	4.0222	3.9106	4.2114	27.000	27.000	27.000	27.000
1/28/2019	08:13:09	873.36	3.7066	4.0249	3.9083	4.2097	27.000	27.000	27.000	27.000
1/28/2019	08:13:11	874.86	3.7073	4.0267	3.9079	4.2112	27.000	27.000	27.000	27.000
1/28/2019	08:13:12	876.08	3.7072	4.0261	3.9062	4.2125	27.000	27.000	27.000	27.000
1/28/2019	08:13:14	877.56	3.7080	4.0274	3.9073	4.2132	27.000	27.000	27.000	27.000
1/28/2019	08:13:15	879.00	3.7064	4.0274	3.9071	4.2128	27.000	27.000	27.000	27.000
1/28/2019	08:13:16	880.25	3.7052	4.0301	3.9066	4.2128	27.000	27.000	27.000	27.000
1/28/2019	08:13:18	881.67	3.7037	4.0300	3.9061	4.2132	27.000	27.000	27.000	27.000
1/28/2019	08:13:19	883.20	3.7060	4.0283	3.9037	4.2143	27.000	27.000	27.000	27.000
1/28/2019	08:13:21	884.69	3.7073	4.0255	3.9034	4.2124	27.000	27.000	27.000	27.000
1/28/2019	08:13:22	886.02	3.7073	4.0235	3.9022	4.2118	27.000	27.000	27.000	27.000
1/28/2019	08:13:23	887.36	3.7065	4.0225	3.9044	4.2129	27.000	27.000	27.000	27.000
1/28/2019	08:13:25	888.91	3.7074	4.0208	3.9041	4.2155	27.000	27.000	27.000	27.000
1/28/2019	08:13:26	890.16	3.7081	4.0208	3.9036	4.2151	27.000	27.000	27.000	27.000
1/28/2019	08:13:27	891.45	3.7074	4.0205	3.8993	4.2131	27.000	27.000	27.000	27.000
1/28/2019	08:13:29	892.87	3.7070	4.0233	3.8978	4.2117	27.000	27.000	27.000	27.000
1/28/2019	08:13:30	894.14	3.7064	4.0212	3.8970	4.2115	27.000	27.000	27.000	27.000
1/28/2019	08:13:32	895.66	3.7053	4.0223	3.8984	4.2103	27.000	27.000	27.000	27.000
1/28/2019	08:13:33	896.95	3.7023	4.0193	3.8976	4.2106	27.000	27.000	27.000	27.000
1/28/2019	08:13:34	898.28	3.7005	4.0184	3.8968	4.2108	27.000	27.000	27.000	27.000
1/28/2019	08:13:36	899.75	3.7011	4.0175	3.8970	4.2135	27.000	27.000	27.000	27.000
