Chamber	Time/hh:mm:ss	Logtime/min	Oxy/% air sat.	Phase/°	Amp	Temp/°C	% air-sat.	% oxygen	pO2 (hPa)	pO2 (Torr)	cO2 [mg/L]	cO2 [µmol/L]	Salinity	chlorinity	SalCorcO2 [mg/L]	SalCorcO2 [µmol/L]
6	12:56:38 PM	0.00	85.500	27.940	15594.000	29.000	84.100445	17.6190433	171.405129	128.564775	6.45708127	201.783790	35	19.3739612	5.23138406	163.480752
6	12:56:53 PM	0.25	84.620	28.050	15623.000	29.000	83.245191	17.4398674	169.662034	127.257342	6.39141634	199.731761	35	19.3739612	5.17818379	161.818243
6	12:57:08 PM	0.50	84.380	28.080	15706.000	29.000	83.013792	17.3913895	169.190421	126.903603	6.37365001	199.176563	35	19.3739612	5.16378990	161.368434
6	12:57:23 PM	0.75	85.170	27.980	15655.000	29.000	83.788202	17.5536284	170.768746	128.087447	6.43310780	201.034619	35	19.3739612	5.21196128	162.873790
6	12:57:38 PM	1.00	85.090	27.990	15602.000	29.000	83.710364	17.5373212	170.610103	127.968455	6.42713150	200.847859	35	19.3739612	5.20711942	162.722482
6	12:57:53 PM	1.25	87.580	27.690	15561.000	29.000	86.084687	18.0347419	175.449212	131.598095	6.60942777	206.544618	35	19.3739612	5.35481181	167.337869
6	12:58:08 PM	1.50	86.360	27.840	15525.000	29.000	84.887325	17.7838947	173.008869	129.767682	6.51749651	203.671766	35	19.3739612	5.28033114	165.010348
6	12:58:23 PM	1.75	84.350	28.090	15579.000	29.000	82.936835	17.3752669	169.033574	126.785957	6.36774135	198.991917	35	19.3739612	5.15900283	161.218838
6	12:58:38 PM	2.00	85.670	27.920	15538.000	29.000	84.257103	17.6518630	171.724412	128.804257	6.46910912	202.159660	35	19.3739612	5.24112876	163.785274
6	12:58:53 PM	2.25	86.810	27.780	15584.000	29.000	85.363797	17.8837154	173.979965	130.496066	6.55407911	204.814972	35	19.3739612	5.30996956	165.936549
6	12:59:08 PM	2.50	85.760	27.910	15521.000	29.000	84.335565	17.6683009	171.884327	128.924204	6.47513336	202.347918	35	19.3739612	5.24600946	163.937796
6	12:59:23 PM	2.75	86.330	27.840	15502.000	29.000	84.887325	17.7838947	173.008869	129.767682	6.51749651	203.671766	35	19.3739612	5.28033114	165.010348
6	12:59:38 PM	3.00	86.740	27.790	15453.000	29.000	85.284157	17.8670309	173.817651	130.374320	6.54796452	204.623891	35	19.3739612	5.30501565	165.781739
6	12:59:53 PM	3.25	85.310	27.970	15483.000	29.000	83.866129	17.5699541	170.927570	128.206575	6.43909091	201.221591	35	19.3739612	5.21680867	163.025271
6	13:00:08 PM	3.50	86.740	27.790	15493.000	29.000	85.284157	17.8670309	173.817651	130.374320	6.54796452	204.623891	35	19.3739612	5.30501565	165.781739
6	13:00:23 PM	3.75	88.260	27.600	15443.000	29.000	86.813085	18.1873414	176.933761	132.711601	6.66535290	208.292278	35	19.3739612	5.40012111	168.753785
6	13:00:38 PM	4.00	85.230	27.980	15445.000	29.000	83.788202	17.5536284	170.768746	128.087447	6.43310780	201.034619	35	19.3739612	5.21196128	162.873790
6	13:00:53 PM	4.25	86.800	27.780	15467.000	29.000	85.363797	17.8837154	173.979965	130.496066	6.55407911	204.814972	35	19.3739612	5.30996956	165.936549
6	13:01:08 PM	4.50	84.520	28.070	15485.000	29.000	83.090837	17.4075305	169.347447	127.021382	6.37956539	199.361418	35	19.3739612	5.16858241	161.518200
6	13:01:23 PM	4.75	90.000	27.400	15372.000	29.000	88.459140	18.5321899	180.288585	135.227933	6.79173404	212.241689	35	19.3739612	5.50251231	171.953510
6	13:01:38 PM	5.00	89.780	27.420	15469.000	29.000	88.292812	18.4973441	179.949591	134.973666	6.77896364	211.842614	35	19.3739612	5.49216601	171.630188
6	13:01:53 PM	5.25	89.010	27.510	15370.000	29.000	87.549093	18.3415349	178.433818	133.836739	6.72186223	210.058195	35	19.3739612	5.44590372	170.184491
6	13:02:08 PM	5.50	86.750	27.790	15420.000	29.000	85.284157	17.8670309	173.817651	130.374320	6.54796452	204.623891	35	19.3739612	5.30501565	165.781739
6	13:02:23 PM	5.75	89.860	27.410	15390.000	29.000	88.375928	18.5147568	180.118990	135.100726	6.78534513	212.042035	35	19.3739612	5.49733615	171.791755
6	13:02:38 PM	6.00	87.640	27.680	15335.000	29.000	86.165247	18.0516193	175.613402	131.721248	6.61561306	206.737908	35	19.3739612	5.35982300	167.494469
6	13:02:53 PM	6.25	89.120	27.500	15368.000	29.000	87.631346	18.3587669	178.601457	133.962480	6.72817745	210.255545	35	19.3739612	5.45102017	170.344380
6	13:03:08 PM	6.50	88.560	27.570	15366.000	29.000	87.057571	18.2385611	177.432046	133.085347	6.68412404	208.878876	35	19.3739612	5.41532908	169.229034
6	13:03:23 PM	6.75	87.630	27.680	15310.000	29.000	86.165247	18.0516193	175.613402	131.721248	6.61561306	206.737908	35	19.3739612	5.35982300	167.494469
6	13:03:38 PM	7.00	90.460	27.340	15258.000	29.000	88.960453	18.6372148	181.310311	135.994292	6.83022391	213.444497	35	19.3739612	5.53369595	172.927998
6	13:03:53 PM	7.25	90.150	27.380	15355.000	29.000	88.625856	18.5671168	180.628368	135.482792	6.80453416	212.641692	35	19.3739612	5.51288268	172.277584
6	13:04:08 PM	7.50	89.470	27.460	15304.000	29.000	87.961311	18.4278947	179.273960	134.466900	6.75351163	211.047239	35	19.3739612	5.47154536	170.985793
6	13:04:23 PM	7.75	89.330	27.480	15245.000	29.000	87.796137	18.3932907	178.937319	134.214397	6.74082986	210.650933	35	19.3739612	5.46127087	170.664715
6	13:04:38 PM	8.00	87.920	27.640	15234.000	29.000	86.488419	18.1193238	176.272059	132.215282	6.64042562	207.513301	35	19.3739612	5.37992558	168.122674
6	13:04:53 PM	8.25	88.640	27.560	15240.000	29.000	87.139254	18.2556738	177.598526	133.210217	6.69039557	209.074862	35	19.3739612	5.42041013	169.387816
6	13:05:08 PM	8.50	89.340	27.470	15270.000	29.000	87.878676	18.4105827	179.105542	134.340575	6.74716707	210.848971	35	19.3739612	5.46640514	170.825161
6	13:05:23 PM	8.75	89.930	27.410	15262.000	29.000	88.375928	18.5147568	180.118990	135.100726	6.78534513	212.042035	35	19.3739612	5.49733615	171.791755
6	13:05:38 PM	9.00	90.140	27.380	15237.000	29.000	88.625856	18.5671168	180.628368	135.482792	6.80453416	212.641692	35	19.3739612	5.51288268	172.277584
6	13:05:53 PM	9.25	91.110	27.270	15181.000	29.000	89.549762	18.7606751	182.511382	136.895172	6.87547002	214.858438	35	19.3739612	5.57035335	174.073542
6	13:06:08 PM	9.50	89.700	27.430	15166.000	29.000	88.209792	18.4799515	179.780389	134.846754	6.77258955	211.643423	35	19.3739612	5.48700187	171.468808
6	13:06:23 PM	9.75	92.710	27.080	15168.000	29.000	91.173831	19.1009176	185.821398	139.377895	7.00016314	218.755098	35	19.3739612	5.67137695	177.230530
6	13:06:38 PM	10.00	89.760	27.430	15188.000	29.000	88.209792	18.4799515	179.780389	134.846754	6.77258955	211.643423	35	19.3739612	5.48700187	171.468808
6	13:06:53 PM	10.25	90.940	27.290	15215.000	29.000	89.380897	18.7252979	182.167218	136.637027	6.86250486	214.453277	35	19.3739612	5.55984926	173.745289
6	13:07:08 PM	10.50	91.750	27.190	15188.000	29.000	90.229181	18.9030134	183.896106	137.933804	6.92763459	216.488581	35	19.3739612	5.61261592	175.394247
6	13:07:23 PM	10.75	91.420	27.230	15118.000	29.000	89.888677	18.8316779	183.202125	137.413274	6.90149134	215.671605	35	19.3739612	5.59143524	174.732351
6	13:07:38 PM	11.00	93.520	26.990	15154.000	29.000	91.955853	19.2647511	187.415236	140.573375	7.06020535	220.631417	35	19.3739612	5.72002181	178.750681
6	13:07:53 PM	11.25	92.690	27.090	15105.000	29.000	91.087449	19.0828207	185.645343	139.245843	6.99353091	218.547841	35	19.3739612	5.66600365	177.062614
6	13:08:08 PM	11.50	91.700	27.200	15091.000	29.000	90.143906	18.8851482	183.722306	137.803443	6.92108731	216.283978	35	19.3739612	5.60731146	175.228483
6	13:08:23 PM	11.75	90.220	27.370	15171.000	29.000	88.709359	18.5846107	180.798556	135.610444	6.81094539	212.842044	35	19.3739612	5.51807692	172.439904
6	13:08:38 PM	12.00	91.620	27.210	15134.000	29.000	90.058730	18.8673040	183.548710	137.673235	6.91454768	216.079615	35	19.3739612	5.60201320	175.062912
6	13:08:53 PM	12.25	90.750	27.310	15082.000	29.000	89.212425	18.6900031	181.823855	136.379484	6.84956990	214.049059	35	19.3739612	5.54936964	173.417801
6	13:09:08 PM	12.50	92.450	27.110	15039.000	29.000	90.914990	19.0466904	185.293853	138.982203	6.98028976	218.134055	35	19.3739612	5.65527597	176.727374
6	13:09:23 PM	12.75	89.380	27.470	14992.000	29.000	87.878676	18.4105827	179.105542	134.340575	6.74716707	210.848971	35	19.3739612	5.46640514	170.825161
6	13:09:38 PM	13.00	92.980	27.050	15072.000	29.000	91.433586	19.1553363	186.350804	139.774984	7.02010666	219.378333	35	19.3739612	5.68753474	177.735461
6	13:09:53 PM	13.25	91.050	27.270	15004.000	29.000	89.549762	18.7606751	182.511382	136.895172	6.87547002	214.858438	35	19.3739612	5.57035335	174.073542
6	13:10:08 PM	13.50	92.430	27.120	15145.000	29.000	90.828912	19.0286570	185.118417	138.850615	6.97368084	217.927526	35	19.3739612	5.64992157	176.560049
6	13:10:23 PM	13.75	90.740	27.310	15045.000	29.000	89.212425	18.6900031	181.823855	136.379484	6.84956990	214.049059	35	19.3739612	5.54936964	173.417801
6	13:10:38 PM	14.00	91.840	27.180	14984.000	29.000	90.314556	18.9208995	184.070109	138.064317	6.93418953	216.693423	35	19.3739612	5.61792659	175.560206
6	13:10:53 PM	14.25	91.730	27.200	15049.000	29.000	90.143906	18.8851482	183.722306	137.803443	6.92108731	216.283978	35	19.3739612	5.60731146	175.228483
6	13:11:08 PM	14.50	94.290	26.910	15057.000	29.000	92.657975	19.4118457	188.846231	141.646713	7.11411301	222.316032	35	19.3739612	5.76369660	180.115519
6	13:11:23 PM	14.75	91.910	27.180	15005.000	29.000	90.314556	18.9208995	184.070109	138.064317	6.93418953	216.693423	35	19.3739612	5.61792659	175.560206
6	13:11:38 PM	15.00	94.230	26.910	15038.000	29.000	92.657975	19.4118457	188.846231	141.646713	7.11411301	222.316032	35	19.3739612	5.76369660	180.115519
6	13:11:53 PM	15.25	95.520	26.770	14958.000	29.000	93.902770	19.6726303	191.383247	143.549637	7.20968615	225.302692	35	19.3739612	5.84112784	182.535245
6	13:12:08 PM	15.50	92.970	27.050	14893.000	29.000	91.433586	19.1553363	186.350804	139.774984	7.02010666	219.378333	35	19.3739612	5.68753474	177.735461
6	13:12:23 PM	15.75	93.180	27.030	15004.000	29.000	91.607266	19.1917221	186.704780	140.040488	7.03344145	219.795045	35	19.3739612	5.69833829	178.073072
6	13:12:38 PM	16.00	94.650	26.870	14959.000	29.000	93.011529	19.4859154	189.566810	142.187194	7.14125831	223.164322	35	19.3739612	5.78568912	180.802785
6	13:12:53 PM	16.25	94.590	26.870	14886.000	29.000	93.011529	19.4859154	189.566810	142.187194	7.14125831	223.164322	35	19.3739612	5.78568912	180.802785
6	13:13:08 PM	16.50	94.530	26.880	14867.000	29.000	92.922984	19.4673651	189.386346	142.051834	7.13445995	222.951874	35	19.3739612	5.78018124	180.630664
6	13:13:23 PM	16.75	93.780	26.960	14924.000	29.000	92.218373	19.3197491	187.950278	140.974691	7.08036116	221.261286	35	19.3739612	5.73635160	179.260987
6	13:13:38 PM	17.00	94.150	26.920	14886.000	29.000	92.569847	19.3933829	188.666617	141.511991	7.10734670	222.104585	35	19.3739612	5.75821469	179.944209
6	13:13:53 PM	17.25	93.380	27.010	14930.000	29.000	91.781354	19.2281937	187.059590	140.306618	7.04680765	220.212739	35	19.3739612	5.70916729	178.411478
6	13:14:08 PM	17.50	94.360	26.900	14939.000	29.000	92.746207	19.4303303	189.026056	141.781594	7.12088732	222.527729	35	19.3739612	5.76918499	180.287031
6	13:14:23 PM	17.75	93.780	26.960	14870.000	29.000	92.218373	19.3197491	187.950278	140.974691	7.08036116	221.261286	35	19.3739612	5.73635160	179.260987
6	13:14:38 PM	18.00	95.120	26.810	14869.000	29.000	93.545007	19.5976789	190.654091	143.002723	7.18221774	224.444304	35	19.3739612	5.81887354	181.839798
6	13:14:53 PM	18.25	96.180	26.700	14815.000	29.000	94.532955	19.8046540	192.667627	144.513004	7.25807061	226.814706	35	19.3739612	5.88032785	183.760245
6	13:15:08 PM	18.50	93.870	26.950	14780.000	29.000	92.306086	19.3381250	188.129046	141.108778	7.08709561	221.471738	35	19.3739612	5.74180771	179.431491
6	13:15:23 PM	18.75	94.620	26.870	14812.000	29.000	93.011529	19.4859154	189.566810	142.187194	7.14125831	223.164322	35	19.3739612	5.78568912	180.802785
6	13:15:38 PM	19.00	96.290	26.690	14754.000	29.000	94.623409	19.8236043	192.851983	144.651283	7.26501557	227.031737	35	19.3739612	5.88595451	183.936078
6	13:15:53 PM	19.25	92.830	27.070	14811.000	29.000	91.260314	19.1190359	185.997659	139.510103	7.00680317	218.962599	35	19.3739612	5.67675655	177.398642
6	13:16:08 PM	19.50	94.780	26.850	14774.000	29.000	93.188935	19.5230818	189.928380	142.458394	7.15487916	223.589974	35	19.3739612	5.79672443	181.147638
6	13:16:23 PM	19.75	95.320	26.790	14744.000	29.000	93.723676	19.6351102	191.018237	143.275856	7.19593566	224.872990	35	19.3739612	5.82998750	182.187109
6	13:16:38 PM	20.00	93.640	26.980	14704.000	29.000	92.043256	19.2830622	187.593373	140.706990	7.06691604	220.841126	35	19.3739612	5.72545866	178.920583
6	13:16:53 PM	20.25	95.090	26.820	14772.000	29.000	93.455831	19.5789965	190.472341	142.866399	7.17537095	224.230342	35	19.3739612	5.81332643	181.666451
6	13:17:08 PM	20.50	95.380	26.790	14796.000	29.000	93.723676	19.6351102	191.018237	143.275856	7.19593566	224.872990	35	19.3739612	5.82998750	182.187109
6	13:17:23 PM	20.75	94.520	26.880	14800.000	29.000	92.922984	19.4673651	189.386346	142.051834	7.13445995	222.951874	35	19.3739612	5.78018124	180.630664
6	13:17:38 PM	21.00	94.200	26.920	14757.000	29.000	92.569847	19.3933829	188.666617	141.511991	7.10734670	222.104585	35	19.3739612	5.75821469	179.944209
6	13:17:53 PM	21.25	95.210	26.800	14808.000	29.000	93.634289	19.6163834	190.836056	143.139209	7.18907264	224.658520	35	19.3739612	5.82442723	182.013351
6	13:18:08 PM	21.50	96.780	26.630	14783.000	29.000	95.168404	19.9377807	193.962737	145.484419	7.30685929	228.339353	35	19.3739612	5.91985536	184.995480
6	13:18:23 PM	21.75	94.660	26.870	14805.000	29.000	93.011529	19.4859154	189.566810	142.187194	7.14125831	223.164322	35	19.3739612	5.78568912	180.802785
6	13:18:38 PM	22.00	94.900	26.840	14810.000	29.000	93.277795	19.5416980	190.109486	142.594235	7.16170167	223.803177	35	19.3739612	5.80225188	181.320371
6	13:18:53 PM	22.25	94.180	26.920	14839.000	29.000	92.569847	19.3933829	188.666617	141.511991	7.10734670	222.104585	35	19.3739612	5.75821469	179.944209
6	13:19:08 PM	22.50	97.480	26.560	14810.000	29.000	95.809174	20.0720220	195.268691	146.463967	7.35605646	229.876764	35	19.3739612	5.95971382	186.241057
6	13:19:23 PM	22.75	94.690	26.860	14882.000	29.000	93.100180	19.5044876	189.747488	142.322714	7.14806471	223.377022	35	19.3739612	5.79120351	180.975110
6	13:19:38 PM	23.00	93.870	26.950	14841.000	29.000	92.306086	19.3381250	188.129046	141.108778	7.08709561	221.471738	35	19.3739612	5.74180771	179.431491
6	13:19:53 PM	23.25	94.070	26.930	14871.000	29.000	92.481823	19.3749418	188.487215	141.377428	7.10058838	221.893387	35	19.3739612	5.75273924	179.773101
6	13:20:08 PM	23.50	94.780	26.850	14844.000	29.000	93.188935	19.5230818	189.928380	142.458394	7.15487916	223.589974	35	19.3739612	5.79672443	181.147638
6	13:20:23 PM	23.75	93.680	26.970	14845.000	29.000	92.130763	19.3013948	187.771720	140.840761	7.07363464	221.051082	35	19.3739612	5.73090192	179.090685
6	13:20:38 PM	24.00	93.990	26.940	14836.000	29.000	92.393902	19.3565225	188.308025	141.243024	7.09383802	221.682438	35	19.3739612	5.74727025	179.602195
6	13:20:53 PM	24.25	93.880	26.950	14886.000	29.000	92.306086	19.3381250	188.129046	141.108778	7.08709561	221.471738	35	19.3739612	5.74180771	179.431491
6	13:21:08 PM	24.50	93.620	26.980	14927.000	29.000	92.043256	19.2830622	187.593373	140.706990	7.06691604	220.841126	35	19.3739612	5.72545866	178.920583
6	13:21:23 PM	24.75	93.050	27.050	14902.000	29.000	91.433586	19.1553363	186.350804	139.774984	7.02010666	219.378333	35	19.3739612	5.68753474	177.735461
6	13:21:38 PM	25.00	94.140	26.920	14861.000	29.000	92.569847	19.3933829	188.666617	141.511991	7.10734670	222.104585	35	19.3739612	5.75821469	179.944209
6	13:21:53 PM	25.25	94.940	26.830	14922.000	29.000	93.366760	19.5603362	190.290806	142.730236	7.16853227	224.016633	35	19.3739612	5.80778588	181.493309
6	13:22:08 PM	25.50	93.600	26.980	14921.000	29.000	92.043256	19.2830622	187.593373	140.706990	7.06691604	220.841126	35	19.3739612	5.72545866	178.920583
6	13:22:23 PM	25.75	92.610	27.100	14931.000	29.000	91.001169	19.0647449	185.469495	139.113946	6.98690645	218.340827	35	19.3739612	5.66063667	176.894896
6	13:22:38 PM	26.00	93.670	26.980	14962.000	29.000	92.043256	19.2830622	187.593373	140.706990	7.06691604	220.841126	35	19.3739612	5.72545866	178.920583
6	13:22:53 PM	26.25	92.140	27.150	14983.000	29.000	90.571282	18.9746835	184.593342	138.456775	6.95390048	217.309390	35	19.3739612	5.63389596	176.059249
6	13:23:08 PM	26.50	92.540	27.100	14964.000	29.000	91.001169	19.0647449	185.469495	139.113946	6.98690645	218.340827	35	19.3739612	5.66063667	176.894896
6	13:23:23 PM	26.75	92.050	27.160	15018.000	29.000	90.485606	18.9567345	184.418726	138.325802	6.94732247	217.103827	35	19.3739612	5.62856660	175.892706
6	13:23:38 PM	27.00	92.680	27.090	15001.000	29.000	91.087449	19.0828207	185.645343	139.245843	6.99353091	218.547841	35	19.3739612	5.66600365	177.062614
6	13:23:53 PM	27.25	91.520	27.220	15038.000	29.000	89.973654	18.8494805	183.375316	137.543178	6.90801570	215.875491	35	19.3739612	5.59672113	174.897535
6	13:24:08 PM	27.50	91.730	27.200	15076.000	29.000	90.143906	18.8851482	183.722306	137.803443	6.92108731	216.283978	35	19.3739612	5.60731146	175.228483
6	13:24:23 PM	27.75	92.180	27.140	14960.000	29.000	90.657058	18.9926536	184.768162	138.587901	6.96048621	217.515194	35	19.3739612	5.63923157	176.225987
6	13:24:38 PM	28.00	93.410	27.000	15060.000	29.000	91.868552	19.2464616	187.237308	140.439918	7.05350255	220.421955	35	19.3739612	5.71459135	178.580980
6	13:24:53 PM	28.25	90.070	27.390	15059.000	29.000	88.542450	18.5496432	180.458378	135.355289	6.79813038	212.441574	35	19.3739612	5.50769448	172.115452
6	13:25:08 PM	28.50	91.110	27.270	15037.000	29.000	89.549762	18.7606751	182.511382	136.895172	6.87547002	214.858438	35	19.3739612	5.57035335	174.073542
6	13:25:23 PM	28.75	90.400	27.350	15097.000	29.000	88.876657	18.6196597	181.139527	135.866194	6.82379026	213.243446	35	19.3739612	5.52848355	172.765111
6	13:25:38 PM	29.00	91.640	27.210	15082.000	29.000	90.058730	18.8673040	183.548710	137.673235	6.91454768	216.079615	35	19.3739612	5.60201320	175.062912
6	13:25:53 PM	29.25	91.800	27.190	15112.000	29.000	90.229181	18.9030134	183.896106	137.933804	6.92763459	216.488581	35	19.3739612	5.61261592	175.394247
6	13:26:08 PM	29.50	90.590	27.330	15124.000	29.000	89.044346	18.6547904	181.481293	136.122540	6.83666507	213.645783	35	19.3739612	5.53891443	173.091076
6	13:26:23 PM	29.75	89.950	27.400	15114.000	29.000	88.459140	18.5321899	180.288585	135.227933	6.79173404	212.241689	35	19.3739612	5.50251231	171.953510
6	13:26:38 PM	30.00	91.030	27.280	15132.000	29.000	89.465280	18.7429762	182.339199	136.766025	6.86898366	214.655739	35	19.3739612	5.56509824	173.909320
6	13:26:53 PM	30.25	91.600	27.210	15153.000	29.000	90.058730	18.8673040	183.548710	137.673235	6.91454768	216.079615	35	19.3739612	5.60201320	175.062912
6	13:27:08 PM	30.50	91.790	27.190	15164.000	29.000	90.229181	18.9030134	183.896106	137.933804	6.92763459	216.488581	35	19.3739612	5.61261592	175.394247
6	13:27:23 PM	30.75	89.320	27.480	15183.000	29.000	87.796137	18.3932907	178.937319	134.214397	6.74082986	210.650933	35	19.3739612	5.46127087	170.664715
6	13:27:38 PM	31.00	87.770	27.660	15288.000	29.000	86.326647	18.0854326	175.942351	131.967980	6.62800504	207.125158	35	19.3739612	5.36986271	167.808210
6	13:27:53 PM	31.25	89.490	27.460	15214.000	29.000	87.961311	18.4278947	179.273960	134.466900	6.75351163	211.047239	35	19.3739612	5.47154536	170.985793
6	13:28:08 PM	31.50	88.960	27.520	15226.000	29.000	87.466935	18.3243229	178.266372	133.711145	6.71555433	209.861073	35	19.3739612	5.44079319	170.024787
6	13:28:23 PM	31.75	89.520	27.450	15232.000	29.000	88.044042	18.4452268	179.442574	134.593371	6.75986356	211.245736	35	19.3739612	5.47669155	171.146611
6	13:28:38 PM	32.00	89.390	27.470	15202.000	29.000	87.878676	18.4105827	179.105542	134.340575	6.74716707	210.848971	35	19.3739612	5.46640514	170.825161
6	13:28:53 PM	32.25	88.960	27.520	15316.000	29.000	87.466935	18.3243229	178.266372	133.711145	6.71555433	209.861073	35	19.3739612	5.44079319	170.024787
6	13:29:08 PM	32.50	90.780	27.310	15312.000	29.000	89.212425	18.6900031	181.823855	136.379484	6.84956990	214.049059	35	19.3739612	5.54936964	173.417801
6	13:29:23 PM	32.75	89.490	27.460	15306.000	29.000	87.961311	18.4278947	179.273960	134.466900	6.75351163	211.047239	35	19.3739612	5.47154536	170.985793
6	13:29:38 PM	33.00	89.910	27.410	15268.000	29.000	88.375928	18.5147568	180.118990	135.100726	6.78534513	212.042035	35	19.3739612	5.49733615	171.791755
6	13:29:53 PM	33.25	89.060	27.510	15313.000	29.000	87.549093	18.3415349	178.433818	133.836739	6.72186223	210.058195	35	19.3739612	5.44590372	170.184491
6	13:30:08 PM	33.50	90.810	27.300	15321.000	29.000	89.296612	18.7076402	181.995437	136.508181	6.85603361	214.251050	35	19.3739612	5.55460639	173.581450
6	13:30:23 PM	33.75	89.310	27.480	15416.000	29.000	87.796137	18.3932907	178.937319	134.214397	6.74082986	210.650933	35	19.3739612	5.46127087	170.664715
6	13:30:38 PM	34.00	89.650	27.440	15371.000	29.000	88.126869	18.4625791	179.611384	134.719989	6.76622286	211.444464	35	19.3739612	5.48184372	171.307616
6	13:30:53 PM	34.25	88.530	27.570	15375.000	29.000	87.057571	18.2385611	177.432046	133.085347	6.68412404	208.878876	35	19.3739612	5.41532908	169.229034
