Chamber	Time	Logtime_min	OxyPercent_airsat	Phase	Amp	TempC	per_air-sat	per_oxygen	pO2_hPa	pO2_Torr	cO2_mg_L	cO2_umol_L	Salinity	chlorinity	SalCorcO2_mg_L	SalCorcO2_umol_L
7	10:27:22	0.00	69.960	30.140	15032.000	29.000	70.243988	14.7161155	143.164282	107.382339	5.39320735	168.537730	36	19.8171745	4.34598904	135.812157
7	10:27:25	0.06	70.740	30.010	15059.000	29.000	71.068911	14.8889368	144.845557	108.643402	5.45654344	170.516983	36	19.8171745	4.39702693	137.407092
7	10:27:40	0.31	70.080	30.120	14990.000	29.000	70.370166	14.7425497	143.421444	107.575227	5.40289504	168.840470	36	19.8171745	4.35379563	136.056114
7	10:27:55	0.56	71.190	29.940	14996.000	29.000	71.517809	14.9829809	145.760455	109.329635	5.49100900	171.594031	36	19.8171745	4.42480019	138.275006
7	10:28:10	0.81	70.950	29.980	14990.000	29.000	71.260889	14.9291562	145.236827	108.936880	5.47128317	170.977599	36	19.8171745	4.40890460	137.778269
7	10:28:25	1.06	71.570	29.880	14959.000	29.000	71.905234	15.0641466	146.550068	109.921894	5.52075486	172.523589	36	19.8171745	4.44877019	139.024068
7	10:28:40	1.31	71.500	29.890	14968.000	29.000	71.840492	15.0505831	146.418117	109.822922	5.51578407	172.368252	36	19.8171745	4.44476459	138.898893
7	10:28:55	1.56	71.020	29.970	14937.000	29.000	71.325017	14.9425911	145.367527	109.034913	5.47620681	171.131463	36	19.8171745	4.41287219	137.902256
7	10:29:10	1.81	71.430	29.910	14948.000	29.000	71.711214	15.0234992	146.154634	109.625294	5.50585829	172.058071	36	19.8171745	4.43676614	138.648942
7	10:29:25	2.06	71.790	29.850	14900.000	29.000	72.099874	15.1049236	146.946762	110.219440	5.53569892	172.990591	36	19.8171745	4.46081251	139.400391
7	10:29:40	2.31	71.830	29.840	14890.000	29.000	72.164891	15.1185448	147.079275	110.318833	5.54069086	173.146589	36	19.8171745	4.46483515	139.526098
7	10:29:55	2.56	71.450	29.900	14931.000	29.000	71.775819	15.0370340	146.286305	109.724056	5.51081854	172.213080	36	19.8171745	4.44076324	138.773851
7	10:30:10	2.81	71.840	29.840	14890.000	29.000	72.164891	15.1185448	147.079275	110.318833	5.54069086	173.146589	36	19.8171745	4.46483515	139.526098
7	10:30:25	3.06	71.830	29.840	14881.000	29.000	72.164891	15.1185448	147.079275	110.318833	5.54069086	173.146589	36	19.8171745	4.46483515	139.526098
7	10:30:40	3.31	73.000	29.670	14879.000	29.000	73.280851	15.3523384	149.353713	112.024807	5.62637226	175.824133	36	19.8171745	4.53387948	141.683734
7	10:30:55	3.56	71.660	29.870	14859.000	29.000	71.970045	15.0777245	146.682159	110.020971	5.52573092	172.679091	36	19.8171745	4.45278003	139.149376
7	10:31:10	3.81	72.300	29.770	14790.000	29.000	72.621957	15.2142999	148.010820	111.017551	5.57578351	174.243235	36	19.8171745	4.49311373	140.409804
7	10:31:25	4.06	72.550	29.730	14779.000	29.000	72.884671	15.2693386	148.546257	111.419164	5.59595424	174.873570	36	19.8171745	4.50936783	140.917745
7	10:31:40	4.31	72.820	29.690	14774.000	29.000	73.148509	15.3246126	149.083986	111.822494	5.61621124	175.506601	36	19.8171745	4.52569147	141.427858
7	10:31:55	4.56	72.300	29.770	14772.000	29.000	72.621957	15.2142999	148.010820	111.017551	5.57578351	174.243235	36	19.8171745	4.49311373	140.409804
7	10:32:10	4.81	73.600	29.570	14766.000	29.000	73.946831	15.4918611	150.711046	113.042893	5.67750497	177.422030	36	19.8171745	4.57508357	142.971362
7	10:32:25	5.06	73.540	29.580	14770.000	29.000	73.879911	15.4778414	150.574657	112.940593	5.67236700	177.261469	36	19.8171745	4.57094326	142.841977
7	10:32:40	5.31	72.760	29.700	14742.000	29.000	73.082444	15.3107720	148.949338	111.721500	5.61113887	175.348090	36	19.8171745	4.52160402	141.300126
7	10:32:55	5.56	73.430	29.600	14689.000	29.000	73.746287	15.4498471	150.302317	112.736321	5.66210757	176.940862	36	19.8171745	4.56267594	142.583623
7	10:33:10	5.81	73.950	29.520	14667.000	29.000	74.282510	15.5621858	151.395193	113.556047	5.70327780	178.227431	36	19.8171745	4.59585200	143.620375
7	10:33:25	6.06	74.250	29.480	14655.000	29.000	74.552356	15.6187185	151.945166	113.968562	5.72399607	178.874877	36	19.8171745	4.61254733	144.142104
7	10:33:40	6.31	74.590	29.430	14640.000	29.000	74.891302	15.6897278	152.635973	114.486711	5.75001980	179.688119	36	19.8171745	4.63351794	144.797435
7	10:33:55	6.56	74.150	29.490	14593.000	29.000	74.484785	15.6045625	151.807451	113.865266	5.71880814	178.712754	36	19.8171745	4.60836676	144.011461
7	10:34:10	6.81	74.250	29.480	14586.000	29.000	74.552356	15.6187185	151.945166	113.968562	5.72399607	178.874877	36	19.8171745	4.61254733	144.142104
7	10:34:25	7.06	75.100	29.350	14605.000	29.000	75.437438	15.8041432	153.749051	115.321591	5.79195108	180.998471	36	19.8171745	4.66730727	145.853352
7	10:34:40	7.31	74.490	29.440	14578.000	29.000	74.823367	15.6754953	152.497514	114.382858	5.74480382	179.525119	36	19.8171745	4.62931476	144.666086
7	10:34:55	7.56	74.500	29.440	14551.000	29.000	74.823367	15.6754953	152.497514	114.382858	5.74480382	179.525119	36	19.8171745	4.62931476	144.666086
7	10:35:10	7.81	75.280	29.330	14559.000	29.000	75.574711	15.8329020	154.028829	115.531442	5.80249072	181.327835	36	19.8171745	4.67580039	146.118762
7	10:35:25	8.06	75.120	29.350	14531.000	29.000	75.437438	15.8041432	153.749051	115.321591	5.79195108	180.998471	36	19.8171745	4.66730727	145.853352
7	10:35:40	8.31	75.250	29.330	14493.000	29.000	75.574711	15.8329020	154.028829	115.531442	5.80249072	181.327835	36	19.8171745	4.67580039	146.118762
7	10:35:55	8.56	75.110	29.350	14520.000	29.000	75.437438	15.8041432	153.749051	115.321591	5.79195108	180.998471	36	19.8171745	4.66730727	145.853352
7	10:36:10	8.81	75.930	29.230	14478.000	29.000	76.265565	15.9776358	155.436857	116.587553	5.85553318	182.985412	36	19.8171745	4.71854341	147.454482
7	10:36:25	9.06	75.970	29.230	14471.000	29.000	76.265565	15.9776358	155.436857	116.587553	5.85553318	182.985412	36	19.8171745	4.71854341	147.454482
7	10:36:40	9.31	75.530	29.290	14468.000	29.000	75.850153	15.8906071	154.590207	115.952512	5.82363865	181.988708	36	19.8171745	4.69284195	146.651311
7	10:36:55	9.56	76.550	29.140	14451.000	29.000	76.893788	16.1092485	156.717239	117.547921	5.90376702	184.492719	36	19.8171745	4.75741151	148.669110
7	10:37:10	9.81	76.330	29.170	14392.000	29.000	76.683695	16.0652341	156.289049	117.226751	5.88763649	183.988640	36	19.8171745	4.74441311	148.262910
7	10:37:25	10.06	76.800	29.110	14411.000	29.000	77.104569	16.1534072	157.146832	117.870143	5.91995043	184.998451	36	19.8171745	4.77045253	149.076642
7	10:37:40	10.31	77.390	29.020	14385.000	29.000	77.741077	16.2867555	158.444098	118.843176	5.96882035	186.525636	36	19.8171745	4.80983320	150.307288
7	10:37:55	10.56	77.110	29.060	14394.000	29.000	77.457410	16.2273274	157.865958	118.409533	5.94704096	185.845030	36	19.8171745	4.79228279	149.758837
7	10:38:10	10.81	76.320	29.170	14336.000	29.000	76.683695	16.0652341	156.289049	117.226751	5.88763649	183.988640	36	19.8171745	4.74441311	148.262910
7	10:38:25	11.06	78.410	28.880	14330.000	29.000	78.743772	16.4968203	160.487693	120.376002	6.04580554	188.931423	36	19.8171745	4.87186991	152.245935
7	10:38:40	11.31	77.420	29.020	14320.000	29.000	77.741077	16.2867555	158.444098	118.843176	5.96882035	186.525636	36	19.8171745	4.80983320	150.307288
7	10:38:55	11.56	77.540	29.000	14309.000	29.000	77.883377	16.3165674	158.734120	119.060710	5.97974589	186.867059	36	19.8171745	4.81863730	150.582416
7	10:39:10	11.81	78.310	28.890	14241.000	29.000	78.671638	16.4817082	160.340676	120.265730	6.04026720	188.758350	36	19.8171745	4.86740697	152.106468
7	10:39:25	12.06	77.950	28.940	14254.000	29.000	78.312156	16.4063966	159.608015	119.716187	6.01266678	187.895837	36	19.8171745	4.84516582	151.411432
7	10:39:40	12.31	77.540	29.000	14271.000	29.000	77.883377	16.3165674	158.734120	119.060710	5.97974589	186.867059	36	19.8171745	4.81863730	150.582416
7	10:39:55	12.56	77.840	28.960	14223.000	29.000	78.168915	16.3763878	159.316077	119.497215	6.00166904	187.552158	36	19.8171745	4.83630355	151.134486
7	10:40:10	12.81	79.090	28.790	14218.000	29.000	79.396573	16.6335821	161.818167	121.373942	6.09592642	190.497701	36	19.8171745	4.91225864	153.508082
7	10:40:25	13.06	79.250	28.760	14188.000	29.000	79.615620	16.6794724	162.264606	121.708799	6.11274443	191.023263	36	19.8171745	4.92581103	153.931595
7	10:40:40	13.31	79.540	28.720	14200.000	29.000	79.908816	16.7408969	162.862168	122.157010	6.13525548	191.726734	36	19.8171745	4.94395103	154.498470
7	10:40:55	13.56	77.810	28.960	14194.000	29.000	78.168915	16.3763878	159.316077	119.497215	6.00166904	187.552158	36	19.8171745	4.83630355	151.134486
7	10:41:10	13.81	79.960	28.670	14200.000	29.000	80.277144	16.8180616	163.612858	122.720074	6.16353504	192.610470	36	19.8171745	4.96673945	155.210608
7	10:41:25	14.06	79.870	28.680	14144.000	29.000	80.203315	16.8025944	163.462386	122.607211	6.15786657	192.433330	36	19.8171745	4.96217164	155.067864
7	10:41:40	14.31	79.800	28.690	14156.000	29.000	80.129567	16.7871444	163.312082	122.494474	6.15220439	192.256387	36	19.8171745	4.95760891	154.925278
7	10:41:55	14.56	80.300	28.620	14119.000	29.000	80.647523	16.8956560	164.367726	123.286274	6.19197206	193.499127	36	19.8171745	4.98965475	155.926711
7	10:42:10	14.81	80.480	28.600	14113.000	29.000	80.796252	16.9268147	164.670851	123.513637	6.20339121	193.855975	36	19.8171745	4.99885661	156.214269
7	10:42:25	15.06	79.890	28.680	14129.000	29.000	80.203315	16.8025944	163.462386	122.607211	6.15786657	192.433330	36	19.8171745	4.96217164	155.067864
7	10:42:40	15.31	80.110	28.650	14075.000	29.000	80.425048	16.8490476	163.914302	122.946177	6.17489089	192.965340	36	19.8171745	4.97589029	155.496572
7	10:42:55	15.56	80.520	28.590	14066.000	29.000	80.870741	16.9424202	164.822667	123.627509	6.20911033	194.034698	36	19.8171745	5.00346522	156.358288
7	10:43:10	15.81	80.850	28.550	14067.000	29.000	81.169527	17.0050160	165.431624	124.084265	6.23205064	194.751583	36	19.8171745	5.02195113	156.935973
7	10:43:25	16.06	80.940	28.530	14033.000	29.000	81.319421	17.0364187	165.737123	124.313409	6.24355923	195.111226	36	19.8171745	5.03122505	157.225783
7	10:43:40	16.31	81.000	28.530	14029.000	29.000	81.319421	17.0364187	165.737123	124.313409	6.24355923	195.111226	36	19.8171745	5.03122505	157.225783
7	10:43:55	16.56	81.890	28.410	14030.000	29.000	82.225855	17.2263167	167.584527	125.699079	6.31315361	197.286050	36	19.8171745	5.08730605	158.978314
7	10:44:10	16.81	80.610	28.580	14004.000	29.000	80.945312	16.9580430	164.974652	123.741507	6.21483583	194.213620	36	19.8171745	5.00807898	156.502468
7	10:44:25	17.06	81.680	28.440	14015.000	29.000	81.998104	17.1786028	167.120347	125.350915	6.29566729	196.739603	36	19.8171745	5.07321511	158.537972
7	10:44:40	17.31	80.770	28.560	13985.000	29.000	81.094706	16.9893408	165.279130	123.969885	6.22630597	194.572062	36	19.8171745	5.01732192	156.791310
7	10:44:55	17.56	81.350	28.480	13953.000	29.000	81.695624	17.1152332	166.503862	124.888512	6.27244340	196.013856	36	19.8171745	5.05450068	157.953146
7	10:45:10	17.81	82.790	28.290	13951.000	29.000	83.144568	17.4187870	169.456955	127.103520	6.38369073	199.490335	36	19.8171745	5.14414672	160.754585
7	10:45:25	18.06	82.590	28.320	13915.000	29.000	82.913727	17.3704257	168.986477	126.750632	6.36596714	198.936473	36	19.8171745	5.12986459	160.308268
7	10:45:40	18.31	81.580	28.450	13918.000	29.000	81.922357	17.1627338	166.965967	125.235120	6.28985156	196.557861	36	19.8171745	5.06852864	158.391520
7	10:45:55	18.56	83.510	28.200	13904.000	29.000	83.841794	17.5648559	170.877972	128.169373	6.43722249	201.163203	36	19.8171745	5.18728403	162.102626
7	10:46:10	18.81	83.700	28.170	13867.000	29.000	84.075782	17.6138763	171.354862	128.527071	6.45518764	201.724614	36	19.8171745	5.20176083	162.555026
7	10:46:25	19.06	83.270	28.230	13889.000	29.000	83.608598	17.5160013	170.402695	127.812886	6.41931813	200.603692	36	19.8171745	5.17285623	161.651757
7	10:46:40	19.31	83.060	28.250	13852.000	29.000	83.453573	17.4835235	170.086737	127.575897	6.40741554	200.231736	36	19.8171745	5.16326480	161.352025
7	10:46:55	19.56	83.690	28.170	13807.000	29.000	84.075782	17.6138763	171.354862	128.527071	6.45518764	201.724614	36	19.8171745	5.20176083	162.555026
7	10:47:10	19.81	82.880	28.280	13817.000	29.000	83.221689	17.4349438	169.614135	127.221415	6.38961191	199.675372	36	19.8171745	5.14891817	160.903693
7	10:47:25	20.06	84.850	28.020	13838.000	29.000	85.257724	17.8614932	173.763779	130.333912	6.54593504	204.560470	36	19.8171745	5.27488748	164.840234
7	10:47:40	20.31	83.870	28.150	13868.000	29.000	84.232215	17.6466491	171.673689	128.766212	6.46719833	202.099948	36	19.8171745	5.21143935	162.857480
7	10:47:55	20.56	83.720	28.170	13840.000	29.000	84.075782	17.6138763	171.354862	128.527071	6.45518764	201.724614	36	19.8171745	5.20176083	162.555026
7	10:48:10	20.81	83.820	28.160	13789.000	29.000	84.153954	17.6302534	171.514185	128.646574	6.46118959	201.912175	36	19.8171745	5.20659735	162.706167
7	10:48:25	21.06	83.540	28.190	13827.000	29.000	83.919702	17.5811775	171.036755	128.288471	6.44320411	201.350128	36	19.8171745	5.19210417	162.253255
7	10:48:40	21.31	83.790	28.160	13809.000	29.000	84.153954	17.6302534	171.514185	128.646574	6.46118959	201.912175	36	19.8171745	5.20659735	162.706167
7	10:48:55	21.56	84.690	28.050	13787.000	29.000	85.019723	17.8116320	173.278709	129.970079	6.52766176	203.989430	36	19.8171745	5.26016238	164.380074
7	10:49:10	21.81	85.040	28.000	13828.000	29.000	85.416843	17.8948286	174.088079	130.577158	6.55815192	204.942248	36	19.8171745	5.28473216	165.147880
7	10:49:25	22.06	83.370	28.210	13810.000	29.000	83.763974	17.5485526	170.719367	128.050410	6.43124763	200.976488	36	19.8171745	5.18246933	161.952167
7	10:49:40	22.31	82.340	28.350	13795.000	29.000	82.683663	17.3222274	168.517585	126.398932	6.34830327	198.384477	36	19.8171745	5.11563057	159.863455
7	10:49:55	22.56	84.010	28.130	13827.000	29.000	84.389003	17.6794962	171.993239	129.005895	6.47923623	202.476132	36	19.8171745	5.22113982	163.160619
7	10:50:10	22.81	83.390	28.210	13842.000	29.000	83.763974	17.5485526	170.719367	128.050410	6.43124763	200.976488	36	19.8171745	5.18246933	161.952167
7	10:50:25	23.06	84.380	28.080	13833.000	29.000	84.782532	17.7619404	172.795290	129.607484	6.50945065	203.420333	36	19.8171745	5.24548739	163.921481
7	10:50:40	23.31	83.960	28.140	13835.000	29.000	84.310565	17.6630634	171.833374	128.885985	6.47321387	202.287934	36	19.8171745	5.21628684	163.008964
7	10:50:55	23.56	83.550	28.190	13833.000	29.000	83.919702	17.5811775	171.036755	128.288471	6.44320411	201.350128	36	19.8171745	5.19210417	162.253255
7	10:51:10	23.81	83.650	28.180	13843.000	29.000	83.997698	17.5975177	171.195719	128.407704	6.44919249	201.537265	36	19.8171745	5.19692977	162.404055
7	10:51:25	24.06	83.010	28.260	13855.000	29.000	83.376191	17.4673120	169.929026	127.457603	6.40147431	200.046072	36	19.8171745	5.15847720	161.202412
7	10:51:40	24.31	83.020	28.260	13874.000	29.000	83.376191	17.4673120	169.929026	127.457603	6.40147431	200.046072	36	19.8171745	5.15847720	161.202412
7	10:51:55	24.56	82.890	28.280	13848.000	29.000	83.221689	17.4349438	169.614135	127.221415	6.38961191	199.675372	36	19.8171745	5.14891817	160.903693
7	10:52:10	24.81	83.540	28.190	13910.000	29.000	83.919702	17.5811775	171.036755	128.288471	6.44320411	201.350128	36	19.8171745	5.19210417	162.253255
7	10:52:25	25.06	83.140	28.240	13892.000	29.000	83.531042	17.4997532	170.244627	127.694324	6.41336348	200.417609	36	19.8171745	5.16805781	161.501807
7	10:52:40	25.31	82.440	28.340	13936.000	29.000	82.760265	17.3382755	168.673707	126.516034	6.35418461	198.568269	36	19.8171745	5.12036991	160.011560
7	10:52:55	25.56	82.700	28.300	13899.000	29.000	83.067534	17.4026484	169.299953	126.985758	6.37777622	199.305507	36	19.8171745	5.13938065	160.605645
7	10:53:10	25.81	82.230	28.360	13929.000	29.000	82.607147	17.3061974	168.361638	126.281963	6.34242854	198.200892	36	19.8171745	5.11089656	159.715517
7	10:53:25	26.06	83.550	28.190	13933.000	29.000	83.919702	17.5811775	171.036755	128.288471	6.44320411	201.350128	36	19.8171745	5.19210417	162.253255
7	10:53:40	26.31	82.050	28.390	13985.000	29.000	82.378115	17.2582152	167.894848	125.931840	6.32484387	197.651371	36	19.8171745	5.09672637	159.272699
7	10:53:55	26.56	82.440	28.340	13977.000	29.000	82.760265	17.3382755	168.673707	126.516034	6.35418461	198.568269	36	19.8171745	5.12036991	160.011560
7	10:54:10	26.81	82.130	28.380	13955.000	29.000	82.454374	17.2741913	168.050270	126.048417	6.33069885	197.834339	36	19.8171745	5.10144446	159.420139
7	10:54:25	27.06	82.760	28.290	14015.000	29.000	83.144568	17.4187870	169.456955	127.103520	6.38369073	199.490335	36	19.8171745	5.14414672	160.754585
7	10:54:40	27.31	81.430	28.470	14006.000	29.000	81.771117	17.1310490	166.657725	125.003919	6.27823963	196.194988	36	19.8171745	5.05917144	158.099107
7	10:54:55	27.56	82.140	28.370	13999.000	29.000	82.530718	17.2901854	168.205867	126.165124	6.33656040	198.017512	36	19.8171745	5.10616786	159.567745
7	10:55:10	27.81	81.040	28.520	14028.000	29.000	81.394494	17.0521464	165.890129	124.428173	6.24932316	195.291349	36	19.8171745	5.03586978	157.370931
7	10:55:25	28.06	82.230	28.360	14024.000	29.000	82.607147	17.3061974	168.361638	126.281963	6.34242854	198.200892	36	19.8171745	5.11089656	159.715517
7	10:55:40	28.31	81.280	28.490	14060.000	29.000	81.620215	17.0994351	166.350171	124.773234	6.26665364	195.832926	36	19.8171745	5.04983514	157.807348
7	10:55:55	28.56	81.980	28.400	14028.000	29.000	82.301943	17.2422570	167.739600	125.815395	6.31899546	197.468608	36	19.8171745	5.09201356	159.125424
7	10:56:10	28.81	80.790	28.550	14088.000	29.000	81.169527	17.0050160	165.431624	124.084265	6.23205064	194.751583	36	19.8171745	5.02195113	156.935973
7	10:56:25	29.06	81.470	28.460	14053.000	29.000	81.846695	17.1468826	166.811760	125.119455	6.28404235	196.376323	36	19.8171745	5.06384742	158.245232
7	10:56:40	29.31	80.880	28.540	14125.000	29.000	81.244432	17.0207086	165.584289	124.198773	6.23780172	194.931304	36	19.8171745	5.02658551	157.080797
7	10:56:55	29.56	81.320	28.480	14109.000	29.000	81.695624	17.1152332	166.503862	124.888512	6.27244340	196.013856	36	19.8171745	5.05450068	157.953146
7	10:57:10	29.81	80.020	28.660	14115.000	29.000	80.351055	16.8335460	163.763496	122.833063	6.16920981	192.787807	36	19.8171745	4.97131233	155.353510
7	10:57:25	30.06	80.760	28.560	14121.000	29.000	81.094706	16.9893408	165.279130	123.969885	6.22630597	194.572062	36	19.8171745	5.01732192	156.791310
7	10:57:40	30.31	81.020	28.520	14159.000	29.000	81.394494	17.0521464	165.890129	124.428173	6.24932316	195.291349	36	19.8171745	5.03586978	157.370931
7	10:57:55	30.56	80.220	28.630	14134.000	29.000	80.573282	16.8801026	164.216417	123.172782	6.18627200	193.321000	36	19.8171745	4.98506149	155.783172
7	10:58:10	30.81	81.290	28.490	14173.000	29.000	81.620215	17.0994351	166.350171	124.773234	6.26665364	195.832926	36	19.8171745	5.04983514	157.807348
7	10:58:25	31.06	79.520	28.730	14192.000	29.000	79.835395	16.7255153	162.712529	122.044771	6.12961836	191.550574	36	19.8171745	4.93940849	154.356515
7	10:58:40	31.31	79.030	28.790	14211.000	29.000	79.396573	16.6335821	161.818167	121.373942	6.09592642	190.497701	36	19.8171745	4.91225864	153.508082
7	10:58:55	31.56	80.160	28.640	14190.000	29.000	80.499124	16.8645665	164.065275	123.059417	6.18057828	193.143071	36	19.8171745	4.98047334	155.639792
7	10:59:10	31.81	80.530	28.590	14243.000	29.000	80.870741	16.9424202	164.822667	123.627509	6.20911033	194.034698	36	19.8171745	5.00346522	156.358288
7	10:59:25	32.06	78.500	28.870	14253.000	29.000	78.815986	16.5119491	160.634872	120.486395	6.05134998	189.104687	36	19.8171745	4.87633776	152.385555
7	10:59:40	32.31	79.910	28.670	14230.000	29.000	80.277144	16.8180616	163.612858	122.720074	6.16353504	192.610470	36	19.8171745	4.96673945	155.210608
7	10:59:55	32.56	78.330	28.890	14254.000	29.000	78.671638	16.4817082	160.340676	120.265730	6.04026720	188.758350	36	19.8171745	4.86740697	152.106468
7	11:00:10	32.81	79.170	28.770	14250.000	29.000	79.542524	16.6641587	162.115628	121.597057	6.10713222	190.847882	36	19.8171745	4.92128857	153.790268
7	11:00:25	33.06	78.760	28.830	14311.000	29.000	79.105639	16.5726314	161.225213	120.929189	6.07358900	189.799656	36	19.8171745	4.89425855	152.945580
7	11:00:40	33.31	78.670	28.840	14301.000	29.000	79.033106	16.5574357	161.077384	120.818307	6.06802004	189.625626	36	19.8171745	4.88977094	152.805342
7	11:00:55	33.56	78.310	28.890	14350.000	29.000	78.671638	16.4817082	160.340676	120.265730	6.04026720	188.758350	36	19.8171745	4.86740697	152.106468
7	11:01:10	33.81	78.840	28.820	14349.000	29.000	79.178252	16.5878438	161.373206	121.040193	6.07916410	189.973878	36	19.8171745	4.89875112	153.085972
7	11:01:25	34.06	78.540	28.860	14347.000	29.000	78.888280	16.5270946	160.782213	120.596911	6.05690054	189.278142	36	19.8171745	4.88081055	152.525330
7	11:01:40	34.31	78.160	28.910	14362.000	29.000	78.527608	16.4515338	160.047128	120.045550	6.02920881	188.412775	36	19.8171745	4.85849582	151.827994
7	11:01:55	34.56	77.540	29.000	14345.000	29.000	77.883377	16.3165674	158.734120	119.060710	5.97974589	186.867059	36	19.8171745	4.81863730	150.582416
7	11:02:10	34.81	77.690	28.980	14371.000	29.000	78.025989	16.3464448	159.024779	119.278723	5.99069543	187.209232	36	19.8171745	4.82746073	150.858148
7	11:02:25	35.06	78.260	28.900	14417.000	29.000	78.599583	16.4666127	160.193821	120.155579	6.03473496	188.585468	36	19.8171745	4.86294894	151.967154
7	11:02:40	35.31	77.510	29.010	14419.000	29.000	77.812188	16.3016533	158.589030	118.951883	5.97428013	186.696254	36	19.8171745	4.81423284	150.444776
7	11:02:55	35.56	76.270	29.180	14447.000	29.000	76.613817	16.0505946	156.146630	117.119928	5.88227136	183.820980	36	19.8171745	4.74008974	148.127805
7	11:03:10	35.81	77.560	29.000	14439.000	29.000	77.883377	16.3165674	158.734120	119.060710	5.97974589	186.867059	36	19.8171745	4.81863730	150.582416
7	11:03:25	36.06	77.590	28.990	14445.000	29.000	77.954644	16.3314979	158.879370	119.169657	5.98521766	187.038052	36	19.8171745	4.82304659	150.720206
7	11:03:40	36.31	76.820	29.100	14479.000	29.000	77.174983	16.1681589	157.290343	117.977785	5.92535670	185.167397	36	19.8171745	4.77480905	149.212783
7	11:03:55	36.56	77.300	29.040	14482.000	29.000	77.599088	16.2570090	158.154712	118.626117	5.95791872	186.184960	36	19.8171745	4.80104839	150.032762
7	11:04:10	36.81	76.050	29.210	14533.000	29.000	76.404638	16.0067717	155.720303	116.800155	5.86621100	183.319094	36	19.8171745	4.72714787	147.723371
7	11:04:25	37.06	76.090	29.210	14511.000	29.000	76.404638	16.0067717	155.720303	116.800155	5.86621100	183.319094	36	19.8171745	4.72714787	147.723371
7	11:04:40	37.31	75.840	29.240	14518.000	29.000	76.196141	15.9630916	155.295365	116.481425	5.85020298	182.818843	36	19.8171745	4.71424819	147.320256
7	11:04:55	37.56	75.710	29.260	14537.000	29.000	76.057520	15.9340505	155.012843	116.269515	5.83955993	182.486248	36	19.8171745	4.70567174	147.052242
7	11:05:10	37.81	76.100	29.210	14548.000	29.000	76.404638	16.0067717	155.720303	116.800155	5.86621100	183.319094	36	19.8171745	4.72714787	147.723371
7	11:05:25	38.06	75.840	29.240	14592.000	29.000	76.196141	15.9630916	155.295365	116.481425	5.85020298	182.818843	36	19.8171745	4.71424819	147.320256
7	11:05:40	38.31	75.900	29.240	14562.000	29.000	76.196141	15.9630916	155.295365	116.481425	5.85020298	182.818843	36	19.8171745	4.71424819	147.320256
7	11:05:55	38.56	74.730	29.410	14581.000	29.000	75.027394	15.7182390	152.913341	114.694755	5.76046866	180.014646	36	19.8171745	4.64193790	145.060559
7	11:06:10	38.81	75.000	29.370	14590.000	29.000	75.300461	15.7754465	153.469879	115.112194	5.78143423	180.669820	36	19.8171745	4.65883252	145.588516
7	11:06:25	39.06	74.810	29.390	14582.000	29.000	75.163780	15.7468118	153.191309	114.903249	5.77094011	180.341879	36	19.8171745	4.65037608	145.324252
7	11:06:40	39.31	75.290	29.320	14630.000	29.000	75.643460	15.8473049	154.168946	115.636538	5.80776911	181.492785	36	19.8171745	4.68005386	146.251683
