Chamber	Time	Logtime_min	OxyPercent_airsat	Phase	Amp	TempC	per_air-sat	per_oxygen	pO2_hPa	pO2_Torr	cO2_mg_L	cO2_umol_L	Salinity	chlorinity	SalCorcO2_mg_L	SalCorcO2_umol_L
1	8:05:28	0.00	58.380	32.230	10672.000	29.000	58.385912	12.2318486	118.996336	89.254838	4.48276557	140.086424	36	19.8171745	3.61233099	112.885343
1	8:05:35	0.12	59.140	32.080	10713.000	29.000	59.157018	12.3933953	120.567927	90.433632	4.54196969	141.936553	36	19.8171745	3.66003923	114.376226
1	8:05:50	0.37	59.260	32.050	10691.000	29.000	59.312595	12.4259887	120.885009	90.671464	4.55391463	142.309832	36	19.8171745	3.66966478	114.677024
1	8:06:05	0.62	58.800	32.140	10681.000	29.000	58.847225	12.3284937	119.936538	89.960050	4.51818435	141.193261	36	19.8171745	3.64087237	113.777262
1	8:06:20	0.87	59.290	32.050	10704.000	29.000	59.312595	12.4259887	120.885009	90.671464	4.55391463	142.309832	36	19.8171745	3.66966478	114.677024
1	8:06:35	1.12	59.470	32.010	10672.000	29.000	59.520742	12.4695954	121.309232	90.989658	4.56989575	142.809242	36	19.8171745	3.68254279	115.079462
1	8:06:50	1.37	59.010	32.100	10691.000	29.000	59.053553	12.3717193	120.357053	90.275463	4.53402579	141.688306	36	19.8171745	3.65363783	114.176182
1	8:07:05	1.62	59.390	32.030	10651.000	29.000	59.416567	12.4477708	121.096913	90.830405	4.56189739	142.559293	36	19.8171745	3.67609749	114.878047
1	8:07:20	1.87	58.920	32.120	10678.000	29.000	58.950289	12.3500854	120.146591	90.117603	4.52609736	141.440543	36	19.8171745	3.64724889	113.976528
1	8:07:35	2.12	59.390	32.030	10671.000	29.000	59.416567	12.4477708	121.096913	90.830405	4.56189739	142.559293	36	19.8171745	3.67609749	114.878047
1	8:07:50	2.37	58.840	32.140	10664.000	29.000	58.847225	12.3284937	119.936538	89.960050	4.51818435	141.193261	36	19.8171745	3.64087237	113.777262
1	8:08:05	2.62	59.110	32.080	10672.000	29.000	59.157018	12.3933953	120.567927	90.433632	4.54196969	141.936553	36	19.8171745	3.66003923	114.376226
1	8:08:20	2.87	58.870	32.130	10660.000	29.000	58.898732	12.3392843	120.041513	90.038788	4.52213893	141.316842	36	19.8171745	3.64405908	113.876846
1	8:08:35	3.12	59.220	32.060	10658.000	29.000	59.260686	12.4151137	120.779211	90.592109	4.54992910	142.185284	36	19.8171745	3.66645313	114.576660
1	8:08:50	3.37	59.350	32.040	10680.000	29.000	59.364556	12.4368744	120.990909	90.750896	4.55790406	142.434502	36	19.8171745	3.67287957	114.777486
1	8:09:05	3.62	59.410	32.030	10665.000	29.000	59.416567	12.4477708	121.096913	90.830405	4.56189739	142.559293	36	19.8171745	3.67609749	114.878047
1	8:09:20	3.87	59.660	31.980	10663.000	29.000	59.677387	12.5024126	121.628490	91.229122	4.58192267	143.185083	36	19.8171745	3.69223440	115.382325
1	8:09:35	4.12	59.470	32.010	10676.000	29.000	59.520742	12.4695954	121.309232	90.989658	4.56989575	142.809242	36	19.8171745	3.68254279	115.079462
1	8:09:50	4.37	59.440	32.020	10656.000	29.000	59.468629	12.4586778	121.203021	90.909993	4.56589461	142.684207	36	19.8171745	3.67931856	114.978705
1	8:10:05	4.62	58.980	32.110	10667.000	29.000	59.001895	12.3608971	120.251771	90.196495	4.53005965	141.564364	36	19.8171745	3.65044180	114.076306
1	8:10:20	4.87	59.340	32.040	10654.000	29.000	59.364556	12.4368744	120.990909	90.750896	4.55790406	142.434502	36	19.8171745	3.67287957	114.777486
1	8:10:35	5.12	59.870	31.940	10679.000	29.000	59.886964	12.5463189	122.055629	91.549503	4.59801361	143.687925	36	19.8171745	3.70520090	115.787528
1	8:10:50	5.37	59.440	32.020	10697.000	29.000	59.468629	12.4586778	121.203021	90.909993	4.56589461	142.684207	36	19.8171745	3.67931856	114.978705
1	8:11:05	5.62	59.830	31.950	10691.000	29.000	59.834493	12.5353262	121.948687	91.469290	4.59398496	143.562030	36	19.8171745	3.70195451	115.686078
1	8:11:20	5.87	59.760	31.960	10680.000	29.000	59.782073	12.5243442	121.841850	91.389156	4.58996026	143.436258	36	19.8171745	3.69871130	115.584728
1	8:11:35	6.12	59.300	32.050	10666.000	29.000	59.312595	12.4259887	120.885009	90.671464	4.55391463	142.309832	36	19.8171745	3.66966478	114.677024
1	8:11:50	6.37	59.400	32.030	10670.000	29.000	59.416567	12.4477708	121.096913	90.830405	4.56189739	142.559293	36	19.8171745	3.67609749	114.878047
1	8:12:05	6.62	59.890	31.930	10679.000	29.000	59.939487	12.5573224	122.162676	91.629795	4.60204621	143.813944	36	19.8171745	3.70845048	115.889077
1	8:12:20	6.87	59.760	31.960	10693.000	29.000	59.782073	12.5243442	121.841850	91.389156	4.58996026	143.436258	36	19.8171745	3.69871130	115.584728
1	8:12:35	7.12	59.840	31.940	10717.000	29.000	59.886964	12.5463189	122.055629	91.549503	4.59801361	143.687925	36	19.8171745	3.70520090	115.787528
1	8:12:50	7.37	60.570	31.810	10702.000	29.000	60.573800	12.6902111	123.455470	92.599473	4.65074766	145.335864	36	19.8171745	3.74769539	117.115481
1	8:13:05	7.62	60.450	31.830	10697.000	29.000	60.467560	12.6679539	123.238943	92.437064	4.64259078	145.080962	36	19.8171745	3.74112236	116.910074
1	8:13:20	7.87	59.740	31.960	10703.000	29.000	59.782073	12.5243442	121.841850	91.389156	4.58996026	143.436258	36	19.8171745	3.69871130	115.584728
1	8:13:35	8.12	59.890	31.930	10710.000	29.000	59.939487	12.5573224	122.162676	91.629795	4.60204621	143.813944	36	19.8171745	3.70845048	115.889077
1	8:13:50	8.37	59.910	31.930	10724.000	29.000	59.939487	12.5573224	122.162676	91.629795	4.60204621	143.813944	36	19.8171745	3.70845048	115.889077
1	8:14:05	8.62	60.630	31.790	10742.000	29.000	60.680249	12.7125122	123.672424	92.762203	4.65892063	145.591270	36	19.8171745	3.75428139	117.321293
1	8:14:20	8.87	60.650	31.790	10737.000	29.000	60.680249	12.7125122	123.672424	92.762203	4.65892063	145.591270	36	19.8171745	3.75428139	117.321293
1	8:14:35	9.12	60.390	31.840	10720.000	29.000	60.414519	12.6568418	123.130839	92.355980	4.63851836	144.953699	36	19.8171745	3.73784070	116.807522
1	8:14:50	9.37	60.310	31.850	10744.000	29.000	60.361530	12.6457405	123.022842	92.274975	4.63444995	144.826561	36	19.8171745	3.73456226	116.705071
1	8:15:05	9.62	60.080	31.900	10741.000	29.000	60.097364	12.5903978	122.484446	91.871144	4.61416778	144.192743	36	19.8171745	3.71821836	116.194324
1	8:15:20	9.87	60.200	31.880	10726.000	29.000	60.202875	12.6125023	122.699487	92.032438	4.62226869	144.445897	36	19.8171745	3.72474629	116.398321
1	8:15:35	10.12	60.310	31.850	10745.000	29.000	60.361530	12.6457405	123.022842	92.274975	4.63444995	144.826561	36	19.8171745	3.73456226	116.705071
1	8:15:50	10.37	59.950	31.920	10729.000	29.000	59.992061	12.5683368	122.269827	91.710166	4.60608277	143.940087	36	19.8171745	3.71170325	115.990726
1	8:16:05	10.62	60.500	31.820	10773.000	29.000	60.520654	12.6790770	123.347153	92.518229	4.64666721	145.208350	36	19.8171745	3.74440726	117.012727
1	8:16:20	10.87	60.570	31.810	10762.000	29.000	60.573800	12.6902111	123.455470	92.599473	4.65074766	145.335864	36	19.8171745	3.74769539	117.115481
1	8:16:35	11.12	60.510	31.820	10780.000	29.000	60.520654	12.6790770	123.347153	92.518229	4.64666721	145.208350	36	19.8171745	3.74440726	117.012727
1	8:16:50	11.37	60.860	31.750	10762.000	29.000	60.893778	12.7572466	124.107618	93.088626	4.67531503	146.103595	36	19.8171745	3.76749242	117.734138
1	8:17:05	11.62	60.800	31.760	10755.000	29.000	60.840317	12.7460464	123.998658	93.006899	4.67121036	145.975324	36	19.8171745	3.76418477	117.630774
1	8:17:20	11.87	60.760	31.770	10785.000	29.000	60.786908	12.7348573	123.889806	92.925253	4.66710974	145.847179	36	19.8171745	3.76088039	117.527512
1	8:17:35	12.12	61.410	31.650	10784.000	29.000	61.431310	12.8698594	125.203161	93.910353	4.71658572	147.393304	36	19.8171745	3.80074944	118.773420
1	8:17:50	12.37	60.870	31.750	10787.000	29.000	60.893778	12.7572466	124.107618	93.088626	4.67531503	146.103595	36	19.8171745	3.76749242	117.734138
1	8:18:05	12.62	60.950	31.730	10811.000	29.000	61.000860	12.7796801	124.325860	93.252322	4.68353654	146.360517	36	19.8171745	3.77411753	117.941173
1	8:18:20	12.87	60.380	31.840	10786.000	29.000	60.414519	12.6568418	123.130839	92.355980	4.63851836	144.953699	36	19.8171745	3.73784070	116.807522
1	8:18:35	13.12	60.870	31.750	10804.000	29.000	60.893778	12.7572466	124.107618	93.088626	4.67531503	146.103595	36	19.8171745	3.76749242	117.734138
1	8:18:50	13.37	61.150	31.700	10799.000	29.000	61.161879	12.8134137	124.654034	93.498473	4.69589932	146.746854	36	19.8171745	3.78407979	118.252494
1	8:19:05	13.62	61.010	31.720	10796.000	29.000	61.054480	12.7909135	124.435143	93.334291	4.68765339	146.489168	36	19.8171745	3.77743500	118.044844
1	8:19:20	13.87	61.170	31.690	10795.000	29.000	61.215659	12.8246805	124.763642	93.580686	4.70002841	146.875888	36	19.8171745	3.78740712	118.356473
1	8:19:35	14.12	61.200	31.690	10802.000	29.000	61.215659	12.8246805	124.763642	93.580686	4.70002841	146.875888	36	19.8171745	3.78740712	118.356473
1	8:19:50	14.37	61.120	31.700	10815.000	29.000	61.161879	12.8134137	124.654034	93.498473	4.69589932	146.746854	36	19.8171745	3.78407979	118.252494
1	8:20:05	14.62	61.660	31.600	10823.000	29.000	61.702079	12.9265856	125.755016	94.324280	4.73737492	148.042966	36	19.8171745	3.81750193	119.296935
1	8:20:20	14.87	61.430	31.650	10832.000	29.000	61.431310	12.8698594	125.203161	93.910353	4.71658572	147.393304	36	19.8171745	3.80074944	118.773420
1	8:20:35	15.12	61.550	31.620	10860.000	29.000	61.593610	12.9038613	125.533945	94.158462	4.72904686	147.782714	36	19.8171745	3.81079096	119.087217
1	8:20:50	15.37	61.210	31.690	10830.000	29.000	61.215659	12.8246805	124.763642	93.580686	4.70002841	146.875888	36	19.8171745	3.78740712	118.356473
1	8:21:05	15.62	61.160	31.690	10856.000	29.000	61.215659	12.8246805	124.763642	93.580686	4.70002841	146.875888	36	19.8171745	3.78740712	118.356473
1	8:21:20	15.87	61.890	31.560	10851.000	29.000	61.919665	12.9721699	126.198478	94.656904	4.75408079	148.565025	36	19.8171745	3.83096396	119.717624
1	8:21:35	16.12	61.520	31.630	10851.000	29.000	61.539456	12.8925161	125.423574	94.075677	4.72488903	147.652782	36	19.8171745	3.80744046	118.982514
1	8:21:50	16.37	61.440	31.640	10857.000	29.000	61.485356	12.8811821	125.313313	93.992974	4.72073531	147.522979	36	19.8171745	3.80409329	118.877915
1	8:22:05	16.62	61.420	31.650	10848.000	29.000	61.431310	12.8698594	125.203161	93.910353	4.71658572	147.393304	36	19.8171745	3.80074944	118.773420
1	8:22:20	16.87	61.970	31.550	10844.000	29.000	61.974197	12.9835943	126.309620	94.740268	4.75826765	148.695864	36	19.8171745	3.83433784	119.823057
1	8:22:35	17.12	61.770	31.580	10855.000	29.000	61.810764	12.9493551	125.976527	94.490427	4.74571955	148.303736	36	19.8171745	3.82422625	119.507070
1	8:22:50	17.37	61.640	31.610	10853.000	29.000	61.647818	12.9152178	125.644426	94.241330	4.73320883	147.912776	36	19.8171745	3.81414478	119.192024
1	8:23:05	17.62	61.720	31.590	10877.000	29.000	61.756395	12.9379647	125.865716	94.407312	4.74154517	148.173286	36	19.8171745	3.82086242	119.401951
1	8:23:20	17.87	62.520	31.440	10876.000	29.000	62.577649	13.1100174	127.539514	95.662767	4.80459956	150.143736	36	19.8171745	3.87167332	120.989791
1	8:23:35	18.12	62.290	31.490	10888.000	29.000	62.302532	13.0523804	126.978798	95.242194	4.78347657	149.483643	36	19.8171745	3.85465185	120.457870
1	8:23:50	18.37	62.180	31.510	10878.000	29.000	62.192869	13.0294060	126.755294	95.074552	4.77505684	149.220526	36	19.8171745	3.84786701	120.245844
1	8:24:05	18.62	62.240	31.500	10883.000	29.000	62.247673	13.0408874	126.866990	95.158331	4.77926460	149.352019	36	19.8171745	3.85125774	120.351804
1	8:24:20	18.87	61.870	31.560	10867.000	29.000	61.919665	12.9721699	126.198478	94.656904	4.75408079	148.565025	36	19.8171745	3.83096396	119.717624
1	8:24:35	19.12	62.160	31.510	10876.000	29.000	62.192869	13.0294060	126.755294	95.074552	4.77505684	149.220526	36	19.8171745	3.84786701	120.245844
1	8:24:50	19.37	62.010	31.540	10885.000	29.000	62.028783	12.9950301	126.420872	94.823714	4.76245868	148.826834	36	19.8171745	3.83771508	119.928596
1	8:25:05	19.62	62.240	31.500	10884.000	29.000	62.247673	13.0408874	126.866990	95.158331	4.77926460	149.352019	36	19.8171745	3.85125774	120.351804
1	8:25:20	19.87	62.500	31.450	10855.000	29.000	62.522515	13.0984669	127.427147	95.578484	4.80036652	150.011454	36	19.8171745	3.86826222	120.883194
1	8:25:35	20.12	62.130	31.520	10885.000	29.000	62.138119	13.0179359	126.643709	94.990856	4.77085327	149.089165	36	19.8171745	3.84447966	120.139990
1	8:25:50	20.37	62.120	31.520	10861.000	29.000	62.138119	13.0179359	126.643709	94.990856	4.77085327	149.089165	36	19.8171745	3.84447966	120.139990
1	8:26:05	20.62	62.550	31.440	10885.000	29.000	62.577649	13.1100174	127.539514	95.662767	4.80459956	150.143736	36	19.8171745	3.87167332	120.989791
1	8:26:20	20.87	62.790	31.400	10874.000	29.000	62.798734	13.1563348	127.990108	96.000741	4.82157411	150.674191	36	19.8171745	3.88535186	121.417246
1	8:26:35	21.12	62.990	31.360	10865.000	29.000	63.020707	13.2028381	128.442511	96.340072	4.83861678	151.206774	36	19.8171745	3.89908529	121.846415
1	8:26:50	21.37	62.980	31.360	10892.000	29.000	63.020707	13.2028381	128.442511	96.340072	4.83861678	151.206774	36	19.8171745	3.89908529	121.846415
1	8:27:05	21.62	63.000	31.360	10892.000	29.000	63.020707	13.2028381	128.442511	96.340072	4.83861678	151.206774	36	19.8171745	3.89908529	121.846415
1	8:27:20	21.87	63.170	31.330	10878.000	29.000	63.187771	13.2378381	128.783005	96.595465	4.85144370	151.607616	36	19.8171745	3.90942156	122.169424
1	8:27:35	22.12	62.420	31.460	10875.000	29.000	62.467437	13.0869280	127.314891	95.494286	4.79613770	149.879303	36	19.8171745	3.86485453	120.776704
1	8:27:50	22.37	62.900	31.380	10895.000	29.000	62.909609	13.1795632	128.216083	96.170237	4.83008691	150.940216	36	19.8171745	3.89221170	121.631616
1	8:28:05	22.62	63.010	31.360	10878.000	29.000	63.020707	13.2028381	128.442511	96.340072	4.83861678	151.206774	36	19.8171745	3.89908529	121.846415
1	8:28:20	22.87	62.750	31.400	10890.000	29.000	62.798734	13.1563348	127.990108	96.000741	4.82157411	150.674191	36	19.8171745	3.88535186	121.417246
1	8:28:35	23.12	63.360	31.290	10861.000	29.000	63.411308	13.2846691	129.238596	96.937187	4.86860646	152.143952	36	19.8171745	3.92325177	122.601618
1	8:28:50	23.37	62.560	31.440	10877.000	29.000	62.577649	13.1100174	127.539514	95.662767	4.80459956	150.143736	36	19.8171745	3.87167332	120.989791
1	8:29:05	23.62	62.580	31.430	10877.000	29.000	62.632837	13.1215794	127.651994	95.747134	4.80883683	150.276151	36	19.8171745	3.87508782	121.096495
1	8:29:20	23.87	63.120	31.340	10864.000	29.000	63.132027	13.2261597	128.669393	96.510248	4.84716377	151.473868	36	19.8171745	3.90597268	122.061646
1	8:29:35	24.12	63.560	31.260	10886.000	29.000	63.579552	13.3199161	129.581493	97.194381	4.88152390	152.547622	36	19.8171745	3.93366099	122.926906
1	8:29:50	24.37	62.630	31.430	10896.000	29.000	62.632837	13.1215794	127.651994	95.747134	4.80883683	150.276151	36	19.8171745	3.87508782	121.096495
1	8:30:05	24.62	63.310	31.300	10885.000	29.000	63.355340	13.2729437	129.124527	96.851627	4.86430930	152.009666	36	19.8171745	3.91978901	122.493407
1	8:30:20	24.87	63.900	31.200	10877.000	29.000	63.917567	13.3907304	130.270403	97.711108	4.90747613	153.358629	36	19.8171745	3.95457398	123.580437
1	8:30:35	25.12	63.180	31.330	10881.000	29.000	63.187771	13.2378381	128.783005	96.595465	4.85144370	151.607616	36	19.8171745	3.90942156	122.169424
1	8:30:50	25.37	62.870	31.380	10880.000	29.000	62.909609	13.1795632	128.216083	96.170237	4.83008691	150.940216	36	19.8171745	3.89221170	121.631616
1	8:31:05	25.62	62.760	31.400	10867.000	29.000	62.798734	13.1563348	127.990108	96.000741	4.82157411	150.674191	36	19.8171745	3.88535186	121.417246
1	8:31:20	25.87	64.730	31.050	4208.000	29.000	64.771622	13.5696549	132.011052	99.016705	4.97304893	155.407779	36	19.8171745	4.00741427	125.231696
1	8:31:35	26.13	64.920	31.020	4177.000	29.000	64.943996	13.6057672	132.362367	99.280214	4.98628349	155.821359	36	19.8171745	4.01807903	125.564970
1	8:31:50	26.38	63.190	31.320	13949.000	29.000	63.243572	13.2495282	128.896732	96.680767	4.85572793	151.741498	36	19.8171745	3.91287391	122.277310
1	8:32:05	26.62	63.700	31.230	13960.000	29.000	63.748304	13.3552697	129.925427	97.452354	4.89448040	152.952513	36	19.8171745	3.94410168	123.253177
1	8:32:20	26.87	62.950	31.370	13929.000	29.000	62.965130	13.1911948	128.329240	96.255112	4.83434970	151.073428	36	19.8171745	3.89564677	121.738962
1	8:32:35	27.12	62.650	31.420	13909.000	29.000	62.688081	13.1331529	127.764586	95.831585	4.81307834	150.408698	36	19.8171745	3.87850575	121.203305
1	8:32:50	27.37	63.420	31.280	13896.000	29.000	63.467333	13.2964063	129.352780	97.022832	4.87290795	152.278373	36	19.8171745	3.92671802	122.709938
1	8:33:05	27.62	63.120	31.340	13892.000	29.000	63.132027	13.2261597	128.669393	96.510248	4.84716377	151.473868	36	19.8171745	3.90597268	122.061646
1	8:33:20	27.87	63.400	31.290	13871.000	29.000	63.411308	13.2846691	129.238596	96.937187	4.86860646	152.143952	36	19.8171745	3.92325177	122.601618
1	8:33:35	28.12	63.120	31.340	13911.000	29.000	63.132027	13.2261597	128.669393	96.510248	4.84716377	151.473868	36	19.8171745	3.90597268	122.061646
1	8:33:50	28.37	63.430	31.280	13870.000	29.000	63.467333	13.2964063	129.352780	97.022832	4.87290795	152.278373	36	19.8171745	3.92671802	122.709938
1	8:34:05	28.62	63.280	31.310	13898.000	29.000	63.299428	13.2612301	129.010572	96.766154	4.86001646	151.875514	36	19.8171745	3.91632972	122.385304
1	8:34:20	28.87	63.770	31.220	13853.000	29.000	63.804668	13.3670780	130.040303	97.538518	4.89880794	153.087748	36	19.8171745	3.94758892	123.362154
1	8:34:35	29.12	63.670	31.240	13885.000	29.000	63.691997	13.3434733	129.810667	97.366277	4.89015722	152.817413	36	19.8171745	3.94061794	123.144311
1	8:34:50	29.37	63.520	31.270	13853.000	29.000	63.523414	13.3081553	129.467079	97.108564	4.87721376	152.412930	36	19.8171745	3.93018776	122.818367
1	8:35:05	29.62	63.770	31.220	13837.000	29.000	63.804668	13.3670780	130.040303	97.538518	4.89880794	153.087748	36	19.8171745	3.94758892	123.362154
1	8:35:20	29.87	64.180	31.150	13824.000	29.000	64.200814	13.4500705	130.847688	98.144108	4.92922329	154.038228	36	19.8171745	3.97209841	124.128075
1	8:35:35	30.12	63.630	31.250	13860.000	29.000	63.635746	13.3316888	129.696023	97.280286	4.88583839	152.682450	36	19.8171745	3.93713771	123.035554
1	8:35:50	30.37	63.500	31.270	13841.000	29.000	63.523414	13.3081553	129.467079	97.108564	4.87721376	152.412930	36	19.8171745	3.93018776	122.818367
1	8:36:05	30.62	63.380	31.290	13853.000	29.000	63.411308	13.2846691	129.238596	96.937187	4.86860646	152.143952	36	19.8171745	3.92325177	122.601618
1	8:36:20	30.87	63.910	31.200	13800.000	29.000	63.917567	13.3907304	130.270403	97.711108	4.90747613	153.358629	36	19.8171745	3.95457398	123.580437
1	8:36:35	31.12	63.730	31.230	13822.000	29.000	63.748304	13.3552697	129.925427	97.452354	4.89448040	152.952513	36	19.8171745	3.94410168	123.253177
1	8:36:50	31.37	63.940	31.190	13809.000	29.000	63.974102	13.4025745	130.385627	97.797533	4.91181678	153.494274	36	19.8171745	3.95807179	123.689743
1	8:37:05	31.62	63.380	31.290	13820.000	29.000	63.411308	13.2846691	129.238596	96.937187	4.86860646	152.143952	36	19.8171745	3.92325177	122.601618
1	8:37:20	31.87	64.320	31.120	13809.000	29.000	64.371450	13.4858188	131.195461	98.404960	4.94232442	154.447638	36	19.8171745	3.98265565	124.457989
1	8:37:35	32.12	64.140	31.150	13783.000	29.000	64.200814	13.4500705	130.847688	98.144108	4.92922329	154.038228	36	19.8171745	3.97209841	124.128075
1	8:37:50	32.37	64.410	31.110	13779.000	29.000	64.428444	13.4977590	131.311620	98.492087	4.94670031	154.584385	36	19.8171745	3.98618186	124.568183
1	8:38:05	32.62	63.370	31.290	13789.000	29.000	63.411308	13.2846691	129.238596	96.937187	4.86860646	152.143952	36	19.8171745	3.92325177	122.601618
1	8:38:20	32.87	64.590	31.080	13780.000	29.000	64.599772	13.5336523	131.660805	98.753997	4.95985459	154.995456	36	19.8171745	3.99678193	124.899435
1	8:38:35	33.12	63.500	31.270	13765.000	29.000	63.523414	13.3081553	129.467079	97.108564	4.87721376	152.412930	36	19.8171745	3.93018776	122.818367
1	8:38:50	33.37	63.700	31.230	13750.000	29.000	63.748304	13.3552697	129.925427	97.452354	4.89448040	152.952513	36	19.8171745	3.94410168	123.253177
1	8:39:05	33.62	64.330	31.120	13765.000	29.000	64.371450	13.4858188	131.195461	98.404960	4.94232442	154.447638	36	19.8171745	3.98265565	124.457989
1	8:39:20	33.87	64.320	31.120	13760.000	29.000	64.371450	13.4858188	131.195461	98.404960	4.94232442	154.447638	36	19.8171745	3.98265565	124.457989
1	8:39:35	34.12	64.110	31.160	13762.000	29.000	64.144050	13.4381785	130.731997	98.057333	4.92486506	153.902033	36	19.8171745	3.96858644	124.018326
1	8:39:50	34.37	64.850	31.030	13717.000	29.000	64.886480	13.5937175	132.245143	99.192289	4.98186749	155.683359	36	19.8171745	4.01452050	125.453766
1	8:40:05	34.62	64.490	31.090	13733.000	29.000	64.542605	13.5216758	131.544292	98.666606	4.95546539	154.858293	36	19.8171745	3.99324499	124.788906
1	8:40:20	34.87	64.330	31.120	13729.000	29.000	64.371450	13.4858188	131.195461	98.404960	4.94232442	154.447638	36	19.8171745	3.98265565	124.457989
1	8:40:35	35.12	64.770	31.050	13749.000	29.000	64.771622	13.5696549	132.011052	99.016705	4.97304893	155.407779	36	19.8171745	4.00741427	125.231696
1	8:40:50	35.37	64.290	31.130	13723.000	29.000	64.314514	13.4738907	131.079419	98.317921	4.93795296	154.311030	36	19.8171745	3.97913301	124.347907
1	8:41:05	35.62	63.960	31.190	13709.000	29.000	63.974102	13.4025745	130.385627	97.797533	4.91181678	153.494274	36	19.8171745	3.95807179	123.689743
1	8:41:20	35.87	64.920	31.020	13737.000	29.000	64.943996	13.6057672	132.362367	99.280214	4.98628349	155.821359	36	19.8171745	4.01807903	125.564970
1	8:41:35	36.12	64.280	31.130	13729.000	29.000	64.314514	13.4738907	131.079419	98.317921	4.93795296	154.311030	36	19.8171745	3.97913301	124.347907
1	8:41:50	36.37	64.420	31.110	13672.000	29.000	64.428444	13.4977590	131.311620	98.492087	4.94670031	154.584385	36	19.8171745	3.98618186	124.568183
1	8:42:05	36.62	64.370	31.110	13590.000	29.000	64.428444	13.4977590	131.311620	98.492087	4.94670031	154.584385	36	19.8171745	3.98618186	124.568183
1	8:42:20	36.87	64.770	31.050	13587.000	29.000	64.771622	13.5696549	132.011052	99.016705	4.97304893	155.407779	36	19.8171745	4.00741427	125.231696
1	8:42:35	37.12	64.770	31.050	13567.000	29.000	64.771622	13.5696549	132.011052	99.016705	4.97304893	155.407779	36	19.8171745	4.00741427	125.231696
1	8:42:50	37.37	65.250	30.960	13582.000	29.000	65.290325	13.6783230	133.068219	99.809648	5.01287396	156.652311	36	19.8171745	4.03950633	126.234573
1	8:43:05	37.62	65.300	30.950	13559.000	29.000	65.348252	13.6904588	133.186281	99.898202	5.01732151	156.791297	36	19.8171745	4.04309029	126.346571
1	8:43:20	37.87	65.130	30.980	13550.000	29.000	65.174647	13.6540885	132.832457	99.632811	5.00399243	156.374763	36	19.8171745	4.03234936	126.010918
1	8:43:35	38.12	64.630	31.070	13471.000	29.000	64.656998	13.5456410	131.777435	98.841478	4.96424824	155.132758	36	19.8171745	4.00032245	125.010076
1	8:43:50	38.37	64.810	31.040	13485.000	29.000	64.829022	13.5816801	132.128038	99.104453	4.97745597	155.545499	36	19.8171745	4.01096558	125.342674
1	8:44:05	38.62	65.200	30.970	13460.000	29.000	65.232456	13.6661996	132.950278	99.721185	5.00843093	156.513467	36	19.8171745	4.03592603	126.122688
1	8:44:20	38.87	65.170	30.980	13485.000	29.000	65.174647	13.6540885	132.832457	99.632811	5.00399243	156.374763	36	19.8171745	4.03234936	126.010918
1	8:44:35	39.12	64.960	31.010	13492.000	29.000	65.001571	13.6178291	132.479711	99.368229	4.99070397	155.959499	36	19.8171745	4.02164118	125.676287
1	8:44:50	39.37	65.270	30.960	13478.000	29.000	65.290325	13.6783230	133.068219	99.809648	5.01287396	156.652311	36	19.8171745	4.03950633	126.234573
1	8:45:05	39.62	65.040	31.000	13482.000	29.000	65.059204	13.6299033	132.597173	99.456334	4.99512896	156.097780	36	19.8171745	4.02520694	125.787717
1	8:45:20	39.87	64.880	31.030	13490.000	29.000	64.886480	13.5937175	132.245143	99.192289	4.98186749	155.683359	36	19.8171745	4.01452050	125.453766
1	8:45:35	40.12	64.730	31.050	13479.000	29.000	64.771622	13.5696549	132.011052	99.016705	4.97304893	155.407779	36	19.8171745	4.00741427	125.231696
1	8:45:50	40.37	65.180	30.970	13479.000	29.000	65.232456	13.6661996	132.950278	99.721185	5.00843093	156.513467	36	19.8171745	4.03592603	126.122688
1	8:46:05	40.62	64.760	31.050	13503.000	29.000	64.771622	13.5696549	132.011052	99.016705	4.97304893	155.407779	36	19.8171745	4.00741427	125.231696
1	8:46:20	40.87	65.160	30.980	13479.000	29.000	65.174647	13.6540885	132.832457	99.632811	5.00399243	156.374763	36	19.8171745	4.03234936	126.010918
1	8:46:35	41.12	64.680	31.060	13486.000	29.000	64.714281	13.5576418	131.894184	98.929047	4.96864635	155.270199	36	19.8171745	4.00386656	125.120830
1	8:46:50	41.37	64.660	31.060	13506.000	29.000	64.714281	13.5576418	131.894184	98.929047	4.96864635	155.270199	36	19.8171745	4.00386656	125.120830
1	8:47:05	41.62	64.770	31.050	13496.000	29.000	64.771622	13.5696549	132.011052	99.016705	4.97304893	155.407779	36	19.8171745	4.00741427	125.231696
1	8:47:20	41.87	64.620	31.070	13526.000	29.000	64.656998	13.5456410	131.777435	98.841478	4.96424824	155.132758	36	19.8171745	4.00032245	125.010076
1	8:47:35	42.12	64.930	31.020	13522.000	29.000	64.943996	13.6057672	132.362367	99.280214	4.98628349	155.821359	36	19.8171745	4.01807903	125.564970
1	8:47:50	42.37	64.630	31.070	13502.000	29.000	64.656998	13.5456410	131.777435	98.841478	4.96424824	155.132758	36	19.8171745	4.00032245	125.010076
1	8:48:05	42.62	63.990	31.180	13538.000	29.000	64.030695	13.4144305	130.500967	97.884045	4.91616182	153.630057	36	19.8171745	3.96157314	123.799160
1	8:48:20	42.87	63.860	31.210	13526.000	29.000	63.861090	13.3788983	130.155295	97.624769	4.90313985	153.223120	36	19.8171745	3.95107969	123.471240
1	8:48:35	43.12	64.530	31.090	13561.000	29.000	64.542605	13.5216758	131.544292	98.666606	4.95546539	154.858293	36	19.8171745	3.99324499	124.788906
1	8:48:50	43.37	64.590	31.080	13549.000	29.000	64.599772	13.5336523	131.660805	98.753997	4.95985459	154.995456	36	19.8171745	3.99678193	124.899435
1	8:49:05	43.62	64.110	31.160	13552.000	29.000	64.144050	13.4381785	130.731997	98.057333	4.92486506	153.902033	36	19.8171745	3.96858644	124.018326
1	8:49:20	43.87	64.610	31.070	13582.000	29.000	64.656998	13.5456410	131.777435	98.841478	4.96424824	155.132758	36	19.8171745	4.00032245	125.010076
1	8:49:35	44.12	64.170	31.150	13580.000	29.000	64.200814	13.4500705	130.847688	98.144108	4.92922329	154.038228	36	19.8171745	3.97209841	124.128075
1	8:49:50	44.37	63.930	31.190	13595.000	29.000	63.974102	13.4025745	130.385627	97.797533	4.91181678	153.494274	36	19.8171745	3.95807179	123.689743
1	8:50:05	44.62	63.590	31.250	13594.000	29.000	63.635746	13.3316888	129.696023	97.280286	4.88583839	152.682450	36	19.8171745	3.93713771	123.035554
1	8:50:20	44.87	63.630	31.250	13619.000	29.000	63.635746	13.3316888	129.696023	97.280286	4.88583839	152.682450	36	19.8171745	3.93713771	123.035554
1	8:50:35	45.12	63.520	31.270	13614.000	29.000	63.523414	13.3081553	129.467079	97.108564	4.87721376	152.412930	36	19.8171745	3.93018776	122.818367
1	8:50:50	45.37	63.940	31.190	13604.000	29.000	63.974102	13.4025745	130.385627	97.797533	4.91181678	153.494274	36	19.8171745	3.95807179	123.689743
1	8:51:05	45.62	63.990	31.180	13636.000	29.000	64.030695	13.4144305	130.500967	97.884045	4.91616182	153.630057	36	19.8171745	3.96157314	123.799160
1	8:51:20	45.87	63.410	31.280	13630.000	29.000	63.467333	13.2964063	129.352780	97.022832	4.87290795	152.278373	36	19.8171745	3.92671802	122.709938
1	8:51:35	46.12	63.500	31.270	13634.000	29.000	63.523414	13.3081553	129.467079	97.108564	4.87721376	152.412930	36	19.8171745	3.93018776	122.818367
1	8:51:50	46.37	63.080	31.340	13654.000	29.000	63.132027	13.2261597	128.669393	96.510248	4.84716377	151.473868	36	19.8171745	3.90597268	122.061646
1	8:52:05	46.62	63.650	31.240	13670.000	29.000	63.691997	13.3434733	129.810667	97.366277	4.89015722	152.817413	36	19.8171745	3.94061794	123.144311
1	8:52:20	46.87	63.330	31.300	13695.000	29.000	63.355340	13.2729437	129.124527	96.851627	4.86430930	152.009666	36	19.8171745	3.91978901	122.493407
1	8:52:35	47.12	63.410	31.290	13722.000	29.000	63.411308	13.2846691	129.238596	96.937187	4.86860646	152.143952	36	19.8171745	3.92325177	122.601618
1	8:52:50	47.37	62.980	31.360	13704.000	29.000	63.020707	13.2028381	128.442511	96.340072	4.83861678	151.206774	36	19.8171745	3.89908529	121.846415
1	8:53:05	47.62	63.270	31.310	13728.000	29.000	63.299428	13.2612301	129.010572	96.766154	4.86001646	151.875514	36	19.8171745	3.91632972	122.385304
1	8:53:20	47.87	63.020	31.350	13712.000	29.000	63.076339	13.2144931	128.555895	96.425118	4.84288813	151.340254	36	19.8171745	3.90252726	121.953977
1	8:53:35	48.12	62.310	31.480	13732.000	29.000	62.357445	13.0638848	127.090717	95.326141	4.78769273	149.615398	36	19.8171745	3.85804935	120.564042
1	8:53:50	48.37	62.420	31.460	13763.000	29.000	62.467437	13.0869280	127.314891	95.494286	4.79613770	149.879303	36	19.8171745	3.86485453	120.776704
1	8:54:05	48.62	62.330	31.480	13830.000	29.000	62.357445	13.0638848	127.090717	95.326141	4.78769273	149.615398	36	19.8171745	3.85804935	120.564042
1	8:54:20	48.87	62.840	31.390	13826.000	29.000	62.854144	13.1679432	128.103039	96.085447	4.82582838	150.807137	36	19.8171745	3.88878006	121.524377
