Chamber	Time	Logtime_min	OxyPercent_airsat	Phase	Amp	TempC	per_air-sat	per_oxygen	pO2_hPa	pO2_Torr	cO2_mg_L	cO2_umol_L	Salinity	chlorinity	SalCorcO2_mg_L	SalCorcO2_umol_L
3	8:05:29	0.00	66.020	30.630	17828.000	29.000	67.233550	14.0854287	137.028707	102.780267	5.16207131	161.314728	36	19.8171745	4.15973350	129.991672
3	8:05:30	0.02	66.550	30.550	17805.000	29.000	67.714645	14.1862181	138.009226	103.515719	5.19900890	162.469028	36	19.8171745	4.18949879	130.921837
3	8:05:44	0.25	66.730	30.510	17840.000	29.000	67.956688	14.2369262	138.502535	103.885732	5.21759257	163.049768	36	19.8171745	4.20447400	131.389813
3	8:05:58	0.50	66.720	30.520	17845.000	29.000	67.896083	14.2242295	138.379017	103.793085	5.21293944	162.904357	36	19.8171745	4.20072439	131.272637
3	8:06:13	0.75	66.290	30.590	17837.000	29.000	67.473601	14.1357193	137.517954	103.147233	5.18050196	161.890686	36	19.8171745	4.17458541	130.455794
3	8:06:28	1.00	66.390	30.570	17859.000	29.000	67.593998	14.1609426	137.763336	103.331286	5.18974587	162.179558	36	19.8171745	4.18203440	130.688575
3	8:06:43	1.25	66.500	30.550	17827.000	29.000	67.714645	14.1862181	138.009226	103.515719	5.19900890	162.469028	36	19.8171745	4.18949879	130.921837
3	8:06:58	1.50	66.330	30.580	17812.000	29.000	67.533768	14.1483244	137.640582	103.239212	5.18512153	162.035048	36	19.8171745	4.17830798	130.572124
3	8:07:13	1.75	65.970	30.640	17817.000	29.000	67.173692	14.0728885	136.906710	102.688761	5.15747552	161.171110	36	19.8171745	4.15603009	129.875940
3	8:07:29	2.00	66.680	30.520	17823.000	29.000	67.896083	14.2242295	138.379017	103.793085	5.21293944	162.904357	36	19.8171745	4.20072439	131.272637
3	8:07:43	2.25	67.120	30.450	17823.000	29.000	68.321640	14.3133835	139.246343	104.443635	5.24561289	163.925403	36	19.8171745	4.22705351	132.095422
3	8:07:59	2.50	66.420	30.570	17832.000	29.000	67.593998	14.1609426	137.763336	103.331286	5.18974587	162.179558	36	19.8171745	4.18203440	130.688575
3	8:08:14	2.75	67.110	30.450	17806.000	29.000	68.321640	14.3133835	139.246343	104.443635	5.24561289	163.925403	36	19.8171745	4.22705351	132.095422
3	8:08:28	3.00	67.000	30.470	17854.000	29.000	68.199737	14.2878449	138.997893	104.257281	5.23625340	163.632919	36	19.8171745	4.21951139	131.859731
3	8:08:43	3.25	67.090	30.450	17798.000	29.000	68.321640	14.3133835	139.246343	104.443635	5.24561289	163.925403	36	19.8171745	4.22705351	132.095422
3	8:08:59	3.50	67.230	30.430	17822.000	29.000	68.443796	14.3389753	139.495310	104.630376	5.25499183	164.218495	36	19.8171745	4.23461131	132.331604
3	8:09:14	3.75	66.910	30.480	17816.000	29.000	68.138880	14.2750954	138.873861	104.164249	5.23158093	163.486904	36	19.8171745	4.21574620	131.742069
3	8:09:28	4.00	66.860	30.490	17805.000	29.000	68.078087	14.2623591	138.749957	104.071314	5.22691331	163.341041	36	19.8171745	4.21198490	131.624528
3	8:09:44	4.25	66.780	30.510	17788.000	29.000	67.956688	14.2369262	138.502535	103.885732	5.21759257	163.049768	36	19.8171745	4.20447400	131.389813
3	8:09:58	4.50	66.580	30.540	17784.000	29.000	67.775062	14.1988754	138.132362	103.608078	5.20364761	162.613988	36	19.8171745	4.19323679	131.038650
3	8:10:14	4.75	66.720	30.520	17785.000	29.000	67.896083	14.2242295	138.379017	103.793085	5.21293944	162.904357	36	19.8171745	4.20072439	131.272637
3	8:10:28	5.00	66.560	30.540	17760.000	29.000	67.775062	14.1988754	138.132362	103.608078	5.20364761	162.613988	36	19.8171745	4.19323679	131.038650
3	8:10:43	5.25	66.450	30.560	17766.000	29.000	67.654290	14.1735738	137.886218	103.423454	5.19437499	162.324219	36	19.8171745	4.18576467	130.805146
3	8:10:59	5.50	66.860	30.490	17772.000	29.000	68.078087	14.2623591	138.749957	104.071314	5.22691331	163.341041	36	19.8171745	4.21198490	131.624528
3	8:11:13	5.75	67.260	30.430	17763.000	29.000	68.443796	14.3389753	139.495310	104.630376	5.25499183	164.218495	36	19.8171745	4.23461131	132.331604
3	8:11:28	6.00	67.570	30.370	17754.000	29.000	68.811792	14.4160705	140.245323	105.192934	5.28324594	165.101436	36	19.8171745	4.25737922	133.043101
3	8:11:43	6.25	67.750	30.350	17785.000	29.000	68.934970	14.4418761	140.496371	105.381235	5.29270325	165.396977	36	19.8171745	4.26500018	133.281256
3	8:11:59	6.50	67.280	30.420	17741.000	29.000	68.504969	14.3517911	139.619987	104.723892	5.25968861	164.365269	36	19.8171745	4.23839611	132.449878
3	8:12:13	6.75	67.260	30.430	17759.000	29.000	68.443796	14.3389753	139.495310	104.630376	5.25499183	164.218495	36	19.8171745	4.23461131	132.331604
3	8:12:28	7.00	67.080	30.460	17781.000	29.000	68.260657	14.3006076	139.122053	104.350410	5.24093071	163.779085	36	19.8171745	4.22328050	131.977516
3	8:12:43	7.25	67.080	30.460	17752.000	29.000	68.260657	14.3006076	139.122053	104.350410	5.24093071	163.779085	36	19.8171745	4.22328050	131.977516
3	8:12:59	7.50	67.180	30.440	17730.000	29.000	68.382686	14.3261727	139.370762	104.536957	5.25029992	164.071873	36	19.8171745	4.23083045	132.213452
3	8:13:13	7.75	67.480	30.390	17759.000	29.000	68.688872	14.3903186	139.994798	105.005024	5.27380830	164.806509	36	19.8171745	4.24977412	132.805441
3	8:13:28	8.00	67.760	30.340	17737.000	29.000	68.996654	14.4547991	140.622091	105.475533	5.29743931	165.544978	36	19.8171745	4.26881662	133.400519
3	8:13:43	8.25	66.940	30.480	17706.000	29.000	68.138880	14.2750954	138.873861	104.164249	5.23158093	163.486904	36	19.8171745	4.21574620	131.742069
3	8:13:58	8.50	67.420	30.400	17716.000	29.000	68.627507	14.3774627	139.869731	104.911216	5.26909684	164.659276	36	19.8171745	4.24597750	132.686797
3	8:14:13	8.75	66.910	30.480	17753.000	29.000	68.138880	14.2750954	138.873861	104.164249	5.23158093	163.486904	36	19.8171745	4.21574620	131.742069
3	8:14:28	9.00	67.730	30.350	17755.000	29.000	68.934970	14.4418761	140.496371	105.381235	5.29270325	165.396977	36	19.8171745	4.26500018	133.281256
3	8:14:43	9.25	67.420	30.400	17695.000	29.000	68.627507	14.3774627	139.869731	104.911216	5.26909684	164.659276	36	19.8171745	4.24597750	132.686797
3	8:14:58	9.50	67.880	30.320	17710.000	29.000	69.120217	14.4806855	140.873924	105.664425	5.30692625	165.841445	36	19.8171745	4.27646144	133.639420
3	8:15:13	9.75	67.100	30.450	17712.000	29.000	68.321640	14.3133835	139.246343	104.443635	5.24561289	163.925403	36	19.8171745	4.22705351	132.095422
3	8:15:28	10.00	67.360	30.410	17693.000	29.000	68.566206	14.3646202	139.744794	104.817505	5.26439028	164.512196	36	19.8171745	4.24218483	132.568276
3	8:15:43	10.25	67.230	30.430	17673.000	29.000	68.443796	14.3389753	139.495310	104.630376	5.25499183	164.218495	36	19.8171745	4.23461131	132.331604
3	8:15:58	10.50	67.380	30.410	17673.000	29.000	68.566206	14.3646202	139.744794	104.817505	5.26439028	164.512196	36	19.8171745	4.24218483	132.568276
3	8:16:13	10.75	67.840	30.330	17677.000	29.000	69.058404	14.4677356	140.747942	105.569930	5.30218030	165.693135	36	19.8171745	4.27263704	133.519907
3	8:16:29	11.00	67.270	30.420	17709.000	29.000	68.504969	14.3517911	139.619987	104.723892	5.25968861	164.365269	36	19.8171745	4.23839611	132.449878
3	8:16:44	11.25	67.720	30.350	17671.000	29.000	68.934970	14.4418761	140.496371	105.381235	5.29270325	165.396977	36	19.8171745	4.26500018	133.281256
3	8:16:58	11.50	67.470	30.390	17635.000	29.000	68.688872	14.3903186	139.994798	105.005024	5.27380830	164.806509	36	19.8171745	4.24977412	132.805441
3	8:17:14	11.75	67.580	30.370	17642.000	29.000	68.811792	14.4160705	140.245323	105.192934	5.28324594	165.101436	36	19.8171745	4.25737922	133.043101
3	8:17:28	12.00	67.600	30.370	17667.000	29.000	68.811792	14.4160705	140.245323	105.192934	5.28324594	165.101436	36	19.8171745	4.25737922	133.043101
3	8:17:44	12.25	67.500	30.390	17646.000	29.000	68.688872	14.3903186	139.994798	105.005024	5.27380830	164.806509	36	19.8171745	4.24977412	132.805441
3	8:17:58	12.50	67.750	30.350	17657.000	29.000	68.934970	14.4418761	140.496371	105.381235	5.29270325	165.396977	36	19.8171745	4.26500018	133.281256
3	8:18:13	12.75	67.750	30.340	17641.000	29.000	68.996654	14.4547991	140.622091	105.475533	5.29743931	165.544978	36	19.8171745	4.26881662	133.400519
3	8:18:29	13.00	68.290	30.260	17626.000	29.000	69.492458	14.5586699	141.632587	106.233470	5.33550620	166.734569	36	19.8171745	4.29949192	134.359123
3	8:18:43	13.25	68.330	30.250	17642.000	29.000	69.554725	14.5717149	141.759495	106.328659	5.34028698	166.883968	36	19.8171745	4.30334440	134.479512
3	8:18:58	13.50	67.490	30.390	17611.000	29.000	68.688872	14.3903186	139.994798	105.005024	5.27380830	164.806509	36	19.8171745	4.24977412	132.805441
3	8:19:13	13.75	67.730	30.350	17620.000	29.000	68.934970	14.4418761	140.496371	105.381235	5.29270325	165.396977	36	19.8171745	4.26500018	133.281256
3	8:19:28	14.00	68.010	30.300	17656.000	29.000	69.244038	14.5066260	141.126284	105.853710	5.31643301	166.138531	36	19.8171745	4.28412224	133.878820
3	8:19:44	14.25	67.670	30.360	17626.000	29.000	68.873349	14.4289666	140.370782	105.287036	5.28797213	165.249129	36	19.8171745	4.26118771	133.162116
3	8:19:58	14.50	68.120	30.280	17613.000	29.000	69.368118	14.5326208	141.379171	106.043392	5.32595964	166.436239	36	19.8171745	4.29179905	134.118720
3	8:20:13	14.75	68.010	30.300	17616.000	29.000	69.244038	14.5066260	141.126284	105.853710	5.31643301	166.138531	36	19.8171745	4.28412224	133.878820
3	8:20:29	15.00	68.360	30.240	17611.000	29.000	69.617058	14.5847736	141.886534	106.423947	5.34507275	167.033524	36	19.8171745	4.30720090	134.600028
3	8:20:43	15.25	68.360	30.240	17602.000	29.000	69.617058	14.5847736	141.886534	106.423947	5.34507275	167.033524	36	19.8171745	4.30720090	134.600028
3	8:20:59	15.50	67.740	30.350	17614.000	29.000	68.934970	14.4418761	140.496371	105.381235	5.29270325	165.396977	36	19.8171745	4.26500018	133.281256
3	8:21:13	15.75	68.100	30.290	17596.000	29.000	69.306046	14.5196166	141.252661	105.948502	5.32119383	166.287307	36	19.8171745	4.28795864	133.998707
3	8:21:29	16.00	68.320	30.250	17582.000	29.000	69.554725	14.5717149	141.759495	106.328659	5.34028698	166.883968	36	19.8171745	4.30334440	134.479512
3	8:21:43	16.25	68.490	30.220	17577.000	29.000	69.741919	14.6109319	142.141014	106.614822	5.35465935	167.333105	36	19.8171745	4.31492604	134.841439
3	8:21:59	16.50	67.960	30.310	17583.000	29.000	69.182096	14.4936490	141.000038	105.759018	5.31167715	165.989911	36	19.8171745	4.28028984	133.759058
3	8:22:14	16.75	67.610	30.370	17564.000	29.000	68.811792	14.4160705	140.245323	105.192934	5.28324594	165.101436	36	19.8171745	4.25737922	133.043101
3	8:22:28	17.00	68.480	30.220	17574.000	29.000	69.741919	14.6109319	142.141014	106.614822	5.35465935	167.333105	36	19.8171745	4.31492604	134.841439
3	8:22:43	17.25	68.760	30.180	17573.000	29.000	69.992427	14.6634134	142.651574	106.997775	5.37389292	167.934154	36	19.8171745	4.33042495	135.325780
3	8:22:58	17.50	67.870	30.320	17557.000	29.000	69.120217	14.4806855	140.873924	105.664425	5.30692625	165.841445	36	19.8171745	4.27646144	133.639420
3	8:23:14	17.75	68.390	30.240	17558.000	29.000	69.617058	14.5847736	141.886534	106.423947	5.34507275	167.033524	36	19.8171745	4.30720090	134.600028
3	8:23:29	18.00	68.370	30.240	17535.000	29.000	69.617058	14.5847736	141.886534	106.423947	5.34507275	167.033524	36	19.8171745	4.30720090	134.600028
3	8:23:43	18.25	67.750	30.340	17555.000	29.000	68.996654	14.4547991	140.622091	105.475533	5.29743931	165.544978	36	19.8171745	4.26881662	133.400519
3	8:23:59	18.50	68.770	30.180	17529.000	29.000	69.992427	14.6634134	142.651574	106.997775	5.37389292	167.934154	36	19.8171745	4.33042495	135.325780
3	8:24:13	18.75	68.150	30.280	17560.000	29.000	69.368118	14.5326208	141.379171	106.043392	5.32595964	166.436239	36	19.8171745	4.29179905	134.118720
3	8:24:28	19.00	68.410	30.240	17519.000	29.000	69.617058	14.5847736	141.886534	106.423947	5.34507275	167.033524	36	19.8171745	4.30720090	134.600028
3	8:24:44	19.25	68.290	30.260	17537.000	29.000	69.492458	14.5586699	141.632587	106.233470	5.33550620	166.734569	36	19.8171745	4.29949192	134.359123
3	8:24:58	19.50	68.240	30.260	17505.000	29.000	69.492458	14.5586699	141.632587	106.233470	5.33550620	166.734569	36	19.8171745	4.29949192	134.359123
3	8:25:13	19.75	68.580	30.210	17511.000	29.000	69.804447	14.6240317	142.268453	106.710410	5.35946019	167.483131	36	19.8171745	4.31879468	134.962334
3	8:25:28	20.00	68.430	30.230	17520.000	29.000	69.679455	14.5978459	142.013707	106.519335	5.34986354	167.183236	36	19.8171745	4.31106145	134.720670
3	8:25:43	20.25	69.420	30.070	17507.000	29.000	70.686774	14.8088791	144.066723	108.059227	5.42720362	169.600113	36	19.8171745	4.37338413	136.668254
3	8:25:58	20.50	68.480	30.230	17517.000	29.000	69.679455	14.5978459	142.013707	106.519335	5.34986354	167.183236	36	19.8171745	4.31106145	134.720670
3	8:26:14	20.75	69.170	30.110	17511.000	29.000	70.433354	14.7557877	143.550228	107.671823	5.40774653	168.992079	36	19.8171745	4.35770509	136.178284
3	8:26:28	21.00	68.770	30.180	16647.000	29.000	69.992427	14.6634134	142.651574	106.997775	5.37389292	167.934154	36	19.8171745	4.33042495	135.325780
3	8:26:43	21.25	68.190	30.270	16600.000	29.000	69.430256	14.5456385	141.505813	106.138382	5.33073042	166.585326	36	19.8171745	4.29564348	134.238859
3	8:26:58	21.50	68.550	30.210	16581.000	29.000	69.804447	14.6240317	142.268453	106.710410	5.35946019	167.483131	36	19.8171745	4.31879468	134.962334
3	8:27:13	21.75	68.660	30.200	16595.000	29.000	69.867041	14.6371452	142.396026	106.806098	5.36426605	167.633314	36	19.8171745	4.32266737	135.083355
3	8:27:28	22.00	68.380	30.240	16608.000	29.000	69.617058	14.5847736	141.886534	106.423947	5.34507275	167.033524	36	19.8171745	4.30720090	134.600028
3	8:27:44	22.25	67.960	30.310	16609.000	29.000	69.182096	14.4936490	141.000038	105.759018	5.31167715	165.989911	36	19.8171745	4.28028984	133.759058
3	8:27:59	22.50	68.120	30.280	16600.000	29.000	69.368118	14.5326208	141.379171	106.043392	5.32595964	166.436239	36	19.8171745	4.29179905	134.118720
3	8:28:13	22.75	68.810	30.170	16583.000	29.000	70.055218	14.6765682	142.779549	107.093765	5.37871392	168.084810	36	19.8171745	4.33430985	135.447183
3	8:28:29	23.00	68.050	30.300	16583.000	29.000	69.244038	14.5066260	141.126284	105.853710	5.31643301	166.138531	36	19.8171745	4.28412224	133.878820
3	8:28:43	23.25	69.470	30.060	16601.000	29.000	70.750295	14.8221869	144.196186	108.156333	5.43208071	169.752522	36	19.8171745	4.37731421	136.791069
3	8:28:58	23.50	68.390	30.240	16582.000	29.000	69.617058	14.5847736	141.886534	106.423947	5.34507275	167.033524	36	19.8171745	4.30720090	134.600028
3	8:29:14	23.75	68.880	30.160	16576.000	29.000	70.118075	14.6897368	142.907659	107.189855	5.38354000	168.235625	36	19.8171745	4.33819883	135.568713
3	8:29:28	24.00	69.030	30.140	16595.000	29.000	70.243988	14.7161155	143.164282	107.382339	5.39320735	168.537730	36	19.8171745	4.34598904	135.812157
3	8:29:44	24.25	68.960	30.150	16570.000	29.000	70.180999	14.7029192	143.035903	107.286046	5.38837114	168.386598	36	19.8171745	4.34209189	135.690371
3	8:29:59	24.50	69.180	30.110	16574.000	29.000	70.433354	14.7557877	143.550228	107.671823	5.40774653	168.992079	36	19.8171745	4.35770509	136.178284
3	8:30:14	24.75	68.970	30.150	16541.000	29.000	70.180999	14.7029192	143.035903	107.286046	5.38837114	168.386598	36	19.8171745	4.34209189	135.690371
3	8:30:29	25.00	68.640	30.200	16563.000	29.000	69.867041	14.6371452	142.396026	106.806098	5.36426605	167.633314	36	19.8171745	4.32266737	135.083355
3	8:30:43	25.25	69.220	30.100	16554.000	29.000	70.496609	14.7690396	143.679148	107.768521	5.41260313	169.143848	36	19.8171745	4.36161867	136.300583
3	8:30:58	25.50	69.420	30.070	16539.000	29.000	70.686774	14.8088791	144.066723	108.059227	5.42720362	169.600113	36	19.8171745	4.37338413	136.668254
3	8:31:13	25.75	68.680	30.190	16306.000	29.000	69.929701	14.6502724	142.523733	106.901887	5.36907696	167.783655	36	19.8171745	4.32654413	135.204504
3	8:31:28	26.00	69.230	30.100	16307.000	29.000	70.496609	14.7690396	143.679148	107.768521	5.41260313	169.143848	36	19.8171745	4.36161867	136.300583
3	8:31:43	26.25	69.440	30.070	16299.000	29.000	70.686774	14.8088791	144.066723	108.059227	5.42720362	169.600113	36	19.8171745	4.37338413	136.668254
3	8:31:59	26.50	69.890	30.000	16274.000	29.000	71.132836	14.9023291	144.975843	108.741125	5.46145150	170.670359	36	19.8171745	4.40098197	137.530687
3	8:32:13	26.75	69.350	30.080	16278.000	29.000	70.623319	14.7955852	143.937395	107.962223	5.42233166	169.447864	36	19.8171745	4.36945818	136.545568
3	8:32:28	27.00	69.430	30.070	16261.000	29.000	70.686774	14.8088791	144.066723	108.059227	5.42720362	169.600113	36	19.8171745	4.37338413	136.668254
3	8:32:43	27.25	69.050	30.130	16298.000	29.000	70.307044	14.7293257	143.292795	107.478732	5.39804865	168.689020	36	19.8171745	4.34989028	135.934071
3	8:32:58	27.50	69.020	30.140	16290.000	29.000	70.243988	14.7161155	143.164282	107.382339	5.39320735	168.537730	36	19.8171745	4.34598904	135.812157
3	8:33:13	27.75	69.590	30.050	16276.000	29.000	70.813884	14.8355087	144.325787	108.253542	5.43696294	169.905092	36	19.8171745	4.38124845	136.914014
3	8:33:29	28.00	69.950	29.990	16274.000	29.000	71.196829	14.9157356	145.106266	108.838951	5.46636474	170.823898	36	19.8171745	4.40494119	137.654412
3	8:33:43	28.25	68.890	30.160	16254.000	29.000	70.118075	14.6897368	142.907659	107.189855	5.38354000	168.235625	36	19.8171745	4.33819883	135.568713
3	8:33:58	28.50	68.410	30.240	16280.000	29.000	69.617058	14.5847736	141.886534	106.423947	5.34507275	167.033524	36	19.8171745	4.30720090	134.600028
3	8:34:13	28.75	69.400	30.080	16283.000	29.000	70.623319	14.7955852	143.937395	107.962223	5.42233166	169.447864	36	19.8171745	4.36945818	136.545568
3	8:34:28	29.00	68.440	30.230	16263.000	29.000	69.679455	14.5978459	142.013707	106.519335	5.34986354	167.183236	36	19.8171745	4.31106145	134.720670
3	8:34:43	29.25	69.070	30.130	16294.000	29.000	70.307044	14.7293257	143.292795	107.478732	5.39804865	168.689020	36	19.8171745	4.34989028	135.934071
3	8:34:58	29.50	69.030	30.140	16249.000	29.000	70.243988	14.7161155	143.164282	107.382339	5.39320735	168.537730	36	19.8171745	4.34598904	135.812157
3	8:35:13	29.75	69.670	30.030	16248.000	29.000	70.941263	14.8621946	144.585398	108.448266	5.44674286	170.210714	36	19.8171745	4.38912937	137.160293
3	8:35:28	30.00	69.660	30.030	16269.000	29.000	70.941263	14.8621946	144.585398	108.448266	5.44674286	170.210714	36	19.8171745	4.38912937	137.160293
3	8:35:44	30.25	69.520	30.060	16245.000	29.000	70.750295	14.8221869	144.196186	108.156333	5.43208071	169.752522	36	19.8171745	4.37731421	136.791069
3	8:35:59	30.50	69.990	29.980	16233.000	29.000	71.260889	14.9291562	145.236827	108.936880	5.47128317	170.977599	36	19.8171745	4.40890460	137.778269
3	8:36:14	30.75	69.400	30.080	16236.000	29.000	70.623319	14.7955852	143.937395	107.962223	5.42233166	169.447864	36	19.8171745	4.36945818	136.545568
3	8:36:29	31.00	69.760	30.020	16256.000	29.000	71.005053	14.8755587	144.715408	108.545783	5.45164057	170.363768	36	19.8171745	4.39307606	137.283627
3	8:36:43	31.25	69.440	30.070	16217.000	29.000	70.686774	14.8088791	144.066723	108.059227	5.42720362	169.600113	36	19.8171745	4.37338413	136.668254
3	8:36:58	31.50	69.430	30.070	16216.000	29.000	70.686774	14.8088791	144.066723	108.059227	5.42720362	169.600113	36	19.8171745	4.37338413	136.668254
3	8:37:13	31.75	69.200	30.110	16243.000	29.000	70.433354	14.7557877	143.550228	107.671823	5.40774653	168.992079	36	19.8171745	4.35770509	136.178284
3	8:37:28	32.00	70.230	29.940	16229.000	29.000	71.517809	14.9829809	145.760455	109.329635	5.49100900	171.594031	36	19.8171745	4.42480019	138.275006
3	8:37:43	32.25	69.720	30.020	16210.000	29.000	71.005053	14.8755587	144.715408	108.545783	5.45164057	170.363768	36	19.8171745	4.39307606	137.283627
3	8:37:58	32.50	69.810	30.010	16245.000	29.000	71.068911	14.8889368	144.845557	108.643402	5.45654344	170.516983	36	19.8171745	4.39702693	137.407092
3	8:38:13	32.75	69.190	30.110	16223.000	29.000	70.433354	14.7557877	143.550228	107.671823	5.40774653	168.992079	36	19.8171745	4.35770509	136.178284
3	8:38:29	33.00	69.130	30.120	16225.000	29.000	70.370166	14.7425497	143.421444	107.575227	5.40289504	168.840470	36	19.8171745	4.35379563	136.056114
3	8:38:43	33.25	69.290	30.090	16212.000	29.000	70.559930	14.7823054	143.808204	107.865321	5.41746484	169.295776	36	19.8171745	4.36553636	136.423011
3	8:38:58	33.50	69.430	30.070	16215.000	29.000	70.686774	14.8088791	144.066723	108.059227	5.42720362	169.600113	36	19.8171745	4.37338413	136.668254
3	8:39:14	33.75	69.010	30.140	16180.000	29.000	70.243988	14.7161155	143.164282	107.382339	5.39320735	168.537730	36	19.8171745	4.34598904	135.812157
3	8:39:28	34.00	69.050	30.130	16198.000	29.000	70.307044	14.7293257	143.292795	107.478732	5.39804865	168.689020	36	19.8171745	4.34989028	135.934071
3	8:39:44	34.25	69.660	30.030	16229.000	29.000	70.941263	14.8621946	144.585398	108.448266	5.44674286	170.210714	36	19.8171745	4.38912937	137.160293
3	8:39:59	34.50	69.870	30.000	16193.000	29.000	71.132836	14.9023291	144.975843	108.741125	5.46145150	170.670359	36	19.8171745	4.40098197	137.530687
3	8:40:13	34.75	69.550	30.050	16204.000	29.000	70.813884	14.8355087	144.325787	108.253542	5.43696294	169.905092	36	19.8171745	4.38124845	136.914014
3	8:40:28	35.00	69.360	30.080	16198.000	29.000	70.623319	14.7955852	143.937395	107.962223	5.42233166	169.447864	36	19.8171745	4.36945818	136.545568
3	8:40:43	35.25	70.120	29.960	16161.000	29.000	71.389213	14.9560401	145.498364	109.133050	5.48113566	171.285489	36	19.8171745	4.41684399	138.026375
3	8:40:59	35.50	69.310	30.090	16178.000	29.000	70.559930	14.7823054	143.808204	107.865321	5.41746484	169.295776	36	19.8171745	4.36553636	136.423011
3	8:41:13	35.75	69.200	30.110	16185.000	29.000	70.433354	14.7557877	143.550228	107.671823	5.40774653	168.992079	36	19.8171745	4.35770509	136.178284
3	8:41:28	36.00	69.380	30.080	16144.000	29.000	70.623319	14.7955852	143.937395	107.962223	5.42233166	169.447864	36	19.8171745	4.36945818	136.545568
3	8:41:43	36.25	69.430	30.070	16176.000	29.000	70.686774	14.8088791	144.066723	108.059227	5.42720362	169.600113	36	19.8171745	4.37338413	136.668254
3	8:41:58	36.50	69.970	29.990	16285.000	29.000	71.196829	14.9157356	145.106266	108.838951	5.46636474	170.823898	36	19.8171745	4.40494119	137.654412
3	8:42:13	36.75	69.820	30.010	16255.000	29.000	71.068911	14.8889368	144.845557	108.643402	5.45654344	170.516983	36	19.8171745	4.39702693	137.407092
3	8:42:28	37.00	69.620	30.040	16260.000	29.000	70.877540	14.8488446	144.455524	108.350853	5.44185032	170.057823	36	19.8171745	4.38518683	137.037088
3	8:42:43	37.25	70.040	29.970	16275.000	29.000	71.325017	14.9425911	145.367527	109.034913	5.47620681	171.131463	36	19.8171745	4.41287219	137.902256
3	8:42:58	37.50	70.330	29.930	16279.000	29.000	71.582209	14.9964727	145.891709	109.428083	5.49595352	171.748548	36	19.8171745	4.42878462	138.399519
3	8:43:13	37.75	70.260	29.940	16264.000	29.000	71.517809	14.9829809	145.760455	109.329635	5.49100900	171.594031	36	19.8171745	4.42480019	138.275006
3	8:43:29	38.00	69.570	30.050	16192.000	29.000	70.813884	14.8355087	144.325787	108.253542	5.43696294	169.905092	36	19.8171745	4.38124845	136.914014
3	8:43:43	38.25	69.890	30.000	16170.000	29.000	71.132836	14.9023291	144.975843	108.741125	5.46145150	170.670359	36	19.8171745	4.40098197	137.530687
3	8:43:59	38.50	69.340	30.090	16138.000	29.000	70.559930	14.7823054	143.808204	107.865321	5.41746484	169.295776	36	19.8171745	4.36553636	136.423011
3	8:44:13	38.75	69.520	30.060	16177.000	29.000	70.750295	14.8221869	144.196186	108.156333	5.43208071	169.752522	36	19.8171745	4.37731421	136.791069
3	8:44:28	39.00	69.350	30.080	16183.000	29.000	70.623319	14.7955852	143.937395	107.962223	5.42233166	169.447864	36	19.8171745	4.36945818	136.545568
3	8:44:44	39.25	70.380	29.920	16146.000	29.000	71.646677	15.0099788	146.023102	109.526636	5.50090328	171.903228	36	19.8171745	4.43277326	138.524164
3	8:44:59	39.50	69.410	30.070	16166.000	29.000	70.686774	14.8088791	144.066723	108.059227	5.42720362	169.600113	36	19.8171745	4.37338413	136.668254
3	8:45:14	39.75	70.110	29.960	16183.000	29.000	71.389213	14.9560401	145.498364	109.133050	5.48113566	171.285489	36	19.8171745	4.41684399	138.026375
3	8:45:28	40.00	69.230	30.100	16174.000	29.000	70.496609	14.7690396	143.679148	107.768521	5.41260313	169.143848	36	19.8171745	4.36161867	136.300583
3	8:45:44	40.25	69.380	30.080	16178.000	29.000	70.623319	14.7955852	143.937395	107.962223	5.42233166	169.447864	36	19.8171745	4.36945818	136.545568
3	8:45:59	40.50	69.060	30.130	16201.000	29.000	70.307044	14.7293257	143.292795	107.478732	5.39804865	168.689020	36	19.8171745	4.34989028	135.934071
3	8:46:13	40.75	69.820	30.010	16199.000	29.000	71.068911	14.8889368	144.845557	108.643402	5.45654344	170.516983	36	19.8171745	4.39702693	137.407092
3	8:46:29	41.00	69.220	30.100	16203.000	29.000	70.496609	14.7690396	143.679148	107.768521	5.41260313	169.143848	36	19.8171745	4.36161867	136.300583
3	8:46:44	41.25	69.390	30.080	16200.000	29.000	70.623319	14.7955852	143.937395	107.962223	5.42233166	169.447864	36	19.8171745	4.36945818	136.545568
3	8:46:58	41.50	69.680	30.030	16197.000	29.000	70.941263	14.8621946	144.585398	108.448266	5.44674286	170.210714	36	19.8171745	4.38912937	137.160293
3	8:47:13	41.75	69.370	30.080	16234.000	29.000	70.623319	14.7955852	143.937395	107.962223	5.42233166	169.447864	36	19.8171745	4.36945818	136.545568
3	8:47:28	42.00	68.440	30.230	16225.000	29.000	69.679455	14.5978459	142.013707	106.519335	5.34986354	167.183236	36	19.8171745	4.31106145	134.720670
3	8:47:44	42.25	68.540	30.210	16216.000	29.000	69.804447	14.6240317	142.268453	106.710410	5.35946019	167.483131	36	19.8171745	4.31879468	134.962334
3	8:47:59	42.50	69.400	30.080	16230.000	29.000	70.623319	14.7955852	143.937395	107.962223	5.42233166	169.447864	36	19.8171745	4.36945818	136.545568
3	8:48:14	42.75	68.160	30.280	16216.000	29.000	69.368118	14.5326208	141.379171	106.043392	5.32595964	166.436239	36	19.8171745	4.29179905	134.118720
3	8:48:28	43.00	68.560	30.210	16225.000	29.000	69.804447	14.6240317	142.268453	106.710410	5.35946019	167.483131	36	19.8171745	4.31879468	134.962334
3	8:48:44	43.25	68.530	30.220	16224.000	29.000	69.741919	14.6109319	142.141014	106.614822	5.35465935	167.333105	36	19.8171745	4.31492604	134.841439
3	8:48:58	43.50	68.750	30.180	16241.000	29.000	69.992427	14.6634134	142.651574	106.997775	5.37389292	167.934154	36	19.8171745	4.33042495	135.325780
3	8:49:14	43.75	67.980	30.310	16259.000	29.000	69.182096	14.4936490	141.000038	105.759018	5.31167715	165.989911	36	19.8171745	4.28028984	133.759058
3	8:49:28	44.00	67.360	30.410	16263.000	29.000	68.566206	14.3646202	139.744794	104.817505	5.26439028	164.512196	36	19.8171745	4.24218483	132.568276
3	8:49:44	44.25	68.220	30.270	16286.000	29.000	69.430256	14.5456385	141.505813	106.138382	5.33073042	166.585326	36	19.8171745	4.29564348	134.238859
3	8:49:58	44.50	68.340	30.250	16252.000	29.000	69.554725	14.5717149	141.759495	106.328659	5.34028698	166.883968	36	19.8171745	4.30334440	134.479512
3	8:50:13	44.75	68.090	30.290	16277.000	29.000	69.306046	14.5196166	141.252661	105.948502	5.32119383	166.287307	36	19.8171745	4.28795864	133.998707
3	8:50:28	45.00	68.440	30.230	16279.000	29.000	69.679455	14.5978459	142.013707	106.519335	5.34986354	167.183236	36	19.8171745	4.31106145	134.720670
3	8:50:44	45.25	68.050	30.290	16313.000	29.000	69.306046	14.5196166	141.252661	105.948502	5.32119383	166.287307	36	19.8171745	4.28795864	133.998707
3	8:50:58	45.50	68.190	30.270	16290.000	29.000	69.430256	14.5456385	141.505813	106.138382	5.33073042	166.585326	36	19.8171745	4.29564348	134.238859
3	8:51:14	45.75	67.690	30.350	16292.000	29.000	68.934970	14.4418761	140.496371	105.381235	5.29270325	165.396977	36	19.8171745	4.26500018	133.281256
3	8:51:28	46.00	68.020	30.300	16281.000	29.000	69.244038	14.5066260	141.126284	105.853710	5.31643301	166.138531	36	19.8171745	4.28412224	133.878820
3	8:51:43	46.25	68.380	30.240	16286.000	29.000	69.617058	14.5847736	141.886534	106.423947	5.34507275	167.033524	36	19.8171745	4.30720090	134.600028
3	8:51:58	46.50	67.340	30.410	16280.000	29.000	68.566206	14.3646202	139.744794	104.817505	5.26439028	164.512196	36	19.8171745	4.24218483	132.568276
3	8:52:13	46.75	67.370	30.410	16287.000	29.000	68.566206	14.3646202	139.744794	104.817505	5.26439028	164.512196	36	19.8171745	4.24218483	132.568276
3	8:52:28	47.00	66.930	30.480	16308.000	29.000	68.138880	14.2750954	138.873861	104.164249	5.23158093	163.486904	36	19.8171745	4.21574620	131.742069
3	8:52:43	47.25	66.490	30.550	16350.000	29.000	67.714645	14.1862181	138.009226	103.515719	5.19900890	162.469028	36	19.8171745	4.18949879	130.921837
3	8:52:59	47.50	67.360	30.410	16322.000	29.000	68.566206	14.3646202	139.744794	104.817505	5.26439028	164.512196	36	19.8171745	4.24218483	132.568276
3	8:53:13	47.75	66.860	30.490	16361.000	29.000	68.078087	14.2623591	138.749957	104.071314	5.22691331	163.341041	36	19.8171745	4.21198490	131.624528
3	8:53:28	48.00	66.160	30.610	16340.000	29.000	67.353451	14.1105481	137.273078	102.963561	5.17127713	161.602410	36	19.8171745	4.16715179	130.223494
3	8:53:44	48.25	66.440	30.560	16374.000	29.000	67.654290	14.1735738	137.886218	103.423454	5.19437499	162.324219	36	19.8171745	4.18576467	130.805146
3	8:53:58	48.50	66.690	30.520	16342.000	29.000	67.896083	14.2242295	138.379017	103.793085	5.21293944	162.904357	36	19.8171745	4.20072439	131.272637
3	8:54:14	48.75	67.070	30.460	16337.000	29.000	68.260657	14.3006076	139.122053	104.350410	5.24093071	163.779085	36	19.8171745	4.22328050	131.977516
3	8:54:28	49.00	66.840	30.500	16319.000	29.000	68.017356	14.2496361	138.626182	103.978475	5.22225053	163.195329	36	19.8171745	4.20822751	131.507110
