Chamber	Time/hh:mm:ss	Logtime/min	Oxy/% air sat.	Phase/°	Amp	Temp/°C	% air-sat.	% oxygen	pO2 (hPa)	pO2 (Torr)	cO2 [mg/L]	cO2 [µmol/L]	Salinity	chlorinity	SalCorcO2 [mg/L]	SalCorcO2 [µmol/L]
8	16:34:56 PM	0.00	90.970	27.070	6767.000	29.000	91.260314	19.1190359	185.997659	139.510103	7.00680317	218.962599	35	19.3739612	5.67675655	177.398642
8	16:34:57 PM	0.03	92.200	26.930	6793.000	29.000	92.481823	19.3749418	188.487215	141.377428	7.10058838	221.893387	35	19.3739612	5.75273924	179.773101
8	16:35:10 PM	0.23	91.080	27.060	6787.000	29.000	91.346899	19.1371754	186.174128	139.642465	7.01345101	219.170344	35	19.3739612	5.68214248	177.566952
8	16:35:25 PM	0.48	90.980	27.070	6765.000	29.000	91.260314	19.1190359	185.997659	139.510103	7.00680317	218.962599	35	19.3739612	5.67675655	177.398642
8	16:35:40 PM	0.73	90.020	27.180	6790.000	29.000	90.314556	18.9208995	184.070109	138.064317	6.93418953	216.693423	35	19.3739612	5.61792659	175.560206
8	16:35:54 PM	0.98	91.280	27.030	6789.000	29.000	91.607266	19.1917221	186.704780	140.040488	7.03344145	219.795045	35	19.3739612	5.69833829	178.073072
8	16:36:09 PM	1.23	91.850	26.970	6801.000	29.000	92.130763	19.3013948	187.771720	140.840761	7.07363464	221.051082	35	19.3739612	5.73090192	179.090685
8	16:36:25 PM	1.48	89.790	27.210	6775.000	29.000	90.058730	18.8673040	183.548710	137.673235	6.91454768	216.079615	35	19.3739612	5.60201320	175.062912
8	16:36:39 PM	1.73	92.700	26.870	6780.000	29.000	93.011529	19.4859154	189.566810	142.187194	7.14125831	223.164322	35	19.3739612	5.78568912	180.802785
8	16:36:55 PM	1.98	91.460	27.010	6786.000	29.000	91.781354	19.2281937	187.059590	140.306618	7.04680765	220.212739	35	19.3739612	5.70916729	178.411478
8	16:37:09 PM	2.23	90.850	27.080	6772.000	29.000	91.173831	19.1009176	185.821398	139.377895	7.00016314	218.755098	35	19.3739612	5.67137695	177.230530
8	16:37:24 PM	2.48	92.790	26.860	6779.000	29.000	93.100180	19.5044876	189.747488	142.322714	7.14806471	223.377022	35	19.3739612	5.79120351	180.975110
8	16:37:39 PM	2.73	92.790	26.860	6770.000	29.000	93.100180	19.5044876	189.747488	142.322714	7.14806471	223.377022	35	19.3739612	5.79120351	180.975110
8	16:37:54 PM	2.98	89.830	27.200	6784.000	29.000	90.143906	18.8851482	183.722306	137.803443	6.92108731	216.283978	35	19.3739612	5.60731146	175.228483
8	16:38:09 PM	3.23	92.800	26.860	6776.000	29.000	93.100180	19.5044876	189.747488	142.322714	7.14806471	223.377022	35	19.3739612	5.79120351	180.975110
8	16:38:24 PM	3.48	92.330	26.910	6776.000	29.000	92.657975	19.4118457	188.846231	141.646713	7.11411301	222.316032	35	19.3739612	5.76369660	180.115519
8	16:38:39 PM	3.73	90.930	27.070	6773.000	29.000	91.260314	19.1190359	185.997659	139.510103	7.00680317	218.962599	35	19.3739612	5.67675655	177.398642
8	16:38:54 PM	3.98	91.070	27.060	6769.000	29.000	91.346899	19.1371754	186.174128	139.642465	7.01345101	219.170344	35	19.3739612	5.68214248	177.566952
8	16:39:09 PM	4.23	90.730	27.100	6743.000	29.000	91.001169	19.0647449	185.469495	139.113946	6.98690645	218.340827	35	19.3739612	5.66063667	176.894896
8	16:39:24 PM	4.48	89.390	27.250	6780.000	29.000	89.719022	18.7961351	182.856350	137.153921	6.88846549	215.264547	35	19.3739612	5.58088198	174.402562
8	16:39:39 PM	4.73	91.840	26.970	6782.000	29.000	92.130763	19.3013948	187.771720	140.840761	7.07363464	221.051082	35	19.3739612	5.73090192	179.090685
8	16:39:54 PM	4.98	90.880	27.080	6774.000	29.000	91.173831	19.1009176	185.821398	139.377895	7.00016314	218.755098	35	19.3739612	5.67137695	177.230530
8	16:40:09 PM	5.23	90.630	27.110	6769.000	29.000	90.914990	19.0466904	185.293853	138.982203	6.98028976	218.134055	35	19.3739612	5.65527597	176.727374
8	16:40:24 PM	5.48	91.600	27.000	6787.000	29.000	91.868552	19.2464616	187.237308	140.439918	7.05350255	220.421955	35	19.3739612	5.71459135	178.580980
8	16:40:39 PM	5.73	90.480	27.120	6768.000	29.000	90.828912	19.0286570	185.118417	138.850615	6.97368084	217.927526	35	19.3739612	5.64992157	176.560049
8	16:40:54 PM	5.98	92.050	26.940	6784.000	29.000	92.393902	19.3565225	188.308025	141.243024	7.09383802	221.682438	35	19.3739612	5.74727025	179.602195
8	16:41:09 PM	6.23	89.810	27.200	6778.000	29.000	90.143906	18.8851482	183.722306	137.803443	6.92108731	216.283978	35	19.3739612	5.60731146	175.228483
8	16:41:24 PM	6.48	91.890	26.960	6756.000	29.000	92.218373	19.3197491	187.950278	140.974691	7.08036116	221.261286	35	19.3739612	5.73635160	179.260987
8	16:41:39 PM	6.73	89.850	27.200	6773.000	29.000	90.143906	18.8851482	183.722306	137.803443	6.92108731	216.283978	35	19.3739612	5.60731146	175.228483
8	16:41:54 PM	6.98	88.310	27.380	6780.000	29.000	88.625856	18.5671168	180.628368	135.482792	6.80453416	212.641692	35	19.3739612	5.51288268	172.277584
8	16:42:09 PM	7.23	91.290	27.030	6765.000	29.000	91.607266	19.1917221	186.704780	140.040488	7.03344145	219.795045	35	19.3739612	5.69833829	178.073072
8	16:42:24 PM	7.48	90.660	27.100	6775.000	29.000	91.001169	19.0647449	185.469495	139.113946	6.98690645	218.340827	35	19.3739612	5.66063667	176.894896
8	16:42:39 PM	7.73	91.160	27.050	6773.000	29.000	91.433586	19.1553363	186.350804	139.774984	7.02010666	219.378333	35	19.3739612	5.68753474	177.735461
8	16:42:54 PM	7.98	92.520	26.890	6753.000	29.000	92.834543	19.4488368	189.206095	141.916634	7.12766963	222.739676	35	19.3739612	5.77467987	180.458746
8	16:43:09 PM	8.23	90.600	27.110	6759.000	29.000	90.914990	19.0466904	185.293853	138.982203	6.98028976	218.134055	35	19.3739612	5.65527597	176.727374
8	16:43:24 PM	8.48	91.730	26.980	6763.000	29.000	92.043256	19.2830622	187.593373	140.706990	7.06691604	220.841126	35	19.3739612	5.72545866	178.920583
8	16:43:39 PM	8.73	91.860	26.970	6751.000	29.000	92.130763	19.3013948	187.771720	140.840761	7.07363464	221.051082	35	19.3739612	5.73090192	179.090685
8	16:43:54 PM	8.98	93.130	26.820	6744.000	29.000	93.455831	19.5789965	190.472341	142.866399	7.17537095	224.230342	35	19.3739612	5.81332643	181.666451
8	16:44:09 PM	9.23	93.330	26.800	6774.000	29.000	93.634289	19.6163834	190.836056	143.139209	7.18907264	224.658520	35	19.3739612	5.82442723	182.013351
8	16:44:24 PM	9.48	90.220	27.160	6758.000	29.000	90.485606	18.9567345	184.418726	138.325802	6.94732247	217.103827	35	19.3739612	5.62856660	175.892706
8	16:44:39 PM	9.73	91.890	26.960	6748.000	29.000	92.218373	19.3197491	187.950278	140.974691	7.08036116	221.261286	35	19.3739612	5.73635160	179.260987
8	16:44:54 PM	9.98	90.370	27.140	6743.000	29.000	90.657058	18.9926536	184.768162	138.587901	6.96048621	217.515194	35	19.3739612	5.63923157	176.225987
8	16:45:09 PM	10.23	91.060	27.060	6739.000	29.000	91.346899	19.1371754	186.174128	139.642465	7.01345101	219.170344	35	19.3739612	5.68214248	177.566952
8	16:45:24 PM	10.48	88.570	27.350	6745.000	29.000	88.876657	18.6196597	181.139527	135.866194	6.82379026	213.243446	35	19.3739612	5.52848355	172.765111
8	16:45:39 PM	10.73	91.590	27.000	6740.000	29.000	91.868552	19.2464616	187.237308	140.439918	7.05350255	220.421955	35	19.3739612	5.71459135	178.580980
8	16:45:54 PM	10.98	91.720	26.980	6738.000	29.000	92.043256	19.2830622	187.593373	140.706990	7.06691604	220.841126	35	19.3739612	5.72545866	178.920583
8	16:46:09 PM	11.23	91.010	27.060	6769.000	29.000	91.346899	19.1371754	186.174128	139.642465	7.01345101	219.170344	35	19.3739612	5.68214248	177.566952
8	16:46:24 PM	11.48	91.910	26.960	6742.000	29.000	92.218373	19.3197491	187.950278	140.974691	7.08036116	221.261286	35	19.3739612	5.73635160	179.260987
8	16:46:39 PM	11.73	91.710	26.980	6712.000	29.000	92.043256	19.2830622	187.593373	140.706990	7.06691604	220.841126	35	19.3739612	5.72545866	178.920583
8	16:46:55 PM	11.98	92.820	26.860	6729.000	29.000	93.100180	19.5044876	189.747488	142.322714	7.14806471	223.377022	35	19.3739612	5.79120351	180.975110
8	16:47:09 PM	12.23	91.240	27.040	6746.000	29.000	91.520375	19.1735185	186.527688	139.907658	7.02677013	219.586567	35	19.3739612	5.69293334	177.904167
8	16:47:24 PM	12.48	91.650	26.990	6728.000	29.000	91.955853	19.2647511	187.415236	140.573375	7.06020535	220.631417	35	19.3739612	5.72002181	178.750681
8	16:47:39 PM	12.73	90.540	27.120	6719.000	29.000	90.828912	19.0286570	185.118417	138.850615	6.97368084	217.927526	35	19.3739612	5.64992157	176.560049
8	16:47:54 PM	12.98	91.820	26.970	6712.000	29.000	92.130763	19.3013948	187.771720	140.840761	7.07363464	221.051082	35	19.3739612	5.73090192	179.090685
8	16:48:09 PM	13.23	90.660	27.100	6731.000	29.000	91.001169	19.0647449	185.469495	139.113946	6.98690645	218.340827	35	19.3739612	5.66063667	176.894896
8	16:48:24 PM	13.48	91.340	27.030	6717.000	29.000	91.607266	19.1917221	186.704780	140.040488	7.03344145	219.795045	35	19.3739612	5.69833829	178.073072
8	16:48:39 PM	13.73	91.180	27.040	6728.000	29.000	91.520375	19.1735185	186.527688	139.907658	7.02677013	219.586567	35	19.3739612	5.69293334	177.904167
8	16:48:54 PM	13.98	90.670	27.100	6732.000	29.000	91.001169	19.0647449	185.469495	139.113946	6.98690645	218.340827	35	19.3739612	5.66063667	176.894896
8	16:49:09 PM	14.23	93.310	26.800	6691.000	29.000	93.634289	19.6163834	190.836056	143.139209	7.18907264	224.658520	35	19.3739612	5.82442723	182.013351
8	16:49:24 PM	14.48	91.910	26.960	6728.000	29.000	92.218373	19.3197491	187.950278	140.974691	7.08036116	221.261286	35	19.3739612	5.73635160	179.260987
8	16:49:39 PM	14.73	91.770	26.980	6667.000	29.000	92.043256	19.2830622	187.593373	140.706990	7.06691604	220.841126	35	19.3739612	5.72545866	178.920583
8	16:49:54 PM	14.98	89.430	27.250	6680.000	29.000	89.719022	18.7961351	182.856350	137.153921	6.88846549	215.264547	35	19.3739612	5.58088198	174.402562
8	16:50:09 PM	15.23	89.640	27.220	6688.000	29.000	89.973654	18.8494805	183.375316	137.543178	6.90801570	215.875491	35	19.3739612	5.59672113	174.897535
8	16:50:24 PM	15.48	92.070	26.940	6675.000	29.000	92.393902	19.3565225	188.308025	141.243024	7.09383802	221.682438	35	19.3739612	5.74727025	179.602195
8	16:50:39 PM	15.73	91.080	27.060	6658.000	29.000	91.346899	19.1371754	186.174128	139.642465	7.01345101	219.170344	35	19.3739612	5.68214248	177.566952
8	16:50:55 PM	15.98	91.240	27.040	6677.000	29.000	91.520375	19.1735185	186.527688	139.907658	7.02677013	219.586567	35	19.3739612	5.69293334	177.904167
8	16:51:10 PM	16.23	90.560	27.120	6669.000	29.000	90.828912	19.0286570	185.118417	138.850615	6.97368084	217.927526	35	19.3739612	5.64992157	176.560049
8	16:51:25 PM	16.48	93.700	26.760	6719.000	29.000	93.992476	19.6914237	191.566078	143.686772	7.21657362	225.517926	35	19.3739612	5.84670792	182.709622
8	16:51:40 PM	16.74	91.280	27.030	6733.000	29.000	91.607266	19.1917221	186.704780	140.040488	7.03344145	219.795045	35	19.3739612	5.69833829	178.073072
8	16:51:55 PM	16.98	92.360	26.910	6740.000	29.000	92.657975	19.4118457	188.846231	141.646713	7.11411301	222.316032	35	19.3739612	5.76369660	180.115519
8	16:52:10 PM	17.24	90.040	27.180	6738.000	29.000	90.314556	18.9208995	184.070109	138.064317	6.93418953	216.693423	35	19.3739612	5.61792659	175.560206
8	16:52:24 PM	17.48	92.070	26.940	6725.000	29.000	92.393902	19.3565225	188.308025	141.243024	7.09383802	221.682438	35	19.3739612	5.74727025	179.602195
8	16:52:39 PM	17.73	92.060	26.940	6749.000	29.000	92.393902	19.3565225	188.308025	141.243024	7.09383802	221.682438	35	19.3739612	5.74727025	179.602195
8	16:52:54 PM	17.98	91.580	27.000	6744.000	29.000	91.868552	19.2464616	187.237308	140.439918	7.05350255	220.421955	35	19.3739612	5.71459135	178.580980
8	16:53:09 PM	18.23	91.370	27.020	6716.000	29.000	91.694259	19.2099472	186.882080	140.173475	7.04012062	220.003769	35	19.3739612	5.70374961	178.242175
8	16:53:24 PM	18.48	90.420	27.130	6723.000	29.000	90.742934	19.0106447	184.943187	138.719181	6.96707965	217.721239	35	19.3739612	5.64457344	176.392920
8	16:53:39 PM	18.73	90.900	27.080	6721.000	29.000	91.173831	19.1009176	185.821398	139.377895	7.00016314	218.755098	35	19.3739612	5.67137695	177.230530
8	16:53:54 PM	18.98	89.790	27.210	6703.000	29.000	90.058730	18.8673040	183.548710	137.673235	6.91454768	216.079615	35	19.3739612	5.60201320	175.062912
8	16:54:09 PM	19.23	91.420	27.020	6697.000	29.000	91.694259	19.2099472	186.882080	140.173475	7.04012062	220.003769	35	19.3739612	5.70374961	178.242175
8	16:54:24 PM	19.48	90.510	27.120	6705.000	29.000	90.828912	19.0286570	185.118417	138.850615	6.97368084	217.927526	35	19.3739612	5.64992157	176.560049
8	16:54:39 PM	19.73	90.840	27.080	6707.000	29.000	91.173831	19.1009176	185.821398	139.377895	7.00016314	218.755098	35	19.3739612	5.67137695	177.230530
8	16:54:54 PM	19.98	92.700	26.870	6671.000	29.000	93.011529	19.4859154	189.566810	142.187194	7.14125831	223.164322	35	19.3739612	5.78568912	180.802785
8	16:55:09 PM	20.23	91.180	27.040	6708.000	29.000	91.520375	19.1735185	186.527688	139.907658	7.02677013	219.586567	35	19.3739612	5.69293334	177.904167
8	16:55:24 PM	20.48	91.310	27.030	6691.000	29.000	91.607266	19.1917221	186.704780	140.040488	7.03344145	219.795045	35	19.3739612	5.69833829	178.073072
8	16:55:39 PM	20.73	91.900	26.960	6697.000	29.000	92.218373	19.3197491	187.950278	140.974691	7.08036116	221.261286	35	19.3739612	5.73635160	179.260987
8	16:55:54 PM	20.98	92.440	26.900	6677.000	29.000	92.746207	19.4303303	189.026056	141.781594	7.12088732	222.527729	35	19.3739612	5.76918499	180.287031
8	16:56:09 PM	21.23	91.320	27.030	6677.000	29.000	91.607266	19.1917221	186.704780	140.040488	7.03344145	219.795045	35	19.3739612	5.69833829	178.073072
8	16:56:24 PM	21.48	91.980	26.950	6684.000	29.000	92.306086	19.3381250	188.129046	141.108778	7.08709561	221.471738	35	19.3739612	5.74180771	179.431491
8	16:56:39 PM	21.73	91.050	27.060	6687.000	29.000	91.346899	19.1371754	186.174128	139.642465	7.01345101	219.170344	35	19.3739612	5.68214248	177.566952
8	16:56:54 PM	21.98	90.600	27.110	6684.000	29.000	90.914990	19.0466904	185.293853	138.982203	6.98028976	218.134055	35	19.3739612	5.65527597	176.727374
8	16:57:09 PM	22.23	90.870	27.080	6707.000	29.000	91.173831	19.1009176	185.821398	139.377895	7.00016314	218.755098	35	19.3739612	5.67137695	177.230530
8	16:57:24 PM	22.48	90.330	27.140	6680.000	29.000	90.657058	18.9926536	184.768162	138.587901	6.96048621	217.515194	35	19.3739612	5.63923157	176.225987
8	16:57:39 PM	22.73	91.820	26.970	6695.000	29.000	92.130763	19.3013948	187.771720	140.840761	7.07363464	221.051082	35	19.3739612	5.73090192	179.090685
8	16:57:54 PM	22.98	90.750	27.090	6692.000	29.000	91.087449	19.0828207	185.645343	139.245843	6.99353091	218.547841	35	19.3739612	5.66600365	177.062614
8	16:58:09 PM	23.23	92.020	26.950	6676.000	29.000	92.306086	19.3381250	188.129046	141.108778	7.08709561	221.471738	35	19.3739612	5.74180771	179.431491
8	16:58:24 PM	23.48	90.270	27.150	6659.000	29.000	90.571282	18.9746835	184.593342	138.456775	6.95390048	217.309390	35	19.3739612	5.63389596	176.059249
8	16:58:39 PM	23.73	89.720	27.210	6680.000	29.000	90.058730	18.8673040	183.548710	137.673235	6.91454768	216.079615	35	19.3739612	5.60201320	175.062912
8	16:58:54 PM	23.98	91.990	26.950	6684.000	29.000	92.306086	19.3381250	188.129046	141.108778	7.08709561	221.471738	35	19.3739612	5.74180771	179.431491
8	16:59:09 PM	24.23	92.160	26.930	6668.000	29.000	92.481823	19.3749418	188.487215	141.377428	7.10058838	221.893387	35	19.3739612	5.75273924	179.773101
8	16:59:24 PM	24.48	90.820	27.090	6668.000	29.000	91.087449	19.0828207	185.645343	139.245843	6.99353091	218.547841	35	19.3739612	5.66600365	177.062614
8	16:59:39 PM	24.73	90.610	27.110	6661.000	29.000	90.914990	19.0466904	185.293853	138.982203	6.98028976	218.134055	35	19.3739612	5.65527597	176.727374
8	16:59:54 PM	24.98	90.650	27.110	6674.000	29.000	90.914990	19.0466904	185.293853	138.982203	6.98028976	218.134055	35	19.3739612	5.65527597	176.727374
8	17:00:09 PM	25.23	91.620	26.990	6636.000	29.000	91.955853	19.2647511	187.415236	140.573375	7.06020535	220.631417	35	19.3739612	5.72002181	178.750681
8	17:00:24 PM	25.48	91.790	26.970	6667.000	29.000	92.130763	19.3013948	187.771720	140.840761	7.07363464	221.051082	35	19.3739612	5.73090192	179.090685
8	17:00:39 PM	25.73	92.320	26.910	6667.000	29.000	92.657975	19.4118457	188.846231	141.646713	7.11411301	222.316032	35	19.3739612	5.76369660	180.115519
8	17:00:55 PM	25.98	91.360	27.020	6670.000	29.000	91.694259	19.2099472	186.882080	140.173475	7.04012062	220.003769	35	19.3739612	5.70374961	178.242175
8	17:01:09 PM	26.23	91.720	26.980	6685.000	29.000	92.043256	19.2830622	187.593373	140.706990	7.06691604	220.841126	35	19.3739612	5.72545866	178.920583
8	17:01:24 PM	26.48	91.390	27.020	6662.000	29.000	91.694259	19.2099472	186.882080	140.173475	7.04012062	220.003769	35	19.3739612	5.70374961	178.242175
8	17:01:39 PM	26.73	90.560	27.120	6664.000	29.000	90.828912	19.0286570	185.118417	138.850615	6.97368084	217.927526	35	19.3739612	5.64992157	176.560049
8	17:01:54 PM	26.98	90.990	27.070	6650.000	29.000	91.260314	19.1190359	185.997659	139.510103	7.00680317	218.962599	35	19.3739612	5.67675655	177.398642
8	17:02:09 PM	27.23	90.170	27.160	6649.000	29.000	90.485606	18.9567345	184.418726	138.325802	6.94732247	217.103827	35	19.3739612	5.62856660	175.892706
8	17:02:24 PM	27.48	90.790	27.090	6650.000	29.000	91.087449	19.0828207	185.645343	139.245843	6.99353091	218.547841	35	19.3739612	5.66600365	177.062614
8	17:02:39 PM	27.73	90.290	27.150	6673.000	29.000	90.571282	18.9746835	184.593342	138.456775	6.95390048	217.309390	35	19.3739612	5.63389596	176.059249
8	17:02:54 PM	27.98	91.300	27.030	6657.000	29.000	91.607266	19.1917221	186.704780	140.040488	7.03344145	219.795045	35	19.3739612	5.69833829	178.073072
8	17:03:09 PM	28.23	92.080	26.940	6657.000	29.000	92.393902	19.3565225	188.308025	141.243024	7.09383802	221.682438	35	19.3739612	5.74727025	179.602195
8	17:03:25 PM	28.48	90.520	27.120	6661.000	29.000	90.828912	19.0286570	185.118417	138.850615	6.97368084	217.927526	35	19.3739612	5.64992157	176.560049
8	17:03:39 PM	28.73	91.030	27.060	6650.000	29.000	91.346899	19.1371754	186.174128	139.642465	7.01345101	219.170344	35	19.3739612	5.68214248	177.566952
8	17:03:54 PM	28.98	91.400	27.020	6663.000	29.000	91.694259	19.2099472	186.882080	140.173475	7.04012062	220.003769	35	19.3739612	5.70374961	178.242175
8	17:04:10 PM	29.23	89.650	27.220	6654.000	29.000	89.973654	18.8494805	183.375316	137.543178	6.90801570	215.875491	35	19.3739612	5.59672113	174.897535
8	17:04:24 PM	29.48	92.170	26.930	6658.000	29.000	92.481823	19.3749418	188.487215	141.377428	7.10058838	221.893387	35	19.3739612	5.75273924	179.773101
8	17:04:40 PM	29.73	91.300	27.030	6671.000	29.000	91.607266	19.1917221	186.704780	140.040488	7.03344145	219.795045	35	19.3739612	5.69833829	178.073072
8	17:04:54 PM	29.98	90.650	27.110	6663.000	29.000	90.914990	19.0466904	185.293853	138.982203	6.98028976	218.134055	35	19.3739612	5.65527597	176.727374
8	17:05:09 PM	30.23	92.010	26.950	6652.000	29.000	92.306086	19.3381250	188.129046	141.108778	7.08709561	221.471738	35	19.3739612	5.74180771	179.431491
8	17:05:24 PM	30.48	91.510	27.010	6646.000	29.000	91.781354	19.2281937	187.059590	140.306618	7.04680765	220.212739	35	19.3739612	5.70916729	178.411478
8	17:05:40 PM	30.73	90.920	27.070	6658.000	29.000	91.260314	19.1190359	185.997659	139.510103	7.00680317	218.962599	35	19.3739612	5.67675655	177.398642
8	17:05:54 PM	30.98	91.320	27.030	6636.000	29.000	91.607266	19.1917221	186.704780	140.040488	7.03344145	219.795045	35	19.3739612	5.69833829	178.073072
8	17:06:10 PM	31.23	90.940	27.070	6653.000	29.000	91.260314	19.1190359	185.997659	139.510103	7.00680317	218.962599	35	19.3739612	5.67675655	177.398642
8	17:06:24 PM	31.48	91.880	26.960	6651.000	29.000	92.218373	19.3197491	187.950278	140.974691	7.08036116	221.261286	35	19.3739612	5.73635160	179.260987
8	17:06:39 PM	31.73	90.300	27.150	6615.000	29.000	90.571282	18.9746835	184.593342	138.456775	6.95390048	217.309390	35	19.3739612	5.63389596	176.059249
8	17:06:54 PM	31.98	90.670	27.100	6635.000	29.000	91.001169	19.0647449	185.469495	139.113946	6.98690645	218.340827	35	19.3739612	5.66063667	176.894896
8	17:07:10 PM	32.23	92.350	26.910	6623.000	29.000	92.657975	19.4118457	188.846231	141.646713	7.11411301	222.316032	35	19.3739612	5.76369660	180.115519
8	17:07:25 PM	32.48	90.160	27.160	6621.000	29.000	90.485606	18.9567345	184.418726	138.325802	6.94732247	217.103827	35	19.3739612	5.62856660	175.892706
8	17:07:39 PM	32.73	91.120	27.050	6607.000	29.000	91.433586	19.1553363	186.350804	139.774984	7.02010666	219.378333	35	19.3739612	5.68753474	177.735461
8	17:07:54 PM	32.98	90.750	27.090	6585.000	29.000	91.087449	19.0828207	185.645343	139.245843	6.99353091	218.547841	35	19.3739612	5.66600365	177.062614
8	17:08:10 PM	33.23	89.560	27.230	6591.000	29.000	89.888677	18.8316779	183.202125	137.413274	6.90149134	215.671605	35	19.3739612	5.59143524	174.732351
8	17:08:24 PM	33.48	90.180	27.160	6590.000	29.000	90.485606	18.9567345	184.418726	138.325802	6.94732247	217.103827	35	19.3739612	5.62856660	175.892706
8	17:08:39 PM	33.73	92.880	26.850	6611.000	29.000	93.188935	19.5230818	189.928380	142.458394	7.15487916	223.589974	35	19.3739612	5.79672443	181.147638
8	17:08:55 PM	33.98	92.250	26.920	6596.000	29.000	92.569847	19.3933829	188.666617	141.511991	7.10734670	222.104585	35	19.3739612	5.75821469	179.944209
