Chamber	Time/hh:mm:ss	Logtime/min	Oxy/% air sat.	Phase/°	Amp	Temp/°C	% air-sat.	% oxygen	pO2 (hPa)	pO2 (Torr)	cO2 [mg/L]	cO2 [µmol/L]	Salinity	chlorinity	SalCorcO2 [mg/L]	SalCorcO2 [µmol/L]
4	9:01:56 AM	0.00	73.950	29.340	15397.000	29.000	73.965531	15.4957788	150.749159	113.071480	5.67894074	177.466898	35	19.3739612	4.60095185	143.779745
4	9:02:02 AM	0.10	75.060	29.170	15368.000	29.000	75.113944	15.7363713	153.089740	114.827065	5.76711384	180.222307	35	19.3739612	4.67238774	146.012117
4	9:02:17 AM	0.35	75.820	29.060	15379.000	29.000	75.868501	15.8944511	154.627603	115.980561	5.82504739	182.032731	35	19.3739612	4.71932422	147.478882
4	9:02:32 AM	0.60	75.140	29.160	15350.000	29.000	75.182165	15.7506635	153.228780	114.931354	5.77235169	180.385990	35	19.3739612	4.67663134	146.144729
4	9:02:47 AM	0.85	74.940	29.190	15349.000	29.000	74.977727	15.7078338	152.812115	114.618829	5.75665532	179.895479	35	19.3739612	4.66391448	145.747328
4	9:03:02 AM	1.10	75.270	29.140	15351.000	29.000	75.318830	15.7792950	153.507318	115.140276	5.78284464	180.713895	35	19.3739612	4.68513249	146.410390
4	9:03:17 AM	1.35	75.520	29.110	15334.000	29.000	75.524392	15.8223601	153.926273	115.454518	5.79862726	181.207102	35	19.3739612	4.69791922	146.809975
4	9:03:32 AM	1.60	75.220	29.150	15313.000	29.000	75.250460	15.7649714	153.367973	115.035758	5.77759529	180.549853	35	19.3739612	4.68087958	146.277487
4	9:03:47 AM	1.85	75.250	29.150	15292.000	29.000	75.250460	15.7649714	153.367973	115.035758	5.77759529	180.549853	35	19.3739612	4.68087958	146.277487
4	9:04:02 AM	2.10	74.870	29.200	15294.000	29.000	74.909730	15.6935884	152.673531	114.514882	5.75143464	179.732332	35	19.3739612	4.65968480	145.615150
4	9:04:17 AM	2.35	75.800	29.070	15309.000	29.000	75.799528	15.8800012	154.487029	115.875121	5.81975175	181.867242	35	19.3739612	4.71503381	147.344807
4	9:04:32 AM	2.60	74.900	29.200	15287.000	29.000	74.909730	15.6935884	152.673531	114.514882	5.75143464	179.732332	35	19.3739612	4.65968480	145.615150
4	9:04:47 AM	2.85	74.690	29.230	15294.000	29.000	74.706185	15.6509457	152.258685	114.203721	5.73580681	179.243963	35	19.3739612	4.64702348	145.219484
4	9:05:02 AM	3.10	75.680	29.080	15296.000	29.000	75.730631	15.8655671	154.346609	115.769797	5.81446192	181.701935	35	19.3739612	4.71074811	147.210878
4	9:05:17 AM	3.35	75.780	29.070	15265.000	29.000	75.799528	15.8800012	154.487029	115.875121	5.81975175	181.867242	35	19.3739612	4.71503381	147.344807
4	9:05:32 AM	3.60	75.260	29.150	15250.000	29.000	75.250460	15.7649714	153.367973	115.035758	5.77759529	180.549853	35	19.3739612	4.68087958	146.277487
4	9:05:47 AM	3.85	76.300	29.000	15229.000	29.000	76.283938	15.9814850	155.474304	116.615640	5.85694386	183.029496	35	19.3739612	4.74516603	148.286439
4	9:06:02 AM	4.10	76.250	29.000	15241.000	29.000	76.283938	15.9814850	155.474304	116.615640	5.85694386	183.029496	35	19.3739612	4.74516603	148.286439
4	9:06:17 AM	4.35	75.730	29.080	15272.000	29.000	75.730631	15.8655671	154.346609	115.769797	5.81446192	181.701935	35	19.3739612	4.71074811	147.210878
4	9:06:32 AM	4.60	76.290	29.000	15228.000	29.000	76.283938	15.9814850	155.474304	116.615640	5.85694386	183.029496	35	19.3739612	4.74516603	148.286439
4	9:06:47 AM	4.85	75.850	29.060	15201.000	29.000	75.868501	15.8944511	154.627603	115.980561	5.82504739	182.032731	35	19.3739612	4.71932422	147.478882
4	9:07:02 AM	5.10	75.570	29.100	15208.000	29.000	75.593063	15.8367466	154.066231	115.559496	5.80389969	181.371865	35	19.3739612	4.70219082	146.943463
4	9:07:17 AM	5.35	76.120	29.020	15217.000	29.000	76.145154	15.9524098	155.191449	116.403481	5.84628829	182.696509	35	19.3739612	4.73653313	148.016660
4	9:07:32 AM	5.60	76.440	28.970	15214.000	29.000	76.492688	16.0252181	155.899757	116.934757	5.87297130	183.530353	35	19.3739612	4.75815111	148.692222
4	9:07:47 AM	5.85	76.620	28.950	15178.000	29.000	76.632238	16.0544540	156.184175	117.148089	5.88368575	183.865180	35	19.3739612	4.76683172	148.963491
4	9:08:02 AM	6.10	76.050	29.030	15179.000	29.000	76.075877	15.9378962	155.050255	116.297576	5.84096930	182.530291	35	19.3739612	4.73222380	147.881994
4	9:08:17 AM	6.35	76.350	28.990	15165.000	29.000	76.353445	15.9960466	155.615966	116.721896	5.86228045	183.196264	35	19.3739612	4.74948962	148.421551
4	9:08:32 AM	6.60	76.050	29.030	15175.000	29.000	76.075877	15.9378962	155.050255	116.297576	5.84096930	182.530291	35	19.3739612	4.73222380	147.881994
4	9:08:47 AM	6.85	76.740	28.930	15159.000	29.000	76.772097	16.0837544	156.469222	117.361892	5.89442387	184.200746	35	19.3739612	4.77553151	149.235360
4	9:09:02 AM	7.10	76.700	28.940	15164.000	29.000	76.702129	16.0690961	156.326620	117.254932	5.88905185	184.032870	35	19.3739612	4.77117921	149.099350
4	9:09:17 AM	7.35	76.570	28.960	15129.000	29.000	76.562425	16.0398280	156.041888	117.041364	5.87832557	183.697674	35	19.3739612	4.76248902	148.827782
4	9:09:32 AM	7.60	77.480	28.830	15146.000	29.000	77.476049	16.2312322	157.903945	118.438026	5.94847197	185.889749	35	19.3739612	4.81932008	150.603752
4	9:09:47 AM	7.85	76.810	28.920	15125.000	29.000	76.842143	16.0984289	156.611982	117.468971	5.89980183	184.368807	35	19.3739612	4.77988861	149.371519
4	9:10:02 AM	8.10	77.270	28.860	15113.000	29.000	77.264045	16.1868174	157.471860	118.113935	5.93219471	185.381085	35	19.3739612	4.80613260	150.191644
4	9:10:17 AM	8.35	77.130	28.880	15114.000	29.000	77.123100	16.1572894	157.184600	117.898471	5.92137319	185.042912	35	19.3739612	4.79736525	149.917664
4	9:10:32 AM	8.60	76.250	29.000	15077.000	29.000	76.283938	15.9814850	155.474304	116.615640	5.85694386	183.029496	35	19.3739612	4.74516603	148.286439
4	9:10:47 AM	8.85	76.540	28.960	15106.000	29.000	76.562425	16.0398280	156.041888	117.041364	5.87832557	183.697674	35	19.3739612	4.76248902	148.827782
4	9:11:02 AM	9.10	76.840	28.920	15070.000	29.000	76.842143	16.0984289	156.611982	117.468971	5.89980183	184.368807	35	19.3739612	4.77988861	149.371519
4	9:11:17 AM	9.35	77.920	28.770	15086.000	29.000	77.902177	16.3205060	158.772437	119.089450	5.98118932	186.912166	35	19.3739612	4.84582695	151.432092
4	9:11:32 AM	9.60	77.990	28.760	15052.000	29.000	77.973474	16.3354429	158.917748	119.198443	5.98666343	187.083232	35	19.3739612	4.85026195	151.570686
4	9:11:47 AM	9.85	77.590	28.810	15102.000	29.000	77.617776	16.2609241	158.192800	118.654686	5.95935357	186.229799	35	19.3739612	4.82813611	150.879254
4	9:12:02 AM	10.10	78.730	28.650	15024.000	29.000	78.763003	16.5008491	160.526886	120.405399	6.04728200	188.977562	35	19.3739612	4.89937377	153.105430
4	9:12:17 AM	10.35	77.730	28.790	15019.000	29.000	77.759819	16.2906820	158.482297	118.871827	5.97025933	186.570604	35	19.3739612	4.83697172	151.155366
4	9:12:32 AM	10.60	77.830	28.780	15046.000	29.000	77.830958	16.3055857	158.627286	118.980578	5.97572130	186.741291	35	19.3739612	4.84139688	151.293652
4	9:12:47 AM	10.85	77.600	28.810	15034.000	29.000	77.617776	16.2609241	158.192800	118.654686	5.95935357	186.229799	35	19.3739612	4.82813611	150.879254
4	9:13:02 AM	11.10	77.500	28.820	15016.000	29.000	77.546873	16.2460699	158.048292	118.546296	5.95390976	186.059680	35	19.3739612	4.82372565	150.741427
4	9:13:17 AM	11.35	78.290	28.710	15020.000	29.000	78.331153	16.4103766	159.646733	119.745228	6.01412536	187.941418	35	19.3739612	4.87251100	152.265969
4	9:13:32 AM	11.60	78.260	28.720	15001.000	29.000	78.259458	16.3953565	159.500612	119.635628	6.00862075	187.769399	35	19.3739612	4.86805129	152.126603
4	9:13:47 AM	11.85	78.920	28.630	14988.000	29.000	78.907595	16.5311412	160.821581	120.626439	6.05838357	189.324486	35	19.3739612	4.90836802	153.386501
4	9:14:02 AM	12.10	77.870	28.770	15014.000	29.000	77.902177	16.3205060	158.772437	119.089450	5.98118932	186.912166	35	19.3739612	4.84582695	151.432092
4	9:14:17 AM	12.35	78.480	28.690	14963.000	29.000	78.474782	16.4404669	159.939465	119.964795	6.02515297	188.286030	35	19.3739612	4.88144532	152.545166
4	9:14:32 AM	12.60	77.620	28.810	14969.000	29.000	77.617776	16.2609241	158.192800	118.654686	5.95935357	186.229799	35	19.3739612	4.82813611	150.879254
4	9:14:47 AM	12.85	78.290	28.710	14982.000	29.000	78.331153	16.4103766	159.646733	119.745228	6.01412536	187.941418	35	19.3739612	4.87251100	152.265969
4	9:15:02 AM	13.10	78.060	28.750	14927.000	29.000	78.044851	16.3503963	159.063221	119.307557	5.99214361	187.254488	35	19.3739612	4.85470187	151.709434
4	9:15:17 AM	13.35	78.100	28.740	14949.000	29.000	78.116307	16.3653664	159.208856	119.416793	5.99762989	187.425934	35	19.3739612	4.85914673	151.848335
4	9:15:32 AM	13.60	77.870	28.770	14957.000	29.000	77.902177	16.3205060	158.772437	119.089450	5.98118932	186.912166	35	19.3739612	4.84582695	151.432092
4	9:15:47 AM	13.85	78.560	28.680	14942.000	29.000	78.546717	16.4555372	160.086075	120.074762	6.03067598	188.458625	35	19.3739612	4.88591995	152.684998
4	9:16:02 AM	14.10	79.090	28.600	14946.000	29.000	79.125090	16.5767064	161.264857	120.958924	6.07508244	189.846326	35	19.3739612	4.92189707	153.809283
4	9:16:17 AM	14.35	77.550	28.820	14920.000	29.000	77.546873	16.2460699	158.048292	118.546296	5.95390976	186.059680	35	19.3739612	4.82372565	150.741427
4	9:16:32 AM	14.60	78.750	28.650	14927.000	29.000	78.763003	16.5008491	160.526886	120.405399	6.04728200	188.977562	35	19.3739612	4.89937377	153.105430
4	9:16:47 AM	14.85	79.460	28.550	14908.000	29.000	79.489205	16.6529885	162.006960	121.515549	6.10303854	190.719954	35	19.3739612	4.94454649	154.517078
4	9:17:02 AM	15.10	79.450	28.550	14868.000	29.000	79.489205	16.6529885	162.006960	121.515549	6.10303854	190.719954	35	19.3739612	4.94454649	154.517078
4	9:17:17 AM	15.35	79.430	28.560	14900.000	29.000	79.416219	16.6376980	161.858207	121.403975	6.09743481	190.544838	35	19.3739612	4.94000647	154.375202
4	9:17:32 AM	15.60	79.720	28.520	14863.000	29.000	79.708654	16.6989630	162.454218	121.851021	6.11988739	191.246481	35	19.3739612	4.95819705	154.943658
4	9:17:47 AM	15.85	79.600	28.530	14843.000	29.000	79.635422	16.6836210	162.304965	121.739072	6.11426482	191.070776	35	19.3739612	4.95364177	154.801305
4	9:18:02 AM	16.10	79.270	28.580	14852.000	29.000	79.270492	16.6071681	161.561201	121.181201	6.08624613	190.195192	35	19.3739612	4.93094165	154.091927
4	9:18:17 AM	16.35	79.880	28.500	14884.000	29.000	79.855363	16.7296985	162.753225	122.075295	6.13115145	191.598483	35	19.3739612	4.96732294	155.228842
4	9:18:32 AM	16.60	79.360	28.570	14870.000	29.000	79.343315	16.6224245	161.709621	121.292526	6.09183735	190.369917	35	19.3739612	4.93547153	154.233485
4	9:18:47 AM	16.85	79.250	28.580	14853.000	29.000	79.270492	16.6071681	161.561201	121.181201	6.08624613	190.195192	35	19.3739612	4.93094165	154.091927
4	9:19:02 AM	17.10	79.010	28.610	14812.000	29.000	79.052511	16.5615011	161.116933	120.847972	6.06950993	189.672185	35	19.3739612	4.91738235	153.668198
4	9:19:17 AM	17.35	79.580	28.540	14820.000	29.000	79.562273	16.6682962	162.155879	121.627248	6.10864854	190.895267	35	19.3739612	4.94909158	154.659112
4	9:19:32 AM	17.60	79.970	28.480	14810.000	29.000	80.002401	16.7605030	163.052904	122.300073	6.14244077	191.951274	35	19.3739612	4.97646930	155.514666
4	9:19:47 AM	17.85	79.720	28.520	14808.000	29.000	79.708654	16.6989630	162.454218	121.851021	6.11988739	191.246481	35	19.3739612	4.95819705	154.943658
4	9:20:02 AM	18.10	80.230	28.450	14829.000	29.000	80.223577	16.8068395	163.503684	122.638187	6.15942231	192.481947	35	19.3739612	4.99022736	155.944605
4	9:20:17 AM	18.35	80.590	28.400	14791.000	29.000	80.593864	16.8844146	164.258366	123.204247	6.18785227	193.370384	35	19.3739612	5.01326069	156.664397
4	9:20:32 AM	18.60	80.030	28.480	14760.000	29.000	80.002401	16.7605030	163.052904	122.300073	6.14244077	191.951274	35	19.3739612	4.97646930	155.514666
4	9:20:47 AM	18.85	80.710	28.380	14738.000	29.000	80.742563	16.9155669	164.561428	123.431563	6.19926907	193.727159	35	19.3739612	5.02251033	156.953448
4	9:21:02 AM	19.10	80.860	28.360	14724.000	29.000	80.891596	16.9467894	164.865173	123.659391	6.21071159	194.084737	35	19.3739612	5.03178080	157.243150
4	9:21:17 AM	19.35	79.830	28.500	14757.000	29.000	79.855363	16.7296985	162.753225	122.075295	6.13115145	191.598483	35	19.3739612	4.96732294	155.228842
4	9:21:32 AM	19.60	80.130	28.460	14727.000	29.000	80.149769	16.7913766	163.353255	122.525356	6.15375544	192.304858	35	19.3739612	4.98563620	155.801131
4	9:21:47 AM	19.85	79.550	28.540	14712.000	29.000	79.562273	16.6682962	162.155879	121.627248	6.10864854	190.895267	35	19.3739612	4.94909158	154.659112
4	9:22:02 AM	20.10	80.400	28.430	14726.000	29.000	80.371443	16.8378172	163.805048	122.864229	6.17077513	192.836723	35	19.3739612	4.99942517	156.232037
4	9:22:17 AM	20.35	81.180	28.320	14687.000	29.000	81.190672	17.0094458	165.474719	124.116589	6.23367409	194.802315	35	19.3739612	5.05038451	157.824516
4	9:22:32 AM	20.60	80.550	28.410	14722.000	29.000	80.519640	16.8688647	164.107090	123.090780	6.18215350	193.192297	35	19.3739612	5.00864367	156.520115
4	9:22:47 AM	20.85	80.480	28.420	14716.000	29.000	80.445500	16.8533322	163.955984	122.977441	6.17646112	193.014410	35	19.3739612	5.00403183	156.375995
4	9:23:02 AM	21.10	80.030	28.480	14724.000	29.000	80.002401	16.7605030	163.052904	122.300073	6.14244077	191.951274	35	19.3739612	4.97646930	155.514666
4	9:23:17 AM	21.35	80.710	28.380	14730.000	29.000	80.742563	16.9155669	164.561428	123.431563	6.19926907	193.727159	35	19.3739612	5.02251033	156.953448
4	9:23:32 AM	21.60	80.730	28.380	14719.000	29.000	80.742563	16.9155669	164.561428	123.431563	6.19926907	193.727159	35	19.3739612	5.02251033	156.953448
4	9:23:47 AM	21.85	79.850	28.500	14709.000	29.000	79.855363	16.7296985	162.753225	122.075295	6.13115145	191.598483	35	19.3739612	4.96732294	155.228842
4	9:24:02 AM	22.10	80.540	28.410	14716.000	29.000	80.519640	16.8688647	164.107090	123.090780	6.18215350	193.192297	35	19.3739612	5.00864367	156.520115
4	9:24:17 AM	22.35	80.170	28.460	14722.000	29.000	80.149769	16.7913766	163.353255	122.525356	6.15375544	192.304858	35	19.3739612	4.98563620	155.801131
4	9:24:32 AM	22.60	79.980	28.480	14768.000	29.000	80.002401	16.7605030	163.052904	122.300073	6.14244077	191.951274	35	19.3739612	4.97646930	155.514666
4	9:24:47 AM	22.85	80.260	28.440	14751.000	29.000	80.297469	16.8223197	163.654281	122.751145	6.16509553	192.659235	35	19.3739612	4.99482369	156.088240
4	9:25:02 AM	23.10	80.220	28.450	14728.000	29.000	80.223577	16.8068395	163.503684	122.638187	6.15942231	192.481947	35	19.3739612	4.99022736	155.944605
4	9:25:17 AM	23.35	80.050	28.470	14774.000	29.000	80.076044	16.7759312	163.202995	122.412652	6.14809493	192.127967	35	19.3739612	4.98105018	155.657818
4	9:25:32 AM	23.60	80.490	28.410	14753.000	29.000	80.519640	16.8688647	164.107090	123.090780	6.18215350	193.192297	35	19.3739612	5.00864367	156.520115
4	9:25:47 AM	23.85	80.310	28.440	14756.000	29.000	80.297469	16.8223197	163.654281	122.751145	6.16509553	192.659235	35	19.3739612	4.99482369	156.088240
4	9:26:02 AM	24.10	80.260	28.440	14756.000	29.000	80.297469	16.8223197	163.654281	122.751145	6.16509553	192.659235	35	19.3739612	4.99482369	156.088240
4	9:26:17 AM	24.35	79.430	28.560	14800.000	29.000	79.416219	16.6376980	161.858207	121.403975	6.09743481	190.544838	35	19.3739612	4.94000647	154.375202
4	9:26:32 AM	24.60	80.660	28.390	14777.000	29.000	80.668172	16.8999820	164.409812	123.317841	6.19355746	193.548671	35	19.3739612	5.01788291	156.808841
4	9:26:47 AM	24.85	78.850	28.640	14819.000	29.000	78.835259	16.5159867	160.674151	120.515857	6.05282969	189.150928	35	19.3739612	4.90386839	153.245887
4	9:27:02 AM	25.10	79.830	28.500	14795.000	29.000	79.855363	16.7296985	162.753225	122.075295	6.13115145	191.598483	35	19.3739612	4.96732294	155.228842
4	9:27:17 AM	25.35	79.960	28.490	14780.000	29.000	79.928841	16.7450921	162.902981	122.187621	6.13679295	191.774780	35	19.3739612	4.97189356	155.371674
4	9:27:32 AM	25.60	79.220	28.590	14789.000	29.000	79.197751	16.5919288	161.412946	121.070001	6.08066117	190.020661	35	19.3739612	4.92641683	153.950526
4	9:27:47 AM	25.85	79.120	28.600	14825.000	29.000	79.125090	16.5767064	161.264857	120.958924	6.07508244	189.846326	35	19.3739612	4.92189707	153.809283
4	9:28:02 AM	26.10	79.230	28.580	14794.000	29.000	79.270492	16.6071681	161.561201	121.181201	6.08624613	190.195192	35	19.3739612	4.93094165	154.091927
4	9:28:17 AM	26.35	78.850	28.640	14841.000	29.000	78.835259	16.5159867	160.674151	120.515857	6.05282969	189.150928	35	19.3739612	4.90386839	153.245887
4	9:28:32 AM	26.60	79.440	28.560	14820.000	29.000	79.416219	16.6376980	161.858207	121.403975	6.09743481	190.544838	35	19.3739612	4.94000647	154.375202
4	9:28:47 AM	26.85	79.170	28.590	14818.000	29.000	79.197751	16.5919288	161.412946	121.070001	6.08066117	190.020661	35	19.3739612	4.92641683	153.950526
4	9:29:02 AM	27.10	78.920	28.630	14839.000	29.000	78.907595	16.5311412	160.821581	120.626439	6.05838357	189.324486	35	19.3739612	4.90836802	153.386501
4	9:29:17 AM	27.35	78.300	28.710	14839.000	29.000	78.331153	16.4103766	159.646733	119.745228	6.01412536	187.941418	35	19.3739612	4.87251100	152.265969
4	9:29:32 AM	27.60	77.920	28.770	14881.000	29.000	77.902177	16.3205060	158.772437	119.089450	5.98118932	186.912166	35	19.3739612	4.84582695	151.432092
4	9:29:47 AM	27.85	78.510	28.680	14883.000	29.000	78.546717	16.4555372	160.086075	120.074762	6.03067598	188.458625	35	19.3739612	4.88591995	152.684998
4	9:30:02 AM	28.10	78.670	28.660	14864.000	29.000	78.690827	16.4857283	160.379785	120.295064	6.04174049	188.804390	35	19.3739612	4.89488417	152.965130
4	9:30:17 AM	28.35	78.300	28.710	14884.000	29.000	78.331153	16.4103766	159.646733	119.745228	6.01412536	187.941418	35	19.3739612	4.87251100	152.265969
4	9:30:32 AM	28.60	78.960	28.620	14902.000	29.000	78.980013	16.5463127	160.969175	120.737144	6.06394364	189.498239	35	19.3739612	4.91287267	153.527271
4	9:30:47 AM	28.85	78.610	28.670	14897.000	29.000	78.618732	16.4706244	160.232848	120.184852	6.03620516	188.631411	35	19.3739612	4.89039956	152.824986
4	9:31:02 AM	29.10	77.450	28.830	14912.000	29.000	77.476049	16.2312322	157.903945	118.438026	5.94847197	185.889749	35	19.3739612	4.81932008	150.603752
4	9:31:17 AM	29.35	77.770	28.790	14900.000	29.000	77.759819	16.2906820	158.482297	118.871827	5.97025933	186.570604	35	19.3739612	4.83697172	151.155366
4	9:31:32 AM	29.60	77.460	28.830	14904.000	29.000	77.476049	16.2312322	157.903945	118.438026	5.94847197	185.889749	35	19.3739612	4.81932008	150.603752
4	9:31:47 AM	29.85	77.580	28.810	14966.000	29.000	77.617776	16.2609241	158.192800	118.654686	5.95935357	186.229799	35	19.3739612	4.82813611	150.879254
4	9:32:02 AM	30.10	77.530	28.820	14957.000	29.000	77.546873	16.2460699	158.048292	118.546296	5.95390976	186.059680	35	19.3739612	4.82372565	150.741427
4	9:32:17 AM	30.35	77.100	28.880	14950.000	29.000	77.123100	16.1572894	157.184600	117.898471	5.92137319	185.042912	35	19.3739612	4.79736525	149.917664
4	9:32:32 AM	30.60	77.580	28.810	14919.000	29.000	77.617776	16.2609241	158.192800	118.654686	5.95935357	186.229799	35	19.3739612	4.82813611	150.879254
4	9:32:47 AM	30.85	77.870	28.770	14975.000	29.000	77.902177	16.3205060	158.772437	119.089450	5.98118932	186.912166	35	19.3739612	4.84582695	151.432092
4	9:33:02 AM	31.10	76.690	28.940	14926.000	29.000	76.702129	16.0690961	156.326620	117.254932	5.88905185	184.032870	35	19.3739612	4.77117921	149.099350
4	9:33:17 AM	31.35	77.100	28.880	14983.000	29.000	77.123100	16.1572894	157.184600	117.898471	5.92137319	185.042912	35	19.3739612	4.79736525	149.917664
4	9:33:32 AM	31.60	77.470	28.830	14991.000	29.000	77.476049	16.2312322	157.903945	118.438026	5.94847197	185.889749	35	19.3739612	4.81932008	150.603752
4	9:33:47 AM	31.85	77.370	28.840	14977.000	29.000	77.405302	16.2164108	157.759757	118.329876	5.94304020	185.720006	35	19.3739612	4.81491938	150.466231
4	9:34:02 AM	32.10	76.860	28.910	14980.000	29.000	76.912266	16.1131197	156.754899	117.576168	5.90518573	184.537054	35	19.3739612	4.78425053	149.507829
4	9:34:17 AM	32.35	78.360	28.700	14996.000	29.000	78.402928	16.4254134	159.793018	119.854951	6.01963610	188.113628	35	19.3739612	4.87697568	152.405490
4	9:34:32 AM	32.60	77.520	28.820	15003.000	29.000	77.546873	16.2460699	158.048292	118.546296	5.95390976	186.059680	35	19.3739612	4.82372565	150.741427
4	9:34:47 AM	32.85	76.080	29.030	15033.000	29.000	76.075877	15.9378962	155.050255	116.297576	5.84096930	182.530291	35	19.3739612	4.73222380	147.881994
4	9:35:02 AM	33.10	77.130	28.880	15020.000	29.000	77.123100	16.1572894	157.184600	117.898471	5.92137319	185.042912	35	19.3739612	4.79736525	149.917664
4	9:35:17 AM	33.35	77.100	28.880	15001.000	29.000	77.123100	16.1572894	157.184600	117.898471	5.92137319	185.042912	35	19.3739612	4.79736525	149.917664
4	9:35:32 AM	33.60	76.800	28.920	15022.000	29.000	76.842143	16.0984289	156.611982	117.468971	5.89980183	184.368807	35	19.3739612	4.77988861	149.371519
4	9:35:47 AM	33.85	76.450	28.970	15036.000	29.000	76.492688	16.0252181	155.899757	116.934757	5.87297130	183.530353	35	19.3739612	4.75815111	148.692222
